1.100000000000000000e+02 nan
1.105000000000000000e+02 nan
1.110000000000000000e+02 nan
1.115000000000000000e+02 nan
1.120000000000000000e+02 nan
1.125000000000000000e+02 nan
1.130000000000000000e+02 nan
1.135000000000000000e+02 nan
1.140000000000000000e+02 1.168286967927642639e+00
1.145000000000000000e+02 6.232090449966608547e-01
1.150000000000000000e+02 6.068947686695845833e-01
1.155000000000000000e+02 5.923187368478213255e-01
1.160000000000000000e+02 5.873936484634302291e-01
1.165000000000000000e+02 5.818101606139473025e-01
1.170000000000000000e+02 5.806326085290202110e-01
1.175000000000000000e+02 5.720152135626224155e-01
1.180000000000000000e+02 5.730937827932598427e-01
1.185000000000000000e+02 5.712929728042537292e-01
1.190000000000000000e+02 5.682815525926772082e-01
1.195000000000000000e+02 5.627414230535734418e-01
1.200000000000000000e+02 5.596940584302961819e-01
1.205000000000000000e+02 5.506521125423267105e-01
1.210000000000000000e+02 5.476380109352292358e-01
1.215000000000000000e+02 5.393079775698338407e-01
1.220000000000000000e+02 5.313852548630650929e-01
1.225000000000000000e+02 5.191798594378790321e-01
1.230000000000000000e+02 5.112761748249572413e-01
1.235000000000000000e+02 4.987905968583669636e-01
1.240000000000000000e+02 4.875811838064092463e-01
1.245000000000000000e+02 4.752954872348438831e-01
1.250000000000000000e+02 4.629472528270302534e-01
1.255000000000000000e+02 4.504986965676737731e-01
1.260000000000000000e+02 4.373514523598467929e-01
1.265000000000000000e+02 4.258224165918448878e-01
1.270000000000000000e+02 4.150100942581136931e-01
1.275000000000000000e+02 4.039578354885430822e-01
1.280000000000000000e+02 3.956574379559899546e-01
1.285000000000000000e+02 3.872992843161965348e-01
1.290000000000000000e+02 3.800385689016442803e-01
1.295000000000000000e+02 3.729060954382008020e-01
1.300000000000000000e+02 3.684417249075737644e-01
1.305000000000000000e+02 3.650946430993567970e-01
1.310000000000000000e+02 3.630020178549899224e-01
1.315000000000000000e+02 3.619563940297879645e-01
1.320000000000000000e+02 3.621927987198896304e-01
1.325000000000000000e+02 3.645762729623829301e-01
1.330000000000000000e+02 3.679994265995283342e-01
1.335000000000000000e+02 3.734199049776444346e-01
1.340000000000000000e+02 3.807347544291225239e-01
1.345000000000000000e+02 3.895220073683997586e-01
1.350000000000000000e+02 4.004250155122160981e-01
1.355000000000000000e+02 4.120606024808483037e-01
1.360000000000000000e+02 4.258158824001870846e-01
1.365000000000000000e+02 4.409723396604777190e-01
1.370000000000000000e+02 4.578158555772101623e-01
1.375000000000000000e+02 4.762981044011360687e-01
1.380000000000000000e+02 4.956481507556195765e-01
1.385000000000000000e+02 5.160106652593514642e-01
1.390000000000000000e+02 5.352659577713765326e-01
1.395000000000000000e+02 5.533852320745084041e-01
1.400000000000000000e+02 5.697728245797938351e-01
1.405000000000000000e+02 5.838139117338194684e-01
1.410000000000000000e+02 5.945896123094515096e-01
1.415000000000000000e+02 6.027307612354722011e-01
1.420000000000000000e+02 6.092292758061793601e-01
1.425000000000000000e+02 6.143588290779743444e-01
1.430000000000000000e+02 6.172019764420763055e-01
1.435000000000000000e+02 6.187766690835434513e-01
1.440000000000000000e+02 6.177479578436025909e-01
1.445000000000000000e+02 6.142850291869609292e-01
1.450000000000000000e+02 6.084564709789640480e-01
1.455000000000000000e+02 6.001678176901381612e-01
1.460000000000000000e+02 5.900440541692371088e-01
1.465000000000000000e+02 5.770222756872346315e-01
1.470000000000000000e+02 5.609813593405951204e-01
1.475000000000000000e+02 5.435321713392962106e-01
1.480000000000000000e+02 5.239491756124673438e-01
1.485000000000000000e+02 5.053185973928471242e-01
1.490000000000000000e+02 4.882547102951962925e-01
1.495000000000000000e+02 4.709503541189181686e-01
1.500000000000000000e+02 4.532354677529966680e-01
1.505000000000000000e+02 4.368348610488543837e-01
1.510000000000000000e+02 4.197231845260023242e-01
1.515000000000000000e+02 4.034875824181062276e-01
1.520000000000000000e+02 3.869691815767941634e-01
1.525000000000000000e+02 3.726601017721311582e-01
1.530000000000000000e+02 3.598995745957410120e-01
1.535000000000000000e+02 3.473956292371770394e-01
1.540000000000000000e+02 3.349685669671355059e-01
1.545000000000000000e+02 3.212763320869290729e-01
1.550000000000000000e+02 3.071100376157128720e-01
1.555000000000000000e+02 2.926679800770543571e-01
1.560000000000000000e+02 2.771823180606866055e-01
1.565000000000000000e+02 2.614615433517986642e-01
1.570000000000000000e+02 2.454395433968926954e-01
1.575000000000000000e+02 2.295171633261973432e-01
1.580000000000000000e+02 2.132067003599475430e-01
1.585000000000000000e+02 1.966994153806422840e-01
1.590000000000000000e+02 1.792424858206704830e-01
1.595000000000000000e+02 1.625589226822433397e-01
1.600000000000000000e+02 1.456600185959205374e-01
1.605000000000000000e+02 1.299308186920304087e-01
1.610000000000000000e+02 1.147989707933548126e-01
1.615000000000000000e+02 1.012864830608325578e-01
1.620000000000000000e+02 8.965871724982610314e-02
1.625000000000000000e+02 7.935856613225145129e-02
1.630000000000000000e+02 7.106485649508791080e-02
1.635000000000000000e+02 6.373983813670623666e-02
1.640000000000000000e+02 5.795485512263368055e-02
1.645000000000000000e+02 5.311399102005363165e-02
1.650000000000000000e+02 4.866194564912821457e-02
1.655000000000000000e+02 4.572001756090495611e-02
1.660000000000000000e+02 4.288082623353753342e-02
1.665000000000000000e+02 4.045314695906725849e-02
1.670000000000000000e+02 3.837284590636343834e-02
1.675000000000000000e+02 3.658502938728634690e-02
1.680000000000000000e+02 3.471939848720346361e-02
1.685000000000000000e+02 3.331611673608650404e-02
1.690000000000000000e+02 3.242107385296991162e-02
1.695000000000000000e+02 3.134100203396329720e-02
1.700000000000000000e+02 3.052327260371440545e-02
1.705000000000000000e+02 2.977173336883667462e-02
1.710000000000000000e+02 2.895224834415848630e-02
1.715000000000000000e+02 2.769824905219612360e-02
1.720000000000000000e+02 2.724880915961936517e-02
1.725000000000000000e+02 2.665161616556581056e-02
1.730000000000000000e+02 2.491640354369878407e-02
1.735000000000000000e+02 2.449387151549975092e-02
1.740000000000000000e+02 2.350052979435382494e-02
1.745000000000000000e+02 2.282250451963510965e-02
1.750000000000000000e+02 2.207714669445792754e-02
1.755000000000000000e+02 2.180828284083134380e-02
1.760000000000000000e+02 2.162176685914415225e-02
1.765000000000000000e+02 2.095409164241830366e-02
1.770000000000000000e+02 2.080666206871821175e-02
1.775000000000000000e+02 2.076700058715087727e-02
1.780000000000000000e+02 2.006530533301058641e-02
1.785000000000000000e+02 2.000087005151005709e-02
1.790000000000000000e+02 1.984714957534767024e-02
1.795000000000000000e+02 1.952637369198761269e-02
1.800000000000000000e+02 1.927357093481341099e-02
1.805000000000000000e+02 1.937174672366816577e-02
1.810000000000000000e+02 1.911941855979374522e-02
1.815000000000000000e+02 1.928071361720531604e-02
1.820000000000000000e+02 1.836827037159641934e-02
1.825000000000000000e+02 1.831335604690995447e-02
1.830000000000000000e+02 1.843280749369656177e-02
1.835000000000000000e+02 1.882387903734789036e-02
1.840000000000000000e+02 1.912862582341212300e-02
1.845000000000000000e+02 1.944307976947104097e-02
1.850000000000000000e+02 1.914060673876718383e-02
1.855000000000000000e+02 1.908315763242704119e-02
1.860000000000000000e+02 1.939497958372129668e-02
1.865000000000000000e+02 1.927412107288991802e-02
1.870000000000000000e+02 1.976644101964033715e-02
1.875000000000000000e+02 1.956145925229008792e-02
1.880000000000000000e+02 1.935362269705847085e-02
1.885000000000000000e+02 1.907511812444053628e-02
1.890000000000000000e+02 1.924494132930901560e-02
1.895000000000000000e+02 1.938833058234320020e-02
1.900000000000000000e+02 1.941332387687181096e-02
1.905000000000000000e+02 1.901237781776266011e-02
1.910000000000000000e+02 1.884246793321459057e-02
1.915000000000000000e+02 1.833058622061623996e-02
1.920000000000000000e+02 1.785823996021985993e-02
1.925000000000000000e+02 1.782937986124602525e-02
1.930000000000000000e+02 1.770719523659636599e-02
1.935000000000000000e+02 1.695476344182898776e-02
1.940000000000000000e+02 1.676333674335406254e-02
1.945000000000000000e+02 1.646354742816394379e-02
1.950000000000000000e+02 1.566636967271198971e-02
1.955000000000000000e+02 1.489587813905738321e-02
1.960000000000000000e+02 1.423130457237234241e-02
1.965000000000000000e+02 1.323799233791741158e-02
1.970000000000000000e+02 1.254931812000785636e-02
1.975000000000000000e+02 1.166904084152578513e-02
1.980000000000000000e+02 1.114772689723018788e-02
1.985000000000000000e+02 1.016037281840760122e-02
1.990000000000000000e+02 9.682462209311740869e-03
1.995000000000000000e+02 9.011112269508998393e-03
2.000000000000000000e+02 8.491988558511909257e-03
2.005000000000000000e+02 7.814452415404654628e-03
2.010000000000000000e+02 7.354433594421302609e-03
2.015000000000000000e+02 7.044473408374556274e-03
2.020000000000000000e+02 6.503802814799074065e-03
2.025000000000000000e+02 5.844363591018870985e-03
2.030000000000000000e+02 5.537795530695101449e-03
2.035000000000000000e+02 5.503793588315300002e-03
2.040000000000000000e+02 5.376940345189621002e-03
2.045000000000000000e+02 4.719758660102156209e-03
2.050000000000000000e+02 5.029757894392179393e-03
2.055000000000000000e+02 4.941870391151099474e-03
2.060000000000000000e+02 4.446908118549521179e-03
2.065000000000000000e+02 4.322223697309077704e-03
2.070000000000000000e+02 4.342796111489768268e-03
2.075000000000000000e+02 3.850094719860494650e-03
2.080000000000000000e+02 3.885557272204122076e-03
2.085000000000000000e+02 3.736677121167963130e-03
2.090000000000000000e+02 3.184916705525676385e-03
2.095000000000000000e+02 3.001495767927344835e-03
2.100000000000000000e+02 3.031842017167811314e-03
2.105000000000000000e+02 2.394020897600674085e-03
2.110000000000000000e+02 2.506803534450824898e-03
2.115000000000000000e+02 2.329578055496679852e-03
2.120000000000000000e+02 2.067821569988978828e-03
2.125000000000000000e+02 2.111387070050946106e-03
2.130000000000000000e+02 1.881644702660373054e-03
2.135000000000000000e+02 1.909810902918432579e-03
2.140000000000000000e+02 1.315940241247453256e-03
2.145000000000000000e+02 2.204500923974565558e-03
2.150000000000000000e+02 2.158230395630184994e-03
2.155000000000000000e+02 2.073219964940535738e-03
2.160000000000000000e+02 1.668819946640988676e-03
2.165000000000000000e+02 1.809280972941483155e-03
2.170000000000000000e+02 1.922836817249333127e-03
2.175000000000000000e+02 1.391875886219151332e-03
2.180000000000000000e+02 1.528126982032344643e-03
2.185000000000000000e+02 1.534485950161330187e-03
2.190000000000000000e+02 1.389313431418190111e-03
2.195000000000000000e+02 1.267385228711902494e-03
2.200000000000000000e+02 1.021402870179308631e-03
