1.100000000000000000e+02 -7.055414267925403521e-03
1.105000000000000000e+02 -1.877720036716628571e-01
1.110000000000000000e+02 -7.038355475636107368e-03
1.115000000000000000e+02 -1.135183242910596663e-01
1.120000000000000000e+02 -6.268693440450180676e-02
1.125000000000000000e+02 9.517218156958666408e-02
1.130000000000000000e+02 -2.888338702176379211e-02
1.135000000000000000e+02 -8.774127334639926501e-02
1.140000000000000000e+02 nan
1.145000000000000000e+02 6.310397596097017114e-01
1.150000000000000000e+02 5.884472760612872166e-01
1.155000000000000000e+02 5.677930236421196986e-01
1.160000000000000000e+02 5.671450176609753591e-01
1.165000000000000000e+02 5.571508677127344766e-01
1.170000000000000000e+02 5.632597300466732904e-01
1.175000000000000000e+02 5.519357731836094239e-01
1.180000000000000000e+02 5.487292421073557414e-01
1.185000000000000000e+02 5.464734374104102121e-01
1.190000000000000000e+02 5.430324303933754537e-01
1.195000000000000000e+02 5.409694867046505040e-01
1.200000000000000000e+02 5.375211240054013073e-01
1.205000000000000000e+02 5.296371655997458294e-01
1.210000000000000000e+02 5.257348468711519063e-01
1.215000000000000000e+02 5.162318463899894239e-01
1.220000000000000000e+02 5.070535028914018305e-01
1.225000000000000000e+02 4.970025966178913679e-01
1.230000000000000000e+02 4.886028951691713251e-01
1.235000000000000000e+02 4.774795921648174457e-01
1.240000000000000000e+02 4.662641344481368577e-01
1.245000000000000000e+02 4.547725666724165006e-01
1.250000000000000000e+02 4.416734355296463854e-01
1.255000000000000000e+02 4.295107367460992420e-01
1.260000000000000000e+02 4.182832106500913860e-01
1.265000000000000000e+02 4.064679696043289048e-01
1.270000000000000000e+02 3.959226799817830988e-01
1.275000000000000000e+02 3.862871724896131398e-01
1.280000000000000000e+02 3.768694180251737635e-01
1.285000000000000000e+02 3.691027044578936711e-01
1.290000000000000000e+02 3.626258880644325777e-01
1.295000000000000000e+02 3.564279188393555953e-01
1.300000000000000000e+02 3.523716582638665717e-01
1.305000000000000000e+02 3.490370742509103508e-01
1.310000000000000000e+02 3.472921333042617853e-01
1.315000000000000000e+02 3.461433422467815602e-01
1.320000000000000000e+02 3.464329746823194278e-01
1.325000000000000000e+02 3.491147487107886804e-01
1.330000000000000000e+02 3.528527088903246622e-01
1.335000000000000000e+02 3.578349463927643082e-01
1.340000000000000000e+02 3.653308582362883583e-01
1.345000000000000000e+02 3.743370043160344496e-01
1.350000000000000000e+02 3.850886768658024484e-01
1.355000000000000000e+02 3.967662295235752090e-01
1.360000000000000000e+02 4.099323490354110922e-01
1.365000000000000000e+02 4.250459680824931197e-01
1.370000000000000000e+02 4.421647098821433475e-01
1.375000000000000000e+02 4.600929760577424643e-01
1.380000000000000000e+02 4.793441805697914448e-01
1.385000000000000000e+02 4.988727011400344025e-01
1.390000000000000000e+02 5.180383311860656814e-01
1.395000000000000000e+02 5.361110770815453730e-01
1.400000000000000000e+02 5.518275854490509724e-01
1.405000000000000000e+02 5.656810632948934270e-01
1.410000000000000000e+02 5.760511755811766887e-01
1.415000000000000000e+02 5.836124264348729884e-01
1.420000000000000000e+02 5.904377045995655715e-01
1.425000000000000000e+02 5.952291627783615757e-01
1.430000000000000000e+02 5.979880702573121543e-01
1.435000000000000000e+02 5.989458680222402576e-01
1.440000000000000000e+02 5.975915241288909385e-01
1.445000000000000000e+02 5.939990853480209276e-01
1.450000000000000000e+02 5.878611773614439429e-01
1.455000000000000000e+02 5.790941584601125847e-01
1.460000000000000000e+02 5.687808237860595417e-01
1.465000000000000000e+02 5.554841069396966313e-01
1.470000000000000000e+02 5.396324984981235584e-01
1.475000000000000000e+02 5.220728902986263575e-01
1.480000000000000000e+02 5.028393863407872866e-01
1.485000000000000000e+02 4.843398445957342036e-01
1.490000000000000000e+02 4.668371749854566266e-01
1.495000000000000000e+02 4.500671153659170920e-01
1.500000000000000000e+02 4.327788164145808802e-01
1.505000000000000000e+02 4.166373885866031523e-01
1.510000000000000000e+02 3.998210834582809903e-01
1.515000000000000000e+02 3.837870802328518516e-01
1.520000000000000000e+02 3.680695903577787531e-01
1.525000000000000000e+02 3.540914494735362128e-01
1.530000000000000000e+02 3.414078264225354764e-01
1.535000000000000000e+02 3.291576887528678275e-01
1.540000000000000000e+02 3.167430346602460589e-01
1.545000000000000000e+02 3.036343253853411861e-01
1.550000000000000000e+02 2.897732573291119662e-01
1.555000000000000000e+02 2.755676875003185144e-01
1.560000000000000000e+02 2.602790522942904916e-01
1.565000000000000000e+02 2.448506605122880431e-01
1.570000000000000000e+02 2.295368525875091659e-01
1.575000000000000000e+02 2.138781199146695122e-01
1.580000000000000000e+02 1.979162447193094920e-01
1.585000000000000000e+02 1.816576575653877368e-01
1.590000000000000000e+02 1.649515593823814297e-01
1.595000000000000000e+02 1.483555170838672110e-01
1.600000000000000000e+02 1.323354994477095870e-01
1.605000000000000000e+02 1.172603914463372782e-01
1.610000000000000000e+02 1.026335894141604532e-01
1.615000000000000000e+02 9.061740334966264521e-02
1.620000000000000000e+02 7.906363455366277604e-02
1.625000000000000000e+02 6.948142322002151539e-02
1.630000000000000000e+02 6.162326387875396994e-02
1.635000000000000000e+02 5.463107447187375010e-02
1.640000000000000000e+02 4.899939149483221318e-02
1.645000000000000000e+02 4.435922503428089275e-02
1.650000000000000000e+02 4.022320521177134844e-02
1.655000000000000000e+02 3.714594421882404240e-02
1.660000000000000000e+02 3.447062745534646561e-02
1.665000000000000000e+02 3.243284962606132055e-02
1.670000000000000000e+02 2.989536364592019352e-02
1.675000000000000000e+02 2.817887532624114080e-02
1.680000000000000000e+02 2.662335473196069877e-02
1.685000000000000000e+02 2.547537456374127790e-02
1.690000000000000000e+02 2.449771759840773180e-02
1.695000000000000000e+02 2.361360116668986125e-02
1.700000000000000000e+02 2.260315989828467001e-02
1.705000000000000000e+02 2.180431707521093138e-02
1.710000000000000000e+02 2.143800213734737767e-02
1.715000000000000000e+02 2.025153808021801227e-02
1.720000000000000000e+02 1.981903911204371121e-02
1.725000000000000000e+02 1.913517197396115421e-02
1.730000000000000000e+02 1.811138877985711201e-02
1.735000000000000000e+02 1.738977236602264054e-02
1.740000000000000000e+02 1.666107203141952917e-02
1.745000000000000000e+02 1.573198670609428362e-02
1.750000000000000000e+02 1.543986401048693877e-02
1.755000000000000000e+02 1.514287287435256771e-02
1.760000000000000000e+02 1.482773927333537294e-02
1.765000000000000000e+02 1.430175198959065391e-02
1.770000000000000000e+02 1.404751472599446126e-02
1.775000000000000000e+02 1.403680641893836206e-02
1.780000000000000000e+02 1.359804094356926486e-02
1.785000000000000000e+02 1.351049556232231108e-02
1.790000000000000000e+02 1.305306710244633593e-02
1.795000000000000000e+02 1.290515371112080367e-02
1.800000000000000000e+02 1.272067720877948817e-02
1.805000000000000000e+02 1.291592057040968043e-02
1.810000000000000000e+02 1.266884307229007751e-02
1.815000000000000000e+02 1.266048332234630432e-02
1.820000000000000000e+02 1.209610891689908221e-02
1.825000000000000000e+02 1.177005859527238511e-02
1.830000000000000000e+02 1.172286235381455113e-02
1.835000000000000000e+02 1.249914713999825643e-02
1.840000000000000000e+02 1.288246435757994281e-02
1.845000000000000000e+02 1.295702063150053554e-02
1.850000000000000000e+02 1.258912762237601214e-02
1.855000000000000000e+02 1.269513158114627879e-02
1.860000000000000000e+02 1.257497654168740660e-02
1.865000000000000000e+02 1.278955085737567068e-02
1.870000000000000000e+02 1.269474653498054578e-02
1.875000000000000000e+02 1.262065494359576774e-02
1.880000000000000000e+02 1.219884019446413649e-02
1.885000000000000000e+02 1.212301580497555931e-02
1.890000000000000000e+02 1.214936240632549271e-02
1.895000000000000000e+02 1.231238169454773428e-02
1.900000000000000000e+02 1.234053005835260459e-02
1.905000000000000000e+02 1.179392868762465726e-02
1.910000000000000000e+02 1.175600683917523738e-02
1.915000000000000000e+02 1.162240300237349193e-02
1.920000000000000000e+02 1.115455870774250020e-02
1.925000000000000000e+02 1.114766772291106781e-02
1.930000000000000000e+02 1.080420037902845784e-02
1.935000000000000000e+02 1.015535531868450199e-02
1.940000000000000000e+02 1.018181154524771918e-02
1.945000000000000000e+02 9.751104510599257341e-03
1.950000000000000000e+02 9.132471118497405976e-03
1.955000000000000000e+02 8.442800469768587182e-03
1.960000000000000000e+02 8.053624156078048602e-03
1.965000000000000000e+02 7.292464679017712954e-03
1.970000000000000000e+02 6.417637192586536470e-03
1.975000000000000000e+02 6.007140120493862506e-03
1.980000000000000000e+02 5.130325486310869862e-03
1.985000000000000000e+02 4.812680993462437919e-03
1.990000000000000000e+02 4.111584687809844395e-03
1.995000000000000000e+02 3.749786977954513555e-03
2.000000000000000000e+02 3.263302366780198270e-03
2.005000000000000000e+02 2.412327369007091077e-03
2.010000000000000000e+02 2.574963795765018541e-03
2.015000000000000000e+02 2.152185355172575414e-03
2.020000000000000000e+02 1.326191829871058809e-03
2.025000000000000000e+02 7.690746056873230124e-04
2.030000000000000000e+02 6.794416716759131602e-04
2.035000000000000000e+02 6.018668634400359957e-04
2.040000000000000000e+02 5.978355829115723210e-04
2.045000000000000000e+02 3.221426259169703058e-05
2.050000000000000000e+02 1.176484690113788970e-04
2.055000000000000000e+02 -1.507496741586999642e-04
2.060000000000000000e+02 -2.608459051204129191e-04
2.065000000000000000e+02 -4.269481112894543424e-04
2.070000000000000000e+02 -4.375210839125360054e-04
2.075000000000000000e+02 -7.096004143468778898e-04
2.080000000000000000e+02 -9.804604563281721363e-04
2.085000000000000000e+02 -9.726873353092384570e-04
2.090000000000000000e+02 -9.890934980352193186e-04
2.095000000000000000e+02 -1.079921007697488226e-03
2.100000000000000000e+02 -1.374451840215497279e-03
2.105000000000000000e+02 -1.448508324632883770e-03
2.110000000000000000e+02 -1.638269352158464205e-03
2.115000000000000000e+02 -1.684939537773131680e-03
2.120000000000000000e+02 -1.731611490594692996e-03
2.125000000000000000e+02 -1.787697086403939543e-03
2.130000000000000000e+02 -2.286547172097593006e-03
2.135000000000000000e+02 -1.923157494558279520e-03
2.140000000000000000e+02 -2.203844973087154199e-03
2.145000000000000000e+02 -1.732847466534950028e-03
2.150000000000000000e+02 -2.047481011953883930e-03
2.155000000000000000e+02 -1.675158129993348927e-03
2.160000000000000000e+02 -2.031692984922807681e-03
2.165000000000000000e+02 -2.102882947734437732e-03
2.170000000000000000e+02 -1.899038984236936772e-03
2.175000000000000000e+02 -2.340378584707129665e-03
2.180000000000000000e+02 -2.376695451364086147e-03
2.185000000000000000e+02 -2.241718005828837595e-03
2.190000000000000000e+02 -2.676357755196685003e-03
2.195000000000000000e+02 -2.809115943322529080e-03
2.200000000000000000e+02 -2.608373570221873394e-03
