1.100000000000000000e+02 1.464625333900064219e-01
1.105000000000000000e+02 -2.003356544825536656e-02
1.110000000000000000e+02 -8.530760578941951749e-03
1.115000000000000000e+02 -1.105594401795276654e-01
1.120000000000000000e+02 -2.784281336977740412e-04
1.125000000000000000e+02 3.234300380383079571e-02
1.130000000000000000e+02 -1.015966906617316867e-01
1.135000000000000000e+02 -1.482782876074318079e-01
1.140000000000000000e+02 nan
1.145000000000000000e+02 6.316301421008020389e-01
1.150000000000000000e+02 5.852235412975375084e-01
1.155000000000000000e+02 5.823226946055514164e-01
1.160000000000000000e+02 5.748578536458229804e-01
1.165000000000000000e+02 5.657469857541308489e-01
1.170000000000000000e+02 5.619515716541385597e-01
1.175000000000000000e+02 5.625928619007262155e-01
1.180000000000000000e+02 5.604681357793199759e-01
1.185000000000000000e+02 5.544501631045958279e-01
1.190000000000000000e+02 5.533067969765368410e-01
1.195000000000000000e+02 5.487207889297388563e-01
1.200000000000000000e+02 5.437684031737183288e-01
1.205000000000000000e+02 5.367825398467194198e-01
1.210000000000000000e+02 5.333398595699346822e-01
1.215000000000000000e+02 5.262695046411187683e-01
1.220000000000000000e+02 5.172660700481487295e-01
1.225000000000000000e+02 5.060713421601102935e-01
1.230000000000000000e+02 4.967398369172374983e-01
1.235000000000000000e+02 4.861634073377224530e-01
1.240000000000000000e+02 4.743129356973929123e-01
1.245000000000000000e+02 4.628024764151007497e-01
1.250000000000000000e+02 4.503004702341642518e-01
1.255000000000000000e+02 4.381440349461998007e-01
1.260000000000000000e+02 4.255171106198816777e-01
1.265000000000000000e+02 4.144757130221058405e-01
1.270000000000000000e+02 4.031430851994085574e-01
1.275000000000000000e+02 3.930846996226595724e-01
1.280000000000000000e+02 3.841611323228886765e-01
1.285000000000000000e+02 3.756691850548446454e-01
1.290000000000000000e+02 3.689164733070310898e-01
1.295000000000000000e+02 3.628315693828707000e-01
1.300000000000000000e+02 3.584822787466945826e-01
1.305000000000000000e+02 3.554985300894181188e-01
1.310000000000000000e+02 3.532815298199953880e-01
1.315000000000000000e+02 3.518628850114341455e-01
1.320000000000000000e+02 3.525369184568678538e-01
1.325000000000000000e+02 3.546220396837406197e-01
1.330000000000000000e+02 3.582636801743268595e-01
1.335000000000000000e+02 3.638392256378471523e-01
1.340000000000000000e+02 3.707650613191595945e-01
1.345000000000000000e+02 3.797230675442514469e-01
1.350000000000000000e+02 3.904705464135185267e-01
1.355000000000000000e+02 4.020659840671500507e-01
1.360000000000000000e+02 4.155068808676785630e-01
1.365000000000000000e+02 4.300068748619683690e-01
1.370000000000000000e+02 4.473748123920878728e-01
1.375000000000000000e+02 4.659932237268081257e-01
1.380000000000000000e+02 4.847356544817386648e-01
1.385000000000000000e+02 5.045700134018732408e-01
1.390000000000000000e+02 5.238565964965622435e-01
1.395000000000000000e+02 5.416783997090556246e-01
1.400000000000000000e+02 5.577229465147679477e-01
1.405000000000000000e+02 5.712849401620291312e-01
1.410000000000000000e+02 5.817666818542610585e-01
1.415000000000000000e+02 5.903918077566856493e-01
1.420000000000000000e+02 5.966453800826720943e-01
1.425000000000000000e+02 6.017327965597657480e-01
1.430000000000000000e+02 6.043584414377666247e-01
1.435000000000000000e+02 6.055704478727238493e-01
1.440000000000000000e+02 6.047293578106602840e-01
1.445000000000000000e+02 6.007566945037817741e-01
1.450000000000000000e+02 5.944132906860787324e-01
1.455000000000000000e+02 5.864764940333153653e-01
1.460000000000000000e+02 5.759873634539023346e-01
1.465000000000000000e+02 5.629113422277216561e-01
1.470000000000000000e+02 5.472205792463542551e-01
1.475000000000000000e+02 5.293839603558496698e-01
1.480000000000000000e+02 5.103083218379131925e-01
1.485000000000000000e+02 4.915079112439841857e-01
1.490000000000000000e+02 4.747205937720160307e-01
1.495000000000000000e+02 4.576740996940246164e-01
1.500000000000000000e+02 4.404480643324236167e-01
1.505000000000000000e+02 4.239958083330824801e-01
1.510000000000000000e+02 4.071722734778723263e-01
1.515000000000000000e+02 3.908672233513370564e-01
1.520000000000000000e+02 3.750784880647068387e-01
1.525000000000000000e+02 3.607920400781406967e-01
1.530000000000000000e+02 3.479063614674036131e-01
1.535000000000000000e+02 3.357242246969776578e-01
1.540000000000000000e+02 3.232374652266060133e-01
1.545000000000000000e+02 3.100341831296909989e-01
1.550000000000000000e+02 2.962483630662187672e-01
1.555000000000000000e+02 2.816807600973508241e-01
1.560000000000000000e+02 2.664009770069353800e-01
1.565000000000000000e+02 2.508154583649676028e-01
1.570000000000000000e+02 2.350105807639633893e-01
1.575000000000000000e+02 2.193602551443951387e-01
1.580000000000000000e+02 2.032585028501417146e-01
1.585000000000000000e+02 1.866464830269072839e-01
1.590000000000000000e+02 1.700074550319058131e-01
1.595000000000000000e+02 1.532336309704984689e-01
1.600000000000000000e+02 1.366444625238272814e-01
1.605000000000000000e+02 1.215727278783071547e-01
1.610000000000000000e+02 1.063782467871813436e-01
1.615000000000000000e+02 9.339531798594224998e-02
1.620000000000000000e+02 8.194164876802312314e-02
1.625000000000000000e+02 7.214819906493777357e-02
1.630000000000000000e+02 6.385840669909639833e-02
1.635000000000000000e+02 5.691190422402028076e-02
1.640000000000000000e+02 5.122916948097450129e-02
1.645000000000000000e+02 4.652191198319091670e-02
1.650000000000000000e+02 4.259607757875726736e-02
1.655000000000000000e+02 3.934373767780079134e-02
1.660000000000000000e+02 3.649514905711979951e-02
1.665000000000000000e+02 3.414024568887880778e-02
1.670000000000000000e+02 3.221670313241640354e-02
1.675000000000000000e+02 3.039098600410810799e-02
1.680000000000000000e+02 2.865059961016372045e-02
1.685000000000000000e+02 2.768914210280348440e-02
1.690000000000000000e+02 2.637166652992644494e-02
1.695000000000000000e+02 2.514218024240341687e-02
1.700000000000000000e+02 2.432273413565117989e-02
1.705000000000000000e+02 2.386484900825643768e-02
1.710000000000000000e+02 2.323910211199000861e-02
1.715000000000000000e+02 2.205714182618415814e-02
1.720000000000000000e+02 2.185142810410274639e-02
1.725000000000000000e+02 2.079810903283799139e-02
1.730000000000000000e+02 1.970780307360187403e-02
1.735000000000000000e+02 1.963229644667656773e-02
1.740000000000000000e+02 1.848734844951974501e-02
1.745000000000000000e+02 1.780856715690311287e-02
1.750000000000000000e+02 1.704517740709223309e-02
1.755000000000000000e+02 1.648395268282604187e-02
1.760000000000000000e+02 1.613031311372302087e-02
1.765000000000000000e+02 1.583603267648363289e-02
1.770000000000000000e+02 1.522231608195128393e-02
1.775000000000000000e+02 1.513064194949686157e-02
1.780000000000000000e+02 1.493603768373082639e-02
1.785000000000000000e+02 1.461471055349643396e-02
1.790000000000000000e+02 1.484072375037433569e-02
1.795000000000000000e+02 1.431075569708583142e-02
1.800000000000000000e+02 1.434033222788629568e-02
1.805000000000000000e+02 1.387812995771619054e-02
1.810000000000000000e+02 1.392296254348069327e-02
1.815000000000000000e+02 1.411833347265604825e-02
1.820000000000000000e+02 1.359008448929716409e-02
1.825000000000000000e+02 1.322696463089656146e-02
1.830000000000000000e+02 1.307571338314710528e-02
1.835000000000000000e+02 1.360889257461607958e-02
1.840000000000000000e+02 1.376798384454496274e-02
1.845000000000000000e+02 1.382580398907550488e-02
1.850000000000000000e+02 1.380872485540260951e-02
1.855000000000000000e+02 1.377316286099154394e-02
1.860000000000000000e+02 1.384394532464585867e-02
1.865000000000000000e+02 1.358850205785263471e-02
1.870000000000000000e+02 1.390715510676193353e-02
1.875000000000000000e+02 1.379254468047210087e-02
1.880000000000000000e+02 1.364485731289317126e-02
1.885000000000000000e+02 1.342966523490226119e-02
1.890000000000000000e+02 1.359443747537590098e-02
1.895000000000000000e+02 1.356296521704138634e-02
1.900000000000000000e+02 1.360371088703474403e-02
1.905000000000000000e+02 1.306338414161980349e-02
1.910000000000000000e+02 1.270143110091741592e-02
1.915000000000000000e+02 1.266038587203975260e-02
1.920000000000000000e+02 1.234643855022569264e-02
1.925000000000000000e+02 1.217617680605847727e-02
1.930000000000000000e+02 1.179777013631277439e-02
1.935000000000000000e+02 1.141651164786159148e-02
1.940000000000000000e+02 1.080288765868437674e-02
1.945000000000000000e+02 1.075458920738572334e-02
1.950000000000000000e+02 1.007143546490977225e-02
1.955000000000000000e+02 9.595023981724831036e-03
1.960000000000000000e+02 8.895126319892806416e-03
1.965000000000000000e+02 7.970580809560385421e-03
1.970000000000000000e+02 7.569407035919193186e-03
1.975000000000000000e+02 6.740596851408556245e-03
1.980000000000000000e+02 5.961440918057830420e-03
1.985000000000000000e+02 5.502987166171427295e-03
1.990000000000000000e+02 4.791957154661709122e-03
1.995000000000000000e+02 4.526051563904251972e-03
2.000000000000000000e+02 4.183360078271809723e-03
2.005000000000000000e+02 3.127682980167791234e-03
2.010000000000000000e+02 2.995864277088684455e-03
2.015000000000000000e+02 2.503748586993710668e-03
2.020000000000000000e+02 2.122591598854646055e-03
2.025000000000000000e+02 1.798249923281457609e-03
2.030000000000000000e+02 1.709013707105671220e-03
2.035000000000000000e+02 1.758951124105481234e-03
2.040000000000000000e+02 2.466509379864944163e-03
2.045000000000000000e+02 2.402120490338948474e-03
2.050000000000000000e+02 2.275756640370250189e-03
2.055000000000000000e+02 1.632718511677134056e-03
2.060000000000000000e+02 1.717669485047173443e-03
2.065000000000000000e+02 1.490949174109266378e-03
2.070000000000000000e+02 8.132360880027154166e-04
2.075000000000000000e+02 5.530993395657831909e-04
2.080000000000000000e+02 2.192319737209776976e-04
2.085000000000000000e+02 1.687629887134378984e-04
2.090000000000000000e+02 3.344202604379206733e-04
2.095000000000000000e+02 4.314839554875619845e-05
2.100000000000000000e+02 2.320354555251499595e-05
2.105000000000000000e+02 -4.019664554495752640e-04
2.110000000000000000e+02 -5.377720682242866264e-04
2.115000000000000000e+02 -3.135445261977122121e-04
2.120000000000000000e+02 -5.558063443696174008e-04
2.125000000000000000e+02 -4.995203606327297758e-04
2.130000000000000000e+02 -8.412051565208538209e-04
2.135000000000000000e+02 -7.371065910307754952e-04
2.140000000000000000e+02 -1.414168838347702826e-03
2.145000000000000000e+02 -7.388685619829990373e-04
2.150000000000000000e+02 -8.054117413156214279e-04
2.155000000000000000e+02 -6.334927204837187322e-04
2.160000000000000000e+02 -8.805670697145941920e-04
2.165000000000000000e+02 -8.012429553345645728e-04
2.170000000000000000e+02 -7.376778332642924775e-04
2.175000000000000000e+02 -9.121303921467288633e-04
2.180000000000000000e+02 -1.303460393376190121e-03
2.185000000000000000e+02 -1.213162568850604693e-03
2.190000000000000000e+02 -1.450391070075881389e-03
2.195000000000000000e+02 -1.672079610195151495e-03
2.200000000000000000e+02 -1.486234774298507161e-03
