1.100000000000000000e+02 nan
1.105000000000000000e+02 nan
1.110000000000000000e+02 nan
1.115000000000000000e+02 nan
1.120000000000000000e+02 nan
1.125000000000000000e+02 nan
1.130000000000000000e+02 nan
1.135000000000000000e+02 nan
1.140000000000000000e+02 1.689446278339022722e+00
1.145000000000000000e+02 6.527780154885218789e-01
1.150000000000000000e+02 5.911614696277285308e-01
1.155000000000000000e+02 5.935974040876266233e-01
1.160000000000000000e+02 5.881767430307415223e-01
1.165000000000000000e+02 5.853657398145878377e-01
1.170000000000000000e+02 5.771628536125275044e-01
1.175000000000000000e+02 5.745998211308880332e-01
1.180000000000000000e+02 5.720549805996295589e-01
1.185000000000000000e+02 5.671580347001223821e-01
1.190000000000000000e+02 5.615346573927612051e-01
1.195000000000000000e+02 5.608682609712912770e-01
1.200000000000000000e+02 5.561781060500697871e-01
1.205000000000000000e+02 5.502110939439375237e-01
1.210000000000000000e+02 5.435335302092832999e-01
1.215000000000000000e+02 5.369962917384795142e-01
1.220000000000000000e+02 5.287666842169417292e-01
1.225000000000000000e+02 5.172039124600955606e-01
1.230000000000000000e+02 5.076169287872276392e-01
1.235000000000000000e+02 4.974738596149096970e-01
1.240000000000000000e+02 4.851126277382108443e-01
1.245000000000000000e+02 4.724535174201583976e-01
1.250000000000000000e+02 4.588407961812213109e-01
1.255000000000000000e+02 4.472211722694328095e-01
1.260000000000000000e+02 4.346602266750781984e-01
1.265000000000000000e+02 4.233142888138016202e-01
1.270000000000000000e+02 4.122204797876455329e-01
1.275000000000000000e+02 4.016201744997338063e-01
1.280000000000000000e+02 3.921636881720764189e-01
1.285000000000000000e+02 3.839280808396124400e-01
1.290000000000000000e+02 3.767105664627977690e-01
1.295000000000000000e+02 3.706043990731814897e-01
1.300000000000000000e+02 3.658423689987533312e-01
1.305000000000000000e+02 3.627503339636710122e-01
1.310000000000000000e+02 3.606324667949518115e-01
1.315000000000000000e+02 3.597526951018726882e-01
1.320000000000000000e+02 3.598446030273166341e-01
1.325000000000000000e+02 3.616320669802959853e-01
1.330000000000000000e+02 3.655869010395481067e-01
1.335000000000000000e+02 3.706393365464812906e-01
1.340000000000000000e+02 3.780715500576596888e-01
1.345000000000000000e+02 3.864468505698425704e-01
1.350000000000000000e+02 3.970047620926512866e-01
1.355000000000000000e+02 4.091259142706407115e-01
1.360000000000000000e+02 4.224945188135722507e-01
1.365000000000000000e+02 4.376730458857266415e-01
1.370000000000000000e+02 4.546346399498905622e-01
1.375000000000000000e+02 4.727927256747897489e-01
1.380000000000000000e+02 4.925721810283980595e-01
1.385000000000000000e+02 5.123583844375136920e-01
1.390000000000000000e+02 5.318058000878271852e-01
1.395000000000000000e+02 5.499912000660491795e-01
1.400000000000000000e+02 5.662361287836560342e-01
1.405000000000000000e+02 5.801708727967961332e-01
1.410000000000000000e+02 5.911805617081447028e-01
1.415000000000000000e+02 5.991270071773792116e-01
1.420000000000000000e+02 6.060613487465937865e-01
1.425000000000000000e+02 6.113517034225701696e-01
1.430000000000000000e+02 6.140783422163985650e-01
1.435000000000000000e+02 6.151461071621558974e-01
1.440000000000000000e+02 6.144583932924491121e-01
1.445000000000000000e+02 6.108640567037750824e-01
1.450000000000000000e+02 6.049243072063629212e-01
1.455000000000000000e+02 5.966945117053982228e-01
1.460000000000000000e+02 5.863585514362544826e-01
1.465000000000000000e+02 5.733843004542429345e-01
1.470000000000000000e+02 5.576621654799499561e-01
1.475000000000000000e+02 5.399488062946564693e-01
1.480000000000000000e+02 5.208640691441251969e-01
1.485000000000000000e+02 5.018857578537242459e-01
1.490000000000000000e+02 4.848963819588586466e-01
1.495000000000000000e+02 4.678949108282909886e-01
1.500000000000000000e+02 4.501944210741342656e-01
1.505000000000000000e+02 4.336786579101423733e-01
1.510000000000000000e+02 4.164146468988555450e-01
1.515000000000000000e+02 4.003083650170840557e-01
1.520000000000000000e+02 3.844936009477081251e-01
1.525000000000000000e+02 3.699456654040864656e-01
1.530000000000000000e+02 3.571541656206563276e-01
1.535000000000000000e+02 3.448063108361236195e-01
1.540000000000000000e+02 3.320767809372467960e-01
1.545000000000000000e+02 3.186070138940022556e-01
1.550000000000000000e+02 3.045717130801261496e-01
1.555000000000000000e+02 2.900740681087785600e-01
1.560000000000000000e+02 2.746098367890570935e-01
1.565000000000000000e+02 2.591140440938536349e-01
1.570000000000000000e+02 2.430324052166646931e-01
1.575000000000000000e+02 2.269314460213577578e-01
1.580000000000000000e+02 2.109424541821025290e-01
1.585000000000000000e+02 1.942662987866806967e-01
1.590000000000000000e+02 1.770989639699188101e-01
1.595000000000000000e+02 1.603447299148579031e-01
1.600000000000000000e+02 1.435542229742824138e-01
1.605000000000000000e+02 1.281164274759665211e-01
1.610000000000000000e+02 1.126416818867463504e-01
1.615000000000000000e+02 9.960119049358200083e-02
1.620000000000000000e+02 8.779523702602674839e-02
1.625000000000000000e+02 7.754531039328087239e-02
1.630000000000000000e+02 6.919603768766213747e-02
1.635000000000000000e+02 6.244376423460493153e-02
1.640000000000000000e+02 5.644113281330060544e-02
1.645000000000000000e+02 5.157876908065561067e-02
1.650000000000000000e+02 4.715489552808281581e-02
1.655000000000000000e+02 4.394604484052987842e-02
1.660000000000000000e+02 4.126946047164627152e-02
1.665000000000000000e+02 3.885273753378530592e-02
1.670000000000000000e+02 3.672691661763999998e-02
1.675000000000000000e+02 3.521463104826564466e-02
1.680000000000000000e+02 3.305851145784027834e-02
1.685000000000000000e+02 3.112277792714291183e-02
1.690000000000000000e+02 3.071579086760144878e-02
1.695000000000000000e+02 2.934461970785230689e-02
1.700000000000000000e+02 2.815421350435845516e-02
1.705000000000000000e+02 2.748238959729976463e-02
1.710000000000000000e+02 2.693996789523643229e-02
1.715000000000000000e+02 2.577075685607674999e-02
1.720000000000000000e+02 2.522048640936182945e-02
1.725000000000000000e+02 2.465502617828797816e-02
1.730000000000000000e+02 2.390705170643130095e-02
1.735000000000000000e+02 2.327405007573949899e-02
1.740000000000000000e+02 2.220046357683438595e-02
1.745000000000000000e+02 2.157021780826804888e-02
1.750000000000000000e+02 2.102105764909332347e-02
1.755000000000000000e+02 2.080803191654915021e-02
1.760000000000000000e+02 2.021958702531810245e-02
1.765000000000000000e+02 2.006780162912618487e-02
1.770000000000000000e+02 1.918284122680671833e-02
1.775000000000000000e+02 1.930068288071204799e-02
1.780000000000000000e+02 1.907568147239039127e-02
1.785000000000000000e+02 1.890601237283638658e-02
1.790000000000000000e+02 1.864986233679433864e-02
1.795000000000000000e+02 1.837032676201900278e-02
1.800000000000000000e+02 1.826674377411922900e-02
1.805000000000000000e+02 1.803743277156272251e-02
1.810000000000000000e+02 1.805094860433145709e-02
1.815000000000000000e+02 1.789195397887067412e-02
1.820000000000000000e+02 1.727449201983008095e-02
1.825000000000000000e+02 1.724533038884264527e-02
1.830000000000000000e+02 1.726828909842325135e-02
1.835000000000000000e+02 1.774185012847217732e-02
1.840000000000000000e+02 1.791147944276448231e-02
1.845000000000000000e+02 1.801195859297169410e-02
1.850000000000000000e+02 1.817372236753654613e-02
1.855000000000000000e+02 1.763612763330980882e-02
1.860000000000000000e+02 1.802227408093128730e-02
1.865000000000000000e+02 1.806042333142170511e-02
1.870000000000000000e+02 1.815239453400731631e-02
1.875000000000000000e+02 1.799871346633338809e-02
1.880000000000000000e+02 1.766522314380819525e-02
1.885000000000000000e+02 1.768534769176358448e-02
1.890000000000000000e+02 1.760912080578895186e-02
1.895000000000000000e+02 1.786552166008642181e-02
1.900000000000000000e+02 1.789304078991403937e-02
1.905000000000000000e+02 1.738809315431935273e-02
1.910000000000000000e+02 1.748282873129144294e-02
1.915000000000000000e+02 1.699781425639529039e-02
1.920000000000000000e+02 1.647017123750275230e-02
1.925000000000000000e+02 1.629645627749492370e-02
1.930000000000000000e+02 1.625815088434668168e-02
1.935000000000000000e+02 1.547021298459820560e-02
1.940000000000000000e+02 1.502371270012260208e-02
1.945000000000000000e+02 1.498803632978946802e-02
1.950000000000000000e+02 1.448243111576570652e-02
1.955000000000000000e+02 1.351079334605262937e-02
1.960000000000000000e+02 1.292825285682981488e-02
1.965000000000000000e+02 1.188298411819762104e-02
1.970000000000000000e+02 1.121640997754338835e-02
1.975000000000000000e+02 1.047389134258276677e-02
1.980000000000000000e+02 9.753984726428802793e-03
1.985000000000000000e+02 9.055970291220790530e-03
1.990000000000000000e+02 8.538178419516576426e-03
1.995000000000000000e+02 8.037075824495311729e-03
2.000000000000000000e+02 7.454454047783076222e-03
2.005000000000000000e+02 6.735514905609849001e-03
2.010000000000000000e+02 6.305205625556790754e-03
2.015000000000000000e+02 5.955341722778281950e-03
2.020000000000000000e+02 5.791004041240440520e-03
2.025000000000000000e+02 4.928842281541785664e-03
2.030000000000000000e+02 4.340748143685119534e-03
2.035000000000000000e+02 4.126137610826833765e-03
2.040000000000000000e+02 4.551869444672109952e-03
2.045000000000000000e+02 3.707637505253841108e-03
2.050000000000000000e+02 3.836305733986583241e-03
2.055000000000000000e+02 3.389248605772447916e-03
2.060000000000000000e+02 3.171696992249404493e-03
2.065000000000000000e+02 3.166210118049323386e-03
2.070000000000000000e+02 2.815784781022140186e-03
2.075000000000000000e+02 2.830224024003020599e-03
2.080000000000000000e+02 2.495911006800627732e-03
2.085000000000000000e+02 2.566251997789903514e-03
2.090000000000000000e+02 2.542791811775816681e-03
2.095000000000000000e+02 2.147783325802007665e-03
2.100000000000000000e+02 2.202753352033964482e-03
2.105000000000000000e+02 1.995227999245060418e-03
2.110000000000000000e+02 1.683870662965818599e-03
2.115000000000000000e+02 1.631332686677234483e-03
2.120000000000000000e+02 1.430002038591956333e-03
2.125000000000000000e+02 1.547633674554853029e-03
2.130000000000000000e+02 1.128364950579591793e-03
2.135000000000000000e+02 1.239179949108245747e-03
2.140000000000000000e+02 5.149825464746942555e-04
2.145000000000000000e+02 1.252320650913427884e-03
2.150000000000000000e+02 1.170880453638935238e-03
2.155000000000000000e+02 1.413339939144773235e-03
2.160000000000000000e+02 1.199668947679869563e-03
2.165000000000000000e+02 1.021608764135454369e-03
2.170000000000000000e+02 1.596326683332568606e-03
2.175000000000000000e+02 6.450296562217954161e-04
2.180000000000000000e+02 1.152130416181304387e-03
2.185000000000000000e+02 1.000339286995867655e-03
2.190000000000000000e+02 5.696819416246744422e-04
2.195000000000000000e+02 4.008562394788562863e-04
2.200000000000000000e+02 4.250345636840472709e-04
