1.100000000000000000e+02 nan
1.105000000000000000e+02 nan
1.110000000000000000e+02 nan
1.115000000000000000e+02 nan
1.120000000000000000e+02 nan
1.125000000000000000e+02 nan
1.130000000000000000e+02 nan
1.135000000000000000e+02 nan
1.140000000000000000e+02 1.317328073865982496e+00
1.145000000000000000e+02 6.538988288288228867e-01
1.150000000000000000e+02 6.031188553931766672e-01
1.155000000000000000e+02 5.924063463111682859e-01
1.160000000000000000e+02 5.788312358393810086e-01
1.165000000000000000e+02 5.827838273142620373e-01
1.170000000000000000e+02 5.763806216602490595e-01
1.175000000000000000e+02 5.740344039990875613e-01
1.180000000000000000e+02 5.730720605152318514e-01
1.185000000000000000e+02 5.657710164713559697e-01
1.190000000000000000e+02 5.658607655109900714e-01
1.195000000000000000e+02 5.631416612319318782e-01
1.200000000000000000e+02 5.583892658335639636e-01
1.205000000000000000e+02 5.504127902300554043e-01
1.210000000000000000e+02 5.446805320669292350e-01
1.215000000000000000e+02 5.389982679615745731e-01
1.220000000000000000e+02 5.295904927240627780e-01
1.225000000000000000e+02 5.187666069050343998e-01
1.230000000000000000e+02 5.100655571569554514e-01
1.235000000000000000e+02 4.996263939676771626e-01
1.240000000000000000e+02 4.856612932227519774e-01
1.245000000000000000e+02 4.742174531381850300e-01
1.250000000000000000e+02 4.626981724431661891e-01
1.255000000000000000e+02 4.491297018300121069e-01
1.260000000000000000e+02 4.369268558088458820e-01
1.265000000000000000e+02 4.248892346009373600e-01
1.270000000000000000e+02 4.142071694047798069e-01
1.275000000000000000e+02 4.033110764130859449e-01
1.280000000000000000e+02 3.940335357470097777e-01
1.285000000000000000e+02 3.856609530794261054e-01
1.290000000000000000e+02 3.791705175383911497e-01
1.295000000000000000e+02 3.723268173143081117e-01
1.300000000000000000e+02 3.675138934950782366e-01
1.305000000000000000e+02 3.641071434108303362e-01
1.310000000000000000e+02 3.623147623138608941e-01
1.315000000000000000e+02 3.603259614185118087e-01
1.320000000000000000e+02 3.612126782719407014e-01
1.325000000000000000e+02 3.630477413166993128e-01
1.330000000000000000e+02 3.667450092682550955e-01
1.335000000000000000e+02 3.718839287869790677e-01
1.340000000000000000e+02 3.791333358037717316e-01
1.345000000000000000e+02 3.879412986078720760e-01
1.350000000000000000e+02 3.992461264093647988e-01
1.355000000000000000e+02 4.106081688112427353e-01
1.360000000000000000e+02 4.238168588438178119e-01
1.365000000000000000e+02 4.395581957079094382e-01
1.370000000000000000e+02 4.565935852951943374e-01
1.375000000000000000e+02 4.747493821523372515e-01
1.380000000000000000e+02 4.942188963045736072e-01
1.385000000000000000e+02 5.141703943669664323e-01
1.390000000000000000e+02 5.333739295835434602e-01
1.395000000000000000e+02 5.513569870822107033e-01
1.400000000000000000e+02 5.681862806856615711e-01
1.405000000000000000e+02 5.820276343569333877e-01
1.410000000000000000e+02 5.929645422233897900e-01
1.415000000000000000e+02 6.010833775430417525e-01
1.420000000000000000e+02 6.077415127961395269e-01
1.425000000000000000e+02 6.128263976443296679e-01
1.430000000000000000e+02 6.159300158367831957e-01
1.435000000000000000e+02 6.173929472772097249e-01
1.440000000000000000e+02 6.164902537590399856e-01
1.445000000000000000e+02 6.125293500219464171e-01
1.450000000000000000e+02 6.067141199521601802e-01
1.455000000000000000e+02 5.987822821873192147e-01
1.460000000000000000e+02 5.884561104033635415e-01
1.465000000000000000e+02 5.757050893184709750e-01
1.470000000000000000e+02 5.596872182897938419e-01
1.475000000000000000e+02 5.422513637691737109e-01
1.480000000000000000e+02 5.230781068387587718e-01
1.485000000000000000e+02 5.038551980510792561e-01
1.490000000000000000e+02 4.868443996131988083e-01
1.495000000000000000e+02 4.697744789466000714e-01
1.500000000000000000e+02 4.522128859711422866e-01
1.505000000000000000e+02 4.355416870299952392e-01
1.510000000000000000e+02 4.184876539407705875e-01
1.515000000000000000e+02 4.021292863093154368e-01
1.520000000000000000e+02 3.861843273788434505e-01
1.525000000000000000e+02 3.719184663008094360e-01
1.530000000000000000e+02 3.589758846955867222e-01
1.535000000000000000e+02 3.466931705978061329e-01
1.540000000000000000e+02 3.338499151733130832e-01
1.545000000000000000e+02 3.207270421233058832e-01
1.550000000000000000e+02 3.064874380508313401e-01
1.555000000000000000e+02 2.920475391002087528e-01
1.560000000000000000e+02 2.759315315399235580e-01
1.565000000000000000e+02 2.602315698056547610e-01
1.570000000000000000e+02 2.442679749289527746e-01
1.575000000000000000e+02 2.284165976435003076e-01
1.580000000000000000e+02 2.120135376249200065e-01
1.585000000000000000e+02 1.953894689451393663e-01
1.590000000000000000e+02 1.783423740494766707e-01
1.595000000000000000e+02 1.613442214476266678e-01
1.600000000000000000e+02 1.448562285183455089e-01
1.605000000000000000e+02 1.290777542947232903e-01
1.610000000000000000e+02 1.137793509462276809e-01
1.615000000000000000e+02 1.003988647979713877e-01
1.620000000000000000e+02 8.872460410294061295e-02
1.625000000000000000e+02 7.872199233041508870e-02
1.630000000000000000e+02 7.006337437318335692e-02
1.635000000000000000e+02 6.282558508953697829e-02
1.640000000000000000e+02 5.696351904590197385e-02
1.645000000000000000e+02 5.233732823762420744e-02
1.650000000000000000e+02 4.795342429293692615e-02
1.655000000000000000e+02 4.474105921956584436e-02
1.660000000000000000e+02 4.190401926865978954e-02
1.665000000000000000e+02 3.943008625330322869e-02
1.670000000000000000e+02 3.750455062814884999e-02
1.675000000000000000e+02 3.589746606380855160e-02
1.680000000000000000e+02 3.430086794401559364e-02
1.685000000000000000e+02 3.247896536914907095e-02
1.690000000000000000e+02 3.182129142741628447e-02
1.695000000000000000e+02 3.036048525369483553e-02
1.700000000000000000e+02 2.949837786877170312e-02
1.705000000000000000e+02 2.894978382092864080e-02
1.710000000000000000e+02 2.844398651070017409e-02
1.715000000000000000e+02 2.722245864967115514e-02
1.720000000000000000e+02 2.656691560974496630e-02
1.725000000000000000e+02 2.583293768871710791e-02
1.730000000000000000e+02 2.481647541275183028e-02
1.735000000000000000e+02 2.429464527035936697e-02
1.740000000000000000e+02 2.340073059413450701e-02
1.745000000000000000e+02 2.288499327307592576e-02
1.750000000000000000e+02 2.228771051235163905e-02
1.755000000000000000e+02 2.196998299060411858e-02
1.760000000000000000e+02 2.143026658485195496e-02
1.765000000000000000e+02 2.124130336996776086e-02
1.770000000000000000e+02 2.072632084192028296e-02
1.775000000000000000e+02 2.060862024965647368e-02
1.780000000000000000e+02 2.020628509891448168e-02
1.785000000000000000e+02 1.971311799724361283e-02
1.790000000000000000e+02 1.963094936346063829e-02
1.795000000000000000e+02 1.947996837657059097e-02
1.800000000000000000e+02 1.944770809338995654e-02
1.805000000000000000e+02 1.909918974167390190e-02
1.810000000000000000e+02 1.913511118842510864e-02
1.815000000000000000e+02 1.903407531279808010e-02
1.820000000000000000e+02 1.867316133544904069e-02
1.825000000000000000e+02 1.866318092072487972e-02
1.830000000000000000e+02 1.847284726525823956e-02
1.835000000000000000e+02 1.904826047980166803e-02
1.840000000000000000e+02 1.894986023940363820e-02
1.845000000000000000e+02 1.905537425896540460e-02
1.850000000000000000e+02 1.939254865233494898e-02
1.855000000000000000e+02 1.916119640312450093e-02
1.860000000000000000e+02 1.850018287481948118e-02
1.865000000000000000e+02 1.861782612117227065e-02
1.870000000000000000e+02 1.857257153848044379e-02
1.875000000000000000e+02 1.867445503519089486e-02
1.880000000000000000e+02 1.832330631549137015e-02
1.885000000000000000e+02 1.847765264270178481e-02
1.890000000000000000e+02 1.840685414106133649e-02
1.895000000000000000e+02 1.846882394658589180e-02
1.900000000000000000e+02 1.853995829800171580e-02
1.905000000000000000e+02 1.807954115369342363e-02
1.910000000000000000e+02 1.785568831043964425e-02
1.915000000000000000e+02 1.743013814132816572e-02
1.920000000000000000e+02 1.703774673696047126e-02
1.925000000000000000e+02 1.706971807650121270e-02
1.930000000000000000e+02 1.704758384210056099e-02
1.935000000000000000e+02 1.613089314930812521e-02
1.940000000000000000e+02 1.613783330769764587e-02
1.945000000000000000e+02 1.558938447758180350e-02
1.950000000000000000e+02 1.499130750810488341e-02
1.955000000000000000e+02 1.439789762587851546e-02
1.960000000000000000e+02 1.353351023253982453e-02
1.965000000000000000e+02 1.257091686051333909e-02
1.970000000000000000e+02 1.193986457830139951e-02
1.975000000000000000e+02 1.103027949231290272e-02
1.980000000000000000e+02 1.011124054610903870e-02
1.985000000000000000e+02 9.585056772460196287e-03
1.990000000000000000e+02 8.797201061553057075e-03
1.995000000000000000e+02 8.740328090760441163e-03
2.000000000000000000e+02 7.998642031556741847e-03
2.005000000000000000e+02 6.975389580082548210e-03
2.010000000000000000e+02 6.919021062415994273e-03
2.015000000000000000e+02 6.286381208411532563e-03
2.020000000000000000e+02 6.077274036577511550e-03
2.025000000000000000e+02 5.463085728677452048e-03
2.030000000000000000e+02 4.956460339405498704e-03
2.035000000000000000e+02 4.740380373329742755e-03
2.040000000000000000e+02 5.050116660667612958e-03
2.045000000000000000e+02 4.585571977021443008e-03
2.050000000000000000e+02 4.523872945035140383e-03
2.055000000000000000e+02 4.166295658001784551e-03
2.060000000000000000e+02 3.871064585219718621e-03
2.065000000000000000e+02 3.827928255324323722e-03
2.070000000000000000e+02 3.556195903732225615e-03
2.075000000000000000e+02 3.584201180509862233e-03
2.080000000000000000e+02 3.277791949491395181e-03
2.085000000000000000e+02 3.236467609224766805e-03
2.090000000000000000e+02 3.256933169393956377e-03
2.095000000000000000e+02 3.077369560273628211e-03
2.100000000000000000e+02 2.843511901851018733e-03
2.105000000000000000e+02 2.666392820371297438e-03
2.110000000000000000e+02 2.174714552773482270e-03
2.115000000000000000e+02 2.272868579053899819e-03
2.120000000000000000e+02 2.026566173604519693e-03
2.125000000000000000e+02 2.278525863248601936e-03
2.130000000000000000e+02 2.089257004582611380e-03
2.135000000000000000e+02 1.761099381928629476e-03
2.140000000000000000e+02 1.387036478562750754e-03
2.145000000000000000e+02 2.146760514263959703e-03
2.150000000000000000e+02 2.095290644752384815e-03
2.155000000000000000e+02 2.124828305192032717e-03
2.160000000000000000e+02 1.821276944262368094e-03
2.165000000000000000e+02 1.670664244331462487e-03
2.170000000000000000e+02 1.790547832381325080e-03
2.175000000000000000e+02 1.495209427382326742e-03
2.180000000000000000e+02 1.205685548083290301e-03
2.185000000000000000e+02 1.260804231297116577e-03
2.190000000000000000e+02 1.219365563406116281e-03
2.195000000000000000e+02 1.048180179862490471e-03
2.200000000000000000e+02 1.089067675585266969e-03
