1.100000000000000000e+02 3.381850439942436781e-02
1.105000000000000000e+02 -1.087182582030730565e-01
1.110000000000000000e+02 -1.632881645308778724e-03
1.115000000000000000e+02 -4.743502926984003581e-02
1.120000000000000000e+02 -4.403789245895545212e-02
1.125000000000000000e+02 -5.144929042858703040e-03
1.130000000000000000e+02 -1.991822457646968622e-02
1.135000000000000000e+02 -1.479312133772956173e-01
1.140000000000000000e+02 1.428445412923871505e+00
1.145000000000000000e+02 5.999492020972106987e-01
1.150000000000000000e+02 5.699215187125533655e-01
1.155000000000000000e+02 5.632524959111210316e-01
1.160000000000000000e+02 5.612662924591070857e-01
1.165000000000000000e+02 5.557560747197595186e-01
1.170000000000000000e+02 5.518699867612525400e-01
1.175000000000000000e+02 5.458144674564884280e-01
1.180000000000000000e+02 5.446162869622925840e-01
1.185000000000000000e+02 5.403001884900892060e-01
1.190000000000000000e+02 5.387926977377228699e-01
1.195000000000000000e+02 5.380608632497116961e-01
1.200000000000000000e+02 5.305396615569768493e-01
1.205000000000000000e+02 5.209643205507591412e-01
1.210000000000000000e+02 5.174153979326923114e-01
1.215000000000000000e+02 5.123039072841064634e-01
1.220000000000000000e+02 5.031421675373796143e-01
1.225000000000000000e+02 4.917049446807856827e-01
1.230000000000000000e+02 4.821024378346328021e-01
1.235000000000000000e+02 4.710847618569414808e-01
1.240000000000000000e+02 4.595740300100633058e-01
1.245000000000000000e+02 4.483788502403019960e-01
1.250000000000000000e+02 4.349813021009052982e-01
1.255000000000000000e+02 4.244123564775634794e-01
1.260000000000000000e+02 4.123662271280336689e-01
1.265000000000000000e+02 4.016246856103289908e-01
1.270000000000000000e+02 3.901344567516062956e-01
1.275000000000000000e+02 3.804658785650109065e-01
1.280000000000000000e+02 3.720078986619002048e-01
1.285000000000000000e+02 3.646272090009116118e-01
1.290000000000000000e+02 3.581495708392565258e-01
1.295000000000000000e+02 3.522627813024237220e-01
1.300000000000000000e+02 3.477314465118829800e-01
1.305000000000000000e+02 3.447333024246890254e-01
1.310000000000000000e+02 3.427381237196071573e-01
1.315000000000000000e+02 3.421487118768209990e-01
1.320000000000000000e+02 3.428643127777530331e-01
1.325000000000000000e+02 3.456426400175481861e-01
1.330000000000000000e+02 3.491651156418485447e-01
1.335000000000000000e+02 3.543384822462084527e-01
1.340000000000000000e+02 3.616998226070419764e-01
1.345000000000000000e+02 3.701933316238531502e-01
1.350000000000000000e+02 3.814533910991421140e-01
1.355000000000000000e+02 3.931282236262196306e-01
1.360000000000000000e+02 4.063965154760109666e-01
1.365000000000000000e+02 4.215320782924302789e-01
1.370000000000000000e+02 4.383407203355882964e-01
1.375000000000000000e+02 4.563305220137998108e-01
1.380000000000000000e+02 4.750681641901541297e-01
1.385000000000000000e+02 4.950746768005163112e-01
1.390000000000000000e+02 5.141488403152462139e-01
1.395000000000000000e+02 5.316235088762901739e-01
1.400000000000000000e+02 5.473005521545221130e-01
1.405000000000000000e+02 5.602324851515282367e-01
1.410000000000000000e+02 5.708638035997679605e-01
1.415000000000000000e+02 5.786549524273126854e-01
1.420000000000000000e+02 5.849207798539132197e-01
1.425000000000000000e+02 5.893393288031402166e-01
1.430000000000000000e+02 5.915864840642921507e-01
1.435000000000000000e+02 5.924671269648971172e-01
1.440000000000000000e+02 5.911594896762344398e-01
1.445000000000000000e+02 5.872106223394251145e-01
1.450000000000000000e+02 5.806748617168200344e-01
1.455000000000000000e+02 5.720546226539678925e-01
1.460000000000000000e+02 5.613749174917044282e-01
1.465000000000000000e+02 5.480546561008781126e-01
1.470000000000000000e+02 5.319310343083769599e-01
1.475000000000000000e+02 5.145805529362311725e-01
1.480000000000000000e+02 4.951089402520960636e-01
1.485000000000000000e+02 4.766565002619061464e-01
1.490000000000000000e+02 4.599754480762819897e-01
1.495000000000000000e+02 4.431204164408557022e-01
1.500000000000000000e+02 4.257915340918748681e-01
1.505000000000000000e+02 4.096462788972728419e-01
1.510000000000000000e+02 3.931212761886900275e-01
1.515000000000000000e+02 3.771624600720288600e-01
1.520000000000000000e+02 3.616078584626772341e-01
1.525000000000000000e+02 3.477971553423283568e-01
1.530000000000000000e+02 3.350549784278470944e-01
1.535000000000000000e+02 3.230913692196227816e-01
1.540000000000000000e+02 3.109820326935259782e-01
1.545000000000000000e+02 2.975515829063782314e-01
1.550000000000000000e+02 2.841331271739821474e-01
1.555000000000000000e+02 2.700709744590582551e-01
1.560000000000000000e+02 2.546701388831275614e-01
1.565000000000000000e+02 2.395952954685969249e-01
1.570000000000000000e+02 2.238382892516824763e-01
1.575000000000000000e+02 2.083993237334811621e-01
1.580000000000000000e+02 1.927887788969204208e-01
1.585000000000000000e+02 1.766914373911006586e-01
1.590000000000000000e+02 1.599954165611054413e-01
1.595000000000000000e+02 1.437102231958572174e-01
1.600000000000000000e+02 1.278918377033722298e-01
1.605000000000000000e+02 1.130674892429373163e-01
1.610000000000000000e+02 9.818345780088998109e-02
1.615000000000000000e+02 8.547772932191444184e-02
1.620000000000000000e+02 7.446931773414459943e-02
1.625000000000000000e+02 6.506908424595986284e-02
1.630000000000000000e+02 5.715350476581304573e-02
1.635000000000000000e+02 5.043677835754504374e-02
1.640000000000000000e+02 4.468551191464697342e-02
1.645000000000000000e+02 4.020292364073822788e-02
1.650000000000000000e+02 3.621249337750152841e-02
1.655000000000000000e+02 3.341411069077043078e-02
1.660000000000000000e+02 3.068211469217443921e-02
1.665000000000000000e+02 2.855949074914831964e-02
1.670000000000000000e+02 2.637664044333004956e-02
1.675000000000000000e+02 2.497434229767703587e-02
1.680000000000000000e+02 2.338461815544621777e-02
1.685000000000000000e+02 2.210730397366700642e-02
1.690000000000000000e+02 2.152924240206533640e-02
1.695000000000000000e+02 2.037954200978094391e-02
1.700000000000000000e+02 1.925839591042712018e-02
1.705000000000000000e+02 1.885369699991995898e-02
1.710000000000000000e+02 1.818408100241657166e-02
1.715000000000000000e+02 1.692811686855894004e-02
1.720000000000000000e+02 1.669563646935815632e-02
1.725000000000000000e+02 1.594898266523498212e-02
1.730000000000000000e+02 1.518943288491214280e-02
1.735000000000000000e+02 1.486466368339923148e-02
1.740000000000000000e+02 1.394750948106519318e-02
1.745000000000000000e+02 1.362589174887618437e-02
1.750000000000000000e+02 1.269345649225798664e-02
1.755000000000000000e+02 1.237315654715990046e-02
1.760000000000000000e+02 1.200470094305285812e-02
1.765000000000000000e+02 1.172585974013622308e-02
1.770000000000000000e+02 1.178541064744803579e-02
1.775000000000000000e+02 1.164493750452330091e-02
1.780000000000000000e+02 1.124163276077836185e-02
1.785000000000000000e+02 1.122817835418600356e-02
1.790000000000000000e+02 1.106462752423158571e-02
1.795000000000000000e+02 1.035595453241282965e-02
1.800000000000000000e+02 1.038727532280636981e-02
1.805000000000000000e+02 1.014605859221412096e-02
1.810000000000000000e+02 1.025019152805756346e-02
1.815000000000000000e+02 9.976586192605222531e-03
1.820000000000000000e+02 9.740829605114350448e-03
1.825000000000000000e+02 9.663178257606477514e-03
1.830000000000000000e+02 9.664763206293829068e-03
1.835000000000000000e+02 1.002798978797960795e-02
1.840000000000000000e+02 1.022408481716838811e-02
1.845000000000000000e+02 1.038269820221300252e-02
1.850000000000000000e+02 1.018982968741420116e-02
1.855000000000000000e+02 1.006764451095794322e-02
1.860000000000000000e+02 1.021191371360640962e-02
1.865000000000000000e+02 9.984015147624453190e-03
1.870000000000000000e+02 1.028132711023699991e-02
1.875000000000000000e+02 9.948310033546958753e-03
1.880000000000000000e+02 9.878409898866437333e-03
1.885000000000000000e+02 9.975950920709504219e-03
1.890000000000000000e+02 9.972628402302426490e-03
1.895000000000000000e+02 9.924283415603984276e-03
1.900000000000000000e+02 9.824619749819725120e-03
1.905000000000000000e+02 9.756999542523896174e-03
1.910000000000000000e+02 9.502935315229872268e-03
1.915000000000000000e+02 9.282481847424533736e-03
1.920000000000000000e+02 8.867532606470860529e-03
1.925000000000000000e+02 8.799314918371541061e-03
1.930000000000000000e+02 8.377572916477938475e-03
1.935000000000000000e+02 8.036572768516539109e-03
1.940000000000000000e+02 7.637491495865488152e-03
1.945000000000000000e+02 7.259064375028335611e-03
1.950000000000000000e+02 7.055854707122312386e-03
1.955000000000000000e+02 6.482354158049110325e-03
1.960000000000000000e+02 5.609904924628484647e-03
1.965000000000000000e+02 5.041131742939393943e-03
1.970000000000000000e+02 4.506288903626191021e-03
1.975000000000000000e+02 3.848828479580983317e-03
1.980000000000000000e+02 3.163919825308181884e-03
1.985000000000000000e+02 2.683663659177863529e-03
1.990000000000000000e+02 1.878970008624570448e-03
1.995000000000000000e+02 1.768760193415042092e-03
2.000000000000000000e+02 1.331435226670095841e-03
2.005000000000000000e+02 7.609265608643719665e-04
2.010000000000000000e+02 4.408053770404746392e-04
2.015000000000000000e+02 2.319861728397034847e-04
2.020000000000000000e+02 1.117732621087262726e-04
2.025000000000000000e+02 -5.122922159190659592e-04
2.030000000000000000e+02 -7.185428966123214630e-04
2.035000000000000000e+02 -8.687006938791937138e-04
2.040000000000000000e+02 -4.622101297957886541e-04
2.045000000000000000e+02 -9.621380417382204876e-04
2.050000000000000000e+02 -8.503230066945575028e-04
2.055000000000000000e+02 -1.573527292381928693e-03
2.060000000000000000e+02 -1.301619612830319430e-03
2.065000000000000000e+02 -1.739495832675317126e-03
2.070000000000000000e+02 -1.820281999722190864e-03
2.075000000000000000e+02 -1.948227492975363948e-03
2.080000000000000000e+02 -2.304401840503278714e-03
2.085000000000000000e+02 -1.933207910500169772e-03
2.090000000000000000e+02 -1.981760642209277022e-03
2.095000000000000000e+02 -2.027486324974441673e-03
2.100000000000000000e+02 -2.224314940061193624e-03
2.105000000000000000e+02 -2.341272934709344358e-03
2.110000000000000000e+02 -2.754026692834686020e-03
2.115000000000000000e+02 -2.665250227250383092e-03
2.120000000000000000e+02 -2.907953640953007263e-03
2.125000000000000000e+02 -2.761079345473495348e-03
2.130000000000000000e+02 -2.972506989296905440e-03
2.135000000000000000e+02 -3.042811636336505924e-03
2.140000000000000000e+02 -3.371074168973451930e-03
2.145000000000000000e+02 -2.654128988321121946e-03
2.150000000000000000e+02 -2.807413501124190244e-03
2.155000000000000000e+02 -2.550622603656684754e-03
2.160000000000000000e+02 -3.059082509259679859e-03
2.165000000000000000e+02 -2.728146781850992238e-03
2.170000000000000000e+02 -2.430009298652788165e-03
2.175000000000000000e+02 -3.059213918750210322e-03
2.180000000000000000e+02 -2.978142686202008005e-03
2.185000000000000000e+02 -3.119874398202797904e-03
2.190000000000000000e+02 -3.288758330582270024e-03
2.195000000000000000e+02 -3.312422548069182682e-03
2.200000000000000000e+02 -3.364109620416563286e-03
