1.100000000000000000e+02 7.391752489403595472e-02
1.105000000000000000e+02 -1.792618780538526163e-02
1.110000000000000000e+02 1.179656126469949412e-01
1.115000000000000000e+02 -1.091451271907543374e-01
1.120000000000000000e+02 1.139662744771341163e-01
1.125000000000000000e+02 9.824543340329697227e-02
1.130000000000000000e+02 2.398236556390982016e-02
1.135000000000000000e+02 -1.665689779286483319e-01
1.140000000000000000e+02 1.353283273663494990e+00
1.145000000000000000e+02 5.859391588476975388e-01
1.150000000000000000e+02 5.269595946091284455e-01
1.155000000000000000e+02 5.316084921635240157e-01
1.160000000000000000e+02 5.237854849197645102e-01
1.165000000000000000e+02 5.202247692709984772e-01
1.170000000000000000e+02 5.163064791044433832e-01
1.175000000000000000e+02 5.137660674060832156e-01
1.180000000000000000e+02 5.125863317576225819e-01
1.185000000000000000e+02 5.074131397889396489e-01
1.190000000000000000e+02 5.026980542307523114e-01
1.195000000000000000e+02 4.991601519232892192e-01
1.200000000000000000e+02 4.957889262930095797e-01
1.205000000000000000e+02 4.893519891230533325e-01
1.210000000000000000e+02 4.848392992606402330e-01
1.215000000000000000e+02 4.753089940987428319e-01
1.220000000000000000e+02 4.687451925676973108e-01
1.225000000000000000e+02 4.597274998891029973e-01
1.230000000000000000e+02 4.487331427975407294e-01
1.235000000000000000e+02 4.394850070424780597e-01
1.240000000000000000e+02 4.274804871381341353e-01
1.245000000000000000e+02 4.161125704727954289e-01
1.250000000000000000e+02 4.047255595283576479e-01
1.255000000000000000e+02 3.933010821625222975e-01
1.260000000000000000e+02 3.826336160554056898e-01
1.265000000000000000e+02 3.727690259870644063e-01
1.270000000000000000e+02 3.630548507093688260e-01
1.275000000000000000e+02 3.536833952735084496e-01
1.280000000000000000e+02 3.457239478868601168e-01
1.285000000000000000e+02 3.390455409343793858e-01
1.290000000000000000e+02 3.332258127227965550e-01
1.295000000000000000e+02 3.283068908167145472e-01
1.300000000000000000e+02 3.246966945011360295e-01
1.305000000000000000e+02 3.222569683801536633e-01
1.310000000000000000e+02 3.212535392197913287e-01
1.315000000000000000e+02 3.207297508937627661e-01
1.320000000000000000e+02 3.218763237909256225e-01
1.325000000000000000e+02 3.246217149907562050e-01
1.330000000000000000e+02 3.288398889936160474e-01
1.335000000000000000e+02 3.338277611458672633e-01
1.340000000000000000e+02 3.417250561930951225e-01
1.345000000000000000e+02 3.505076281196485843e-01
1.350000000000000000e+02 3.614532107304243569e-01
1.355000000000000000e+02 3.732503908220916600e-01
1.360000000000000000e+02 3.863185252979562945e-01
1.365000000000000000e+02 4.014588534498032546e-01
1.370000000000000000e+02 4.179280671988039875e-01
1.375000000000000000e+02 4.359915939704692156e-01
1.380000000000000000e+02 4.541135456162156969e-01
1.385000000000000000e+02 4.734094880761653967e-01
1.390000000000000000e+02 4.918751230557817378e-01
1.395000000000000000e+02 5.088673111229833346e-01
1.400000000000000000e+02 5.236163284923767147e-01
1.405000000000000000e+02 5.358963879608504843e-01
1.410000000000000000e+02 5.455616151546820447e-01
1.415000000000000000e+02 5.525533670180550194e-01
1.420000000000000000e+02 5.579905253768591145e-01
1.425000000000000000e+02 5.621580254185875036e-01
1.430000000000000000e+02 5.637801579483772141e-01
1.435000000000000000e+02 5.638716562204665328e-01
1.440000000000000000e+02 5.616651307298976548e-01
1.445000000000000000e+02 5.566122858550727193e-01
1.450000000000000000e+02 5.493914250958188417e-01
1.455000000000000000e+02 5.397389448978062720e-01
1.460000000000000000e+02 5.284207758637257113e-01
1.465000000000000000e+02 5.144682482763694997e-01
1.470000000000000000e+02 4.977853540357490281e-01
1.475000000000000000e+02 4.804604697877606911e-01
1.480000000000000000e+02 4.613338373429615724e-01
1.485000000000000000e+02 4.429446841647696198e-01
1.490000000000000000e+02 4.261177098804986296e-01
1.495000000000000000e+02 4.097878345539980871e-01
1.500000000000000000e+02 3.932708340941158398e-01
1.505000000000000000e+02 3.776041313886394080e-01
1.510000000000000000e+02 3.616764208762909827e-01
1.515000000000000000e+02 3.464247776015312308e-01
1.520000000000000000e+02 3.314313641301288027e-01
1.525000000000000000e+02 3.181415169714866265e-01
1.530000000000000000e+02 3.059598824105391190e-01
1.535000000000000000e+02 2.940341026208196928e-01
1.540000000000000000e+02 2.825675156439783620e-01
1.545000000000000000e+02 2.698394193941086039e-01
1.550000000000000000e+02 2.565776511103528557e-01
1.555000000000000000e+02 2.429623632170115899e-01
1.560000000000000000e+02 2.283703662075123042e-01
1.565000000000000000e+02 2.139017159494834008e-01
1.570000000000000000e+02 1.990284890599827716e-01
1.575000000000000000e+02 1.839625984369034906e-01
1.580000000000000000e+02 1.687166278744628434e-01
1.585000000000000000e+02 1.534145507658813690e-01
1.590000000000000000e+02 1.375317965762568317e-01
1.595000000000000000e+02 1.218870496162978573e-01
1.600000000000000000e+02 1.069259862024919960e-01
1.605000000000000000e+02 9.319278863303345761e-02
1.610000000000000000e+02 7.921311876941972141e-02
1.615000000000000000e+02 6.742504772861554474e-02
1.620000000000000000e+02 5.735473092891087143e-02
1.625000000000000000e+02 4.850106966341344999e-02
1.630000000000000000e+02 4.125367129271467065e-02
1.635000000000000000e+02 3.485187704117837654e-02
1.640000000000000000e+02 2.975150889732852341e-02
1.645000000000000000e+02 2.591415475989463854e-02
1.650000000000000000e+02 2.160340849055854620e-02
1.655000000000000000e+02 1.929911878348027424e-02
1.660000000000000000e+02 1.685001724575704157e-02
1.665000000000000000e+02 1.477858522109510436e-02
1.670000000000000000e+02 1.291774068109930416e-02
1.675000000000000000e+02 1.198566006214974757e-02
1.680000000000000000e+02 1.068369749094809189e-02
1.685000000000000000e+02 9.506900158870380813e-03
1.690000000000000000e+02 8.894277034257269676e-03
1.695000000000000000e+02 8.101195902198276427e-03
1.700000000000000000e+02 6.919620863410459906e-03
1.705000000000000000e+02 6.605389533211079162e-03
1.710000000000000000e+02 6.568794518198085332e-03
1.715000000000000000e+02 5.403300848604236997e-03
1.720000000000000000e+02 5.224774645265860447e-03
1.725000000000000000e+02 4.599418428794133096e-03
1.730000000000000000e+02 4.105268468410506154e-03
1.735000000000000000e+02 3.867047131565802282e-03
1.740000000000000000e+02 3.279956973414710486e-03
1.745000000000000000e+02 2.795291091601504255e-03
1.750000000000000000e+02 2.524543042159127504e-03
1.755000000000000000e+02 2.136411703092669107e-03
1.760000000000000000e+02 2.004346696943409833e-03
1.765000000000000000e+02 1.847111202235120599e-03
1.770000000000000000e+02 1.551375957481608125e-03
1.775000000000000000e+02 1.648770829385048844e-03
1.780000000000000000e+02 1.232449359526463983e-03
1.785000000000000000e+02 1.181871715397615416e-03
1.790000000000000000e+02 1.222561541612790905e-03
1.795000000000000000e+02 1.083396691294649921e-03
1.800000000000000000e+02 1.193876265913194857e-03
1.805000000000000000e+02 1.078028705344622092e-03
1.810000000000000000e+02 1.591382155574299229e-03
1.815000000000000000e+02 1.370661969463272045e-03
1.820000000000000000e+02 1.055186553093548883e-03
1.825000000000000000e+02 9.664765358666409581e-04
1.830000000000000000e+02 9.586546978964579366e-04
1.835000000000000000e+02 1.686005162278556447e-03
1.840000000000000000e+02 1.841202181893685343e-03
1.845000000000000000e+02 1.963665684862718475e-03
1.850000000000000000e+02 2.269264233343903231e-03
1.855000000000000000e+02 1.987031873331492841e-03
1.860000000000000000e+02 2.034785733821919355e-03
1.865000000000000000e+02 2.243765721482601956e-03
1.870000000000000000e+02 2.468108714600244537e-03
1.875000000000000000e+02 2.355897259562013402e-03
1.880000000000000000e+02 2.427721895840348823e-03
1.885000000000000000e+02 2.514042267239609101e-03
1.890000000000000000e+02 2.554140738776180305e-03
1.895000000000000000e+02 2.460901342835722198e-03
1.900000000000000000e+02 2.528634092854443408e-03
1.905000000000000000e+02 2.458563282907345535e-03
1.910000000000000000e+02 2.438166489778023985e-03
1.915000000000000000e+02 2.169926422773558322e-03
1.920000000000000000e+02 1.883722152497305149e-03
1.925000000000000000e+02 2.000725773017500344e-03
1.930000000000000000e+02 1.871625789938654444e-03
1.935000000000000000e+02 1.351512181794485741e-03
1.940000000000000000e+02 1.060452302899794145e-03
1.945000000000000000e+02 1.035327801067766973e-03
1.950000000000000000e+02 5.427877343273566045e-04
1.955000000000000000e+02 9.950128748644675256e-05
1.960000000000000000e+02 -3.511583798758130038e-04
1.965000000000000000e+02 -1.240074040298078974e-03
1.970000000000000000e+02 -1.642048838199811111e-03
1.975000000000000000e+02 -2.282127552140028257e-03
1.980000000000000000e+02 -2.738553915549928313e-03
1.985000000000000000e+02 -3.254460615530456284e-03
1.990000000000000000e+02 -3.634384799123998797e-03
1.995000000000000000e+02 -3.965029113476206853e-03
2.000000000000000000e+02 -4.524953060098185070e-03
2.005000000000000000e+02 -4.840048481740851644e-03
2.010000000000000000e+02 -5.215059731622231735e-03
2.015000000000000000e+02 -5.340341605621386559e-03
2.020000000000000000e+02 -5.436909789633723178e-03
2.025000000000000000e+02 -5.594554150151699080e-03
2.030000000000000000e+02 -5.998767877460614920e-03
2.035000000000000000e+02 -6.257768271869846438e-03
2.040000000000000000e+02 -5.922551091987536369e-03
2.045000000000000000e+02 -6.127932439000889457e-03
2.050000000000000000e+02 -6.114172519166011580e-03
2.055000000000000000e+02 -6.456433909772297565e-03
2.060000000000000000e+02 -6.336127869362895466e-03
2.065000000000000000e+02 -6.471573138038711100e-03
2.070000000000000000e+02 -6.506108974141804578e-03
2.075000000000000000e+02 -6.809513515208739064e-03
2.080000000000000000e+02 -6.498645383113471445e-03
2.085000000000000000e+02 -6.591054039991698157e-03
2.090000000000000000e+02 -6.637345134792734490e-03
2.095000000000000000e+02 -6.629033836534345588e-03
2.100000000000000000e+02 -6.853215511623464255e-03
2.105000000000000000e+02 -6.920694879751856238e-03
2.110000000000000000e+02 -7.191150922406333926e-03
2.115000000000000000e+02 -6.974953505940970425e-03
2.120000000000000000e+02 -7.104794186298318999e-03
2.125000000000000000e+02 -6.953103187487904083e-03
2.130000000000000000e+02 -7.143177984403619070e-03
2.135000000000000000e+02 -7.177215857535004621e-03
2.140000000000000000e+02 -7.503073972554006807e-03
2.145000000000000000e+02 -6.680058697339561966e-03
2.150000000000000000e+02 -6.558762697551801142e-03
2.155000000000000000e+02 -6.493856495009947202e-03
2.160000000000000000e+02 -6.926277728500432503e-03
2.165000000000000000e+02 -6.796191446617434913e-03
2.170000000000000000e+02 -6.302844306651169022e-03
2.175000000000000000e+02 -6.610705264734555164e-03
2.180000000000000000e+02 -7.007246428844787767e-03
2.185000000000000000e+02 -6.810546159559680360e-03
2.190000000000000000e+02 -6.753512421038729632e-03
2.195000000000000000e+02 -7.020167732777809685e-03
2.200000000000000000e+02 -6.823549575186349872e-03
