1.100000000000000000e+02 3.489970576477323394e-02
1.105000000000000000e+02 -6.142941581512097876e-02
1.110000000000000000e+02 -2.380035730556859241e-02
1.115000000000000000e+02 -7.163657875251605578e-02
1.120000000000000000e+02 2.231158056140182533e-02
1.125000000000000000e+02 -1.771952371748159588e-02
1.130000000000000000e+02 -1.161852578826503939e-02
1.135000000000000000e+02 -1.076159038968402398e-01
1.140000000000000000e+02 nan
1.145000000000000000e+02 6.478789378139764299e-01
1.150000000000000000e+02 6.056277412656898562e-01
1.155000000000000000e+02 5.845668138577020390e-01
1.160000000000000000e+02 5.871741125722310661e-01
1.165000000000000000e+02 5.878557741699907968e-01
1.170000000000000000e+02 5.765343469759375283e-01
1.175000000000000000e+02 5.695363474016589267e-01
1.180000000000000000e+02 5.706934327856323375e-01
1.185000000000000000e+02 5.671379555107896042e-01
1.190000000000000000e+02 5.606759478494128812e-01
1.195000000000000000e+02 5.575996605379986981e-01
1.200000000000000000e+02 5.544018267859475158e-01
1.205000000000000000e+02 5.490036111563346699e-01
1.210000000000000000e+02 5.416477512296388186e-01
1.215000000000000000e+02 5.380538790911078006e-01
1.220000000000000000e+02 5.269094729882571881e-01
1.225000000000000000e+02 5.165894390943394088e-01
1.230000000000000000e+02 5.052527813166594051e-01
1.235000000000000000e+02 4.959566722053356802e-01
1.240000000000000000e+02 4.832618668807264206e-01
1.245000000000000000e+02 4.709959472809641112e-01
1.250000000000000000e+02 4.578215873016567294e-01
1.255000000000000000e+02 4.464092546737913336e-01
1.260000000000000000e+02 4.338126490659385825e-01
1.265000000000000000e+02 4.221289472858234526e-01
1.270000000000000000e+02 4.106675275888181376e-01
1.275000000000000000e+02 3.995801147125581654e-01
1.280000000000000000e+02 3.916964512244616170e-01
1.285000000000000000e+02 3.830742896633050343e-01
1.290000000000000000e+02 3.754647128099175557e-01
1.295000000000000000e+02 3.691714718446716392e-01
1.300000000000000000e+02 3.643874162276319884e-01
1.305000000000000000e+02 3.617098600316606127e-01
1.310000000000000000e+02 3.597446532899407079e-01
1.315000000000000000e+02 3.579776886498716726e-01
1.320000000000000000e+02 3.586055484109534341e-01
1.325000000000000000e+02 3.604006465162749029e-01
1.330000000000000000e+02 3.643824167540932191e-01
1.335000000000000000e+02 3.693669955765207513e-01
1.340000000000000000e+02 3.764416723212981597e-01
1.345000000000000000e+02 3.853201622809266369e-01
1.350000000000000000e+02 3.956573958779454059e-01
1.355000000000000000e+02 4.074697596418264123e-01
1.360000000000000000e+02 4.212188072956644658e-01
1.365000000000000000e+02 4.361594596120226264e-01
1.370000000000000000e+02 4.531585611848486517e-01
1.375000000000000000e+02 4.717722378662311811e-01
1.380000000000000000e+02 4.911024929732804023e-01
1.385000000000000000e+02 5.108368406863119660e-01
1.390000000000000000e+02 5.301169727422947453e-01
1.395000000000000000e+02 5.481008983395784240e-01
1.400000000000000000e+02 5.643051790466422357e-01
1.405000000000000000e+02 5.784087328465697952e-01
1.410000000000000000e+02 5.889282368030440695e-01
1.415000000000000000e+02 5.973703331485309409e-01
1.420000000000000000e+02 6.039520759475781597e-01
1.425000000000000000e+02 6.089038571147767920e-01
1.430000000000000000e+02 6.117088449526714156e-01
1.435000000000000000e+02 6.134614854384399241e-01
1.440000000000000000e+02 6.128263820090694702e-01
1.445000000000000000e+02 6.088093837808681297e-01
1.450000000000000000e+02 6.029960255842119476e-01
1.455000000000000000e+02 5.946020478089133476e-01
1.460000000000000000e+02 5.847251500759932386e-01
1.465000000000000000e+02 5.711173759528446192e-01
1.470000000000000000e+02 5.555356582431608681e-01
1.475000000000000000e+02 5.382639066580988674e-01
1.480000000000000000e+02 5.188675113658001159e-01
1.485000000000000000e+02 5.002539624284829678e-01
1.490000000000000000e+02 4.831571281872220625e-01
1.495000000000000000e+02 4.661363422662944123e-01
1.500000000000000000e+02 4.486812947755512426e-01
1.505000000000000000e+02 4.318138842805833155e-01
1.510000000000000000e+02 4.148569751439908915e-01
1.515000000000000000e+02 3.985603714751388416e-01
1.520000000000000000e+02 3.821252982753235439e-01
1.525000000000000000e+02 3.678560604868643114e-01
1.530000000000000000e+02 3.549059695485870525e-01
1.535000000000000000e+02 3.427854554554206623e-01
1.540000000000000000e+02 3.303160202433577664e-01
1.545000000000000000e+02 3.167446752682833711e-01
1.550000000000000000e+02 3.027363514329873828e-01
1.555000000000000000e+02 2.881172865712985365e-01
1.560000000000000000e+02 2.726986606547907033e-01
1.565000000000000000e+02 2.571186163789592749e-01
1.570000000000000000e+02 2.412438182454018643e-01
1.575000000000000000e+02 2.252229600967992629e-01
1.580000000000000000e+02 2.092037900627117530e-01
1.585000000000000000e+02 1.925452516427076100e-01
1.590000000000000000e+02 1.754533655717948060e-01
1.595000000000000000e+02 1.584612273731549892e-01
1.600000000000000000e+02 1.420638316287315683e-01
1.605000000000000000e+02 1.265289044257776885e-01
1.610000000000000000e+02 1.114374931191584733e-01
1.615000000000000000e+02 9.803159600665557749e-02
1.620000000000000000e+02 8.637676478931394231e-02
1.625000000000000000e+02 7.647587896704494126e-02
1.630000000000000000e+02 6.797341312076682351e-02
1.635000000000000000e+02 6.095321533526086577e-02
1.640000000000000000e+02 5.485855906469830345e-02
1.645000000000000000e+02 5.039212230974571272e-02
1.650000000000000000e+02 4.597698706912400901e-02
1.655000000000000000e+02 4.298392198432651745e-02
1.660000000000000000e+02 3.990821188326941493e-02
1.665000000000000000e+02 3.789292476500757262e-02
1.670000000000000000e+02 3.571354910503925922e-02
1.675000000000000000e+02 3.408143090329630170e-02
1.680000000000000000e+02 3.202097060144677709e-02
1.685000000000000000e+02 3.105167472787908819e-02
1.690000000000000000e+02 2.990289821094465825e-02
1.695000000000000000e+02 2.873831716582870080e-02
1.700000000000000000e+02 2.779707482916683736e-02
1.705000000000000000e+02 2.732524736589754186e-02
1.710000000000000000e+02 2.661470411454306545e-02
1.715000000000000000e+02 2.514645476458874859e-02
1.720000000000000000e+02 2.481714806935315584e-02
1.725000000000000000e+02 2.438087245177056675e-02
1.730000000000000000e+02 2.332002585619510557e-02
1.735000000000000000e+02 2.245204857270093404e-02
1.740000000000000000e+02 2.178658053994378396e-02
1.745000000000000000e+02 2.110429102942431440e-02
1.750000000000000000e+02 2.039170357176751242e-02
1.755000000000000000e+02 2.009263326159322141e-02
1.760000000000000000e+02 1.976685263035812129e-02
1.765000000000000000e+02 1.936589350983052016e-02
1.770000000000000000e+02 1.904090575999209042e-02
1.775000000000000000e+02 1.920043955426746496e-02
1.780000000000000000e+02 1.895232347499681974e-02
1.785000000000000000e+02 1.860085923870285346e-02
1.790000000000000000e+02 1.857005080545283057e-02
1.795000000000000000e+02 1.814628393210057991e-02
1.800000000000000000e+02 1.778566508195576421e-02
1.805000000000000000e+02 1.772916804326566537e-02
1.810000000000000000e+02 1.762942016868350795e-02
1.815000000000000000e+02 1.779638618520987259e-02
1.820000000000000000e+02 1.705057736271202787e-02
1.825000000000000000e+02 1.707492031882101857e-02
1.830000000000000000e+02 1.610411381096965924e-02
1.835000000000000000e+02 1.687779355439877546e-02
1.840000000000000000e+02 1.693650989210221045e-02
1.845000000000000000e+02 1.711821646907328576e-02
1.850000000000000000e+02 1.711305354384046531e-02
1.855000000000000000e+02 1.661204661126554349e-02
1.860000000000000000e+02 1.705275367917703788e-02
1.865000000000000000e+02 1.710158179580029830e-02
1.870000000000000000e+02 1.711828233607712996e-02
1.875000000000000000e+02 1.718936101061446439e-02
1.880000000000000000e+02 1.681023785586160599e-02
1.885000000000000000e+02 1.687859986147373023e-02
1.890000000000000000e+02 1.672749348049266255e-02
1.895000000000000000e+02 1.690228408121222450e-02
1.900000000000000000e+02 1.689535881780450388e-02
1.905000000000000000e+02 1.645966518680145457e-02
1.910000000000000000e+02 1.588901824501643550e-02
1.915000000000000000e+02 1.589395955902686217e-02
1.920000000000000000e+02 1.567434873321158287e-02
1.925000000000000000e+02 1.551227950530915251e-02
1.930000000000000000e+02 1.526443950208715948e-02
1.935000000000000000e+02 1.453257549279062845e-02
1.940000000000000000e+02 1.424245139464522594e-02
1.945000000000000000e+02 1.399643603320684451e-02
1.950000000000000000e+02 1.306231857075267934e-02
1.955000000000000000e+02 1.244416939621537273e-02
1.960000000000000000e+02 1.186568932746812945e-02
1.965000000000000000e+02 1.086983668236926950e-02
1.970000000000000000e+02 1.013075555692175521e-02
1.975000000000000000e+02 9.572559953433404725e-03
1.980000000000000000e+02 8.645716944235068077e-03
1.985000000000000000e+02 8.088576345588323682e-03
1.990000000000000000e+02 7.607688798759120082e-03
1.995000000000000000e+02 7.116649710498230627e-03
2.000000000000000000e+02 6.498536363908747823e-03
2.005000000000000000e+02 5.684710522965368863e-03
2.010000000000000000e+02 5.496341199905932159e-03
2.015000000000000000e+02 4.940328816409125974e-03
2.020000000000000000e+02 4.696574118278997942e-03
2.025000000000000000e+02 4.450714657323488754e-03
2.030000000000000000e+02 4.009288958275794394e-03
2.035000000000000000e+02 3.782156575262229838e-03
2.040000000000000000e+02 3.634415776848526260e-03
2.045000000000000000e+02 3.370612288864375389e-03
2.050000000000000000e+02 3.593373866498554732e-03
2.055000000000000000e+02 3.167125234571658340e-03
2.060000000000000000e+02 2.960103362892388835e-03
2.065000000000000000e+02 2.447361600049498265e-03
2.070000000000000000e+02 2.711414328573378673e-03
2.075000000000000000e+02 2.366421375696946272e-03
2.080000000000000000e+02 2.393972850079694424e-03
2.085000000000000000e+02 2.142515228359785726e-03
2.090000000000000000e+02 2.035728880076832260e-03
2.095000000000000000e+02 1.713352212149448417e-03
2.100000000000000000e+02 1.985312290178903403e-03
2.105000000000000000e+02 1.665487989910076003e-03
2.110000000000000000e+02 1.057961866062285747e-03
2.115000000000000000e+02 1.186462494284706371e-03
2.120000000000000000e+02 1.131715232964144438e-03
2.125000000000000000e+02 1.077659900240575787e-03
2.130000000000000000e+02 8.600902789119408386e-04
2.135000000000000000e+02 5.562098563467726816e-04
2.140000000000000000e+02 4.014140229649380050e-04
2.145000000000000000e+02 9.386752089577940278e-04
2.150000000000000000e+02 9.447998529713402252e-04
2.155000000000000000e+02 8.925761895694985133e-04
2.160000000000000000e+02 7.627327090283221806e-04
2.165000000000000000e+02 7.090106886888584807e-04
2.170000000000000000e+02 4.129056784211357616e-04
2.175000000000000000e+02 -8.474366676945319294e-05
2.180000000000000000e+02 -8.991889218129042315e-05
2.185000000000000000e+02 1.676666465823442424e-04
2.190000000000000000e+02 -1.854820855056154975e-04
2.195000000000000000e+02 -4.280230571801360378e-04
2.200000000000000000e+02 -2.466893863892181157e-04
