1.100000000000000000e+02 7.339684101126879578e-02
1.105000000000000000e+02 -4.080025265252946315e-02
1.110000000000000000e+02 3.242185225596809495e-02
1.115000000000000000e+02 9.054206112277446428e-03
1.120000000000000000e+02 -2.240300740586517042e-02
1.125000000000000000e+02 5.528925911807515414e-02
1.130000000000000000e+02 -5.345347593948010512e-02
1.135000000000000000e+02 -1.113827854087951902e-01
1.140000000000000000e+02 nan
1.145000000000000000e+02 5.949396374990969516e-01
1.150000000000000000e+02 5.566246002361086020e-01
1.155000000000000000e+02 5.431974125992400371e-01
1.160000000000000000e+02 5.389931072524930533e-01
1.165000000000000000e+02 5.360520054889297281e-01
1.170000000000000000e+02 5.314545593023841663e-01
1.175000000000000000e+02 5.330739789879288537e-01
1.180000000000000000e+02 5.267812704649913469e-01
1.185000000000000000e+02 5.229532763051225608e-01
1.190000000000000000e+02 5.197722395746406931e-01
1.195000000000000000e+02 5.200616835360938328e-01
1.200000000000000000e+02 5.138732873015514624e-01
1.205000000000000000e+02 5.086711125015369594e-01
1.210000000000000000e+02 5.014294577300204558e-01
1.215000000000000000e+02 4.946487393263335197e-01
1.220000000000000000e+02 4.843499983838777112e-01
1.225000000000000000e+02 4.756186685554693594e-01
1.230000000000000000e+02 4.664316897221106317e-01
1.235000000000000000e+02 4.556770692238925613e-01
1.240000000000000000e+02 4.447538662163231793e-01
1.245000000000000000e+02 4.325945378840012623e-01
1.250000000000000000e+02 4.206637562650892281e-01
1.255000000000000000e+02 4.096735968652979176e-01
1.260000000000000000e+02 3.976202953830269005e-01
1.265000000000000000e+02 3.873178366765307468e-01
1.270000000000000000e+02 3.766026452063647723e-01
1.275000000000000000e+02 3.673311725287276008e-01
1.280000000000000000e+02 3.586174331909404156e-01
1.285000000000000000e+02 3.515772069565283875e-01
1.290000000000000000e+02 3.452294746768222455e-01
1.295000000000000000e+02 3.400755678276987104e-01
1.300000000000000000e+02 3.365989817708372467e-01
1.305000000000000000e+02 3.339468733947210666e-01
1.310000000000000000e+02 3.318678789499055481e-01
1.315000000000000000e+02 3.317177314700018864e-01
1.320000000000000000e+02 3.324004029450565167e-01
1.325000000000000000e+02 3.347435938136110178e-01
1.330000000000000000e+02 3.389887473703153131e-01
1.335000000000000000e+02 3.442021292493888662e-01
1.340000000000000000e+02 3.516842859096904195e-01
1.345000000000000000e+02 3.605091524846675277e-01
1.350000000000000000e+02 3.716305858013245755e-01
1.355000000000000000e+02 3.835045314695393892e-01
1.360000000000000000e+02 3.964757463332444498e-01
1.365000000000000000e+02 4.115293811607408925e-01
1.370000000000000000e+02 4.283720388536009227e-01
1.375000000000000000e+02 4.470324857680393338e-01
1.380000000000000000e+02 4.658198056488023764e-01
1.385000000000000000e+02 4.852228883135178972e-01
1.390000000000000000e+02 5.035975700081005701e-01
1.395000000000000000e+02 5.207828363494115820e-01
1.400000000000000000e+02 5.362870268526216400e-01
1.405000000000000000e+02 5.495220298255353297e-01
1.410000000000000000e+02 5.593992821850962693e-01
1.415000000000000000e+02 5.667805382900775735e-01
1.420000000000000000e+02 5.723568116334049050e-01
1.425000000000000000e+02 5.768556184038600154e-01
1.430000000000000000e+02 5.789721255805996281e-01
1.435000000000000000e+02 5.795971188881574587e-01
1.440000000000000000e+02 5.778132287922859156e-01
1.445000000000000000e+02 5.733498723214091042e-01
1.450000000000000000e+02 5.665930702347785619e-01
1.455000000000000000e+02 5.573002726344414848e-01
1.460000000000000000e+02 5.465514956534462954e-01
1.465000000000000000e+02 5.326067928153057629e-01
1.470000000000000000e+02 5.165415446435919211e-01
1.475000000000000000e+02 4.989339195082699296e-01
1.480000000000000000e+02 4.795218290994345267e-01
1.485000000000000000e+02 4.611715688799335466e-01
1.490000000000000000e+02 4.444613090375759690e-01
1.495000000000000000e+02 4.278063578876166728e-01
1.500000000000000000e+02 4.107137985519088152e-01
1.505000000000000000e+02 3.948811038638037618e-01
1.510000000000000000e+02 3.786563275315494859e-01
1.515000000000000000e+02 3.629467409679645318e-01
1.520000000000000000e+02 3.476874896793212266e-01
1.525000000000000000e+02 3.342425828074466754e-01
1.530000000000000000e+02 3.215085274913335733e-01
1.535000000000000000e+02 3.096707654608486515e-01
1.540000000000000000e+02 2.976699880030749812e-01
1.545000000000000000e+02 2.849072301009547004e-01
1.550000000000000000e+02 2.712561685076942397e-01
1.555000000000000000e+02 2.575275989854795555e-01
1.560000000000000000e+02 2.425523962693700020e-01
1.565000000000000000e+02 2.277969794210663868e-01
1.570000000000000000e+02 2.125536310209959201e-01
1.575000000000000000e+02 1.973013662104621257e-01
1.580000000000000000e+02 1.820109066062228775e-01
1.585000000000000000e+02 1.658316536060286672e-01
1.590000000000000000e+02 1.497790914591062283e-01
1.595000000000000000e+02 1.339934336205147458e-01
1.600000000000000000e+02 1.185359517637342985e-01
1.605000000000000000e+02 1.038492006831491371e-01
1.610000000000000000e+02 8.989902881342831664e-02
1.615000000000000000e+02 7.737116284431724833e-02
1.620000000000000000e+02 6.677065281092928184e-02
1.625000000000000000e+02 5.752348107480084738e-02
1.630000000000000000e+02 4.977917703942748295e-02
1.635000000000000000e+02 4.326893149945908179e-02
1.640000000000000000e+02 3.816575102301641986e-02
1.645000000000000000e+02 3.397302691925129653e-02
1.650000000000000000e+02 2.982215810780946760e-02
1.655000000000000000e+02 2.705360655251392438e-02
1.660000000000000000e+02 2.445390212061272078e-02
1.665000000000000000e+02 2.249105494195699842e-02
1.670000000000000000e+02 2.079277451323867376e-02
1.675000000000000000e+02 1.919092966965472644e-02
1.680000000000000000e+02 1.781013130545561207e-02
1.685000000000000000e+02 1.657432307711436889e-02
1.690000000000000000e+02 1.580914060378832767e-02
1.695000000000000000e+02 1.508955283061442360e-02
1.700000000000000000e+02 1.414126081217828741e-02
1.705000000000000000e+02 1.348201274877238072e-02
1.710000000000000000e+02 1.285005426289490167e-02
1.715000000000000000e+02 1.189481920333234494e-02
1.720000000000000000e+02 1.165180557715356224e-02
1.725000000000000000e+02 1.111388460154709261e-02
1.730000000000000000e+02 1.034220754283371457e-02
1.735000000000000000e+02 9.967216003347958292e-03
1.740000000000000000e+02 9.276290944405253189e-03
1.745000000000000000e+02 8.740865962307607304e-03
1.750000000000000000e+02 8.136536962597312392e-03
1.755000000000000000e+02 7.829961572093469685e-03
1.760000000000000000e+02 7.947687322066321683e-03
1.765000000000000000e+02 7.528620462742750125e-03
1.770000000000000000e+02 6.932289836424395356e-03
1.775000000000000000e+02 6.693242338316063821e-03
1.780000000000000000e+02 6.625180307289040178e-03
1.785000000000000000e+02 6.148958976772994460e-03
1.790000000000000000e+02 6.403923782323456618e-03
1.795000000000000000e+02 6.015661924151123954e-03
1.800000000000000000e+02 5.626207917627992078e-03
1.805000000000000000e+02 5.869872340720777917e-03
1.810000000000000000e+02 5.838895662330798042e-03
1.815000000000000000e+02 5.916290044511678461e-03
1.820000000000000000e+02 5.551588245730892761e-03
1.825000000000000000e+02 5.274846580729765193e-03
1.830000000000000000e+02 5.388315043476471847e-03
1.835000000000000000e+02 5.884002435387032139e-03
1.840000000000000000e+02 6.301994473320414111e-03
1.845000000000000000e+02 6.195066525539972592e-03
1.850000000000000000e+02 6.317917030765332273e-03
1.855000000000000000e+02 6.147617165525450303e-03
1.860000000000000000e+02 6.168288272871084305e-03
1.865000000000000000e+02 6.378734103276450379e-03
1.870000000000000000e+02 6.458586558992955758e-03
1.875000000000000000e+02 6.314118408995218409e-03
1.880000000000000000e+02 6.184389464106378534e-03
1.885000000000000000e+02 6.167540339447918560e-03
1.890000000000000000e+02 6.158970465276911339e-03
1.895000000000000000e+02 6.495686118244104260e-03
1.900000000000000000e+02 6.420774552922572931e-03
1.905000000000000000e+02 6.174103016890383419e-03
1.910000000000000000e+02 6.017142661418333795e-03
1.915000000000000000e+02 5.685146166241565081e-03
1.920000000000000000e+02 5.309583822530442726e-03
1.925000000000000000e+02 5.269673996710510025e-03
1.930000000000000000e+02 5.088784898265635327e-03
1.935000000000000000e+02 4.734604788209566088e-03
1.940000000000000000e+02 4.164051935697484115e-03
1.945000000000000000e+02 3.998665848586229268e-03
1.950000000000000000e+02 3.577950515355506414e-03
1.955000000000000000e+02 2.863945382584894006e-03
1.960000000000000000e+02 2.569167235816225726e-03
1.965000000000000000e+02 1.652310911828518223e-03
1.970000000000000000e+02 1.553282734565137897e-03
1.975000000000000000e+02 6.644379622838492106e-04
1.980000000000000000e+02 -2.640576661644420325e-05
1.985000000000000000e+02 -4.034866260408441572e-04
1.990000000000000000e+02 -9.415290049581833635e-04
1.995000000000000000e+02 -1.050361215574050237e-03
2.000000000000000000e+02 -1.487728320093753597e-03
2.005000000000000000e+02 -1.997059431624737501e-03
2.010000000000000000e+02 -2.126693640440345968e-03
2.015000000000000000e+02 -2.527295627390444867e-03
2.020000000000000000e+02 -2.720363815119484444e-03
2.025000000000000000e+02 -2.941124053948590208e-03
2.030000000000000000e+02 -3.231248869441016944e-03
2.035000000000000000e+02 -3.526361742410489414e-03
2.040000000000000000e+02 -3.431732056374592766e-03
2.045000000000000000e+02 -3.554509952864896762e-03
2.050000000000000000e+02 -3.385364987534594979e-03
2.055000000000000000e+02 -3.840476738253337588e-03
2.060000000000000000e+02 -3.771394424359200952e-03
2.065000000000000000e+02 -3.926052607546487265e-03
2.070000000000000000e+02 -4.032605132703715074e-03
2.075000000000000000e+02 -4.973048749029473740e-03
2.080000000000000000e+02 -5.123848112628354851e-03
2.085000000000000000e+02 -5.102169549566434176e-03
2.090000000000000000e+02 -5.090420940635281485e-03
2.095000000000000000e+02 -5.285381263777695453e-03
2.100000000000000000e+02 -5.272817975964477592e-03
2.105000000000000000e+02 -5.416630874762480737e-03
2.110000000000000000e+02 -5.937128972425045718e-03
2.115000000000000000e+02 -5.546685162399414212e-03
2.120000000000000000e+02 -5.863766131774554233e-03
2.125000000000000000e+02 -5.716755732054782692e-03
2.130000000000000000e+02 -5.737233112960900619e-03
2.135000000000000000e+02 -5.797827064793917816e-03
2.140000000000000000e+02 -6.002912596332420948e-03
2.145000000000000000e+02 -5.803582165416364472e-03
2.150000000000000000e+02 -5.675670587409125528e-03
2.155000000000000000e+02 -5.416514086008415545e-03
2.160000000000000000e+02 -5.557153679604434800e-03
2.165000000000000000e+02 -5.679756005048512170e-03
2.170000000000000000e+02 -5.537614628739910561e-03
2.175000000000000000e+02 -5.732766954757754878e-03
2.180000000000000000e+02 -5.782624309791663773e-03
2.185000000000000000e+02 -5.837298103359162688e-03
2.190000000000000000e+02 -6.035367896205164583e-03
2.195000000000000000e+02 -6.206413978219083027e-03
2.200000000000000000e+02 -5.958001957572416421e-03
