1.100000000000000000e+02 7.206366083991476434e-02
1.105000000000000000e+02 -4.132643019285726915e-02
1.110000000000000000e+02 7.664563090862035188e-02
1.115000000000000000e+02 -1.109574433561926893e-01
1.120000000000000000e+02 -7.986533911802625244e-03
1.125000000000000000e+02 -3.069493780630038957e-02
1.130000000000000000e+02 3.810733465466766695e-02
1.135000000000000000e+02 3.699678636746554783e-02
1.140000000000000000e+02 nan
1.145000000000000000e+02 6.549473429303775962e-01
1.150000000000000000e+02 6.071088155252883922e-01
1.155000000000000000e+02 5.892933772672863668e-01
1.160000000000000000e+02 5.795166262627136078e-01
1.165000000000000000e+02 5.765928486185918356e-01
1.170000000000000000e+02 5.722135466085288558e-01
1.175000000000000000e+02 5.670396446061232165e-01
1.180000000000000000e+02 5.698403197511026086e-01
1.185000000000000000e+02 5.659383496693938254e-01
1.190000000000000000e+02 5.583201980557490618e-01
1.195000000000000000e+02 5.556640406899956419e-01
1.200000000000000000e+02 5.501879448135167383e-01
1.205000000000000000e+02 5.446369241250422766e-01
1.210000000000000000e+02 5.370697310494684240e-01
1.215000000000000000e+02 5.301691190965616141e-01
1.220000000000000000e+02 5.201069584346190711e-01
1.225000000000000000e+02 5.107804346095281556e-01
1.230000000000000000e+02 5.023141248637307266e-01
1.235000000000000000e+02 4.918393172168974425e-01
1.240000000000000000e+02 4.788891286537667602e-01
1.245000000000000000e+02 4.672356330370292521e-01
1.250000000000000000e+02 4.550390460923399161e-01
1.255000000000000000e+02 4.431978867500562802e-01
1.260000000000000000e+02 4.298363190077184592e-01
1.265000000000000000e+02 4.190494174394421845e-01
1.270000000000000000e+02 4.068477336381500775e-01
1.275000000000000000e+02 3.970057241523899938e-01
1.280000000000000000e+02 3.885041670167140304e-01
1.285000000000000000e+02 3.795101619166681428e-01
1.290000000000000000e+02 3.725705701214179211e-01
1.295000000000000000e+02 3.662827269001115993e-01
1.300000000000000000e+02 3.618598110782902944e-01
1.305000000000000000e+02 3.585100990872389648e-01
1.310000000000000000e+02 3.567256282884891938e-01
1.315000000000000000e+02 3.552538913136888410e-01
1.320000000000000000e+02 3.558625671914223410e-01
1.325000000000000000e+02 3.579251526022339536e-01
1.330000000000000000e+02 3.616120818702290851e-01
1.335000000000000000e+02 3.661489405155070043e-01
1.340000000000000000e+02 3.741383404066128682e-01
1.345000000000000000e+02 3.821219014714632989e-01
1.350000000000000000e+02 3.935134103090560664e-01
1.355000000000000000e+02 4.049916678630957056e-01
1.360000000000000000e+02 4.182738904002691327e-01
1.365000000000000000e+02 4.334344073860037505e-01
1.370000000000000000e+02 4.504462887701144447e-01
1.375000000000000000e+02 4.688776671484007341e-01
1.380000000000000000e+02 4.876179384221651092e-01
1.385000000000000000e+02 5.078402940914055197e-01
1.390000000000000000e+02 5.268267516783210480e-01
1.395000000000000000e+02 5.449862344668821024e-01
1.400000000000000000e+02 5.611385402683353174e-01
1.405000000000000000e+02 5.750404408968137204e-01
1.410000000000000000e+02 5.859326431754818820e-01
1.415000000000000000e+02 5.939457292198485616e-01
1.420000000000000000e+02 6.002391026662146079e-01
1.425000000000000000e+02 6.054296690816234339e-01
1.430000000000000000e+02 6.083700000973211175e-01
1.435000000000000000e+02 6.098016588013424055e-01
1.440000000000000000e+02 6.089087699979648383e-01
1.445000000000000000e+02 6.051599145049704198e-01
1.450000000000000000e+02 5.989471344575600931e-01
1.455000000000000000e+02 5.910300667080876647e-01
1.460000000000000000e+02 5.805280354392977626e-01
1.465000000000000000e+02 5.674188048017796415e-01
1.470000000000000000e+02 5.517357839044884082e-01
1.475000000000000000e+02 5.340903653605848511e-01
1.480000000000000000e+02 5.149468081549041232e-01
1.485000000000000000e+02 4.959964970972142173e-01
1.490000000000000000e+02 4.793998518456118463e-01
1.495000000000000000e+02 4.620158721915347821e-01
1.500000000000000000e+02 4.447072799190638359e-01
1.505000000000000000e+02 4.282518778725988851e-01
1.510000000000000000e+02 4.112923587627248523e-01
1.515000000000000000e+02 3.951016852819619896e-01
1.520000000000000000e+02 3.793164866718552464e-01
1.525000000000000000e+02 3.649752378073953252e-01
1.530000000000000000e+02 3.520080524200274175e-01
1.535000000000000000e+02 3.393336406178896203e-01
1.540000000000000000e+02 3.269082903794128248e-01
1.545000000000000000e+02 3.136526328880374082e-01
1.550000000000000000e+02 2.995064707513091506e-01
1.555000000000000000e+02 2.851147014311064543e-01
1.560000000000000000e+02 2.696337898013115852e-01
1.565000000000000000e+02 2.540255784856249033e-01
1.570000000000000000e+02 2.381839127035612347e-01
1.575000000000000000e+02 2.226424447142724417e-01
1.580000000000000000e+02 2.062197713319944281e-01
1.585000000000000000e+02 1.897637787264259968e-01
1.590000000000000000e+02 1.729230040874446261e-01
1.595000000000000000e+02 1.558860000208222851e-01
1.600000000000000000e+02 1.398935294921194727e-01
1.605000000000000000e+02 1.242639955208864472e-01
1.610000000000000000e+02 1.091442554349404820e-01
1.615000000000000000e+02 9.579659870683257528e-02
1.620000000000000000e+02 8.394433069451699703e-02
1.625000000000000000e+02 7.407449165550845926e-02
1.630000000000000000e+02 6.591693554180233505e-02
1.635000000000000000e+02 5.886290830101648108e-02
1.640000000000000000e+02 5.287200079741938979e-02
1.645000000000000000e+02 4.818765750496368377e-02
1.650000000000000000e+02 4.379067985269755048e-02
1.655000000000000000e+02 4.089665696655214733e-02
1.660000000000000000e+02 3.782344916451153144e-02
1.665000000000000000e+02 3.574065192217075471e-02
1.670000000000000000e+02 3.359219863314292370e-02
1.675000000000000000e+02 3.193851347386656575e-02
1.680000000000000000e+02 3.016780054244957640e-02
1.685000000000000000e+02 2.891998645680295132e-02
1.690000000000000000e+02 2.783629654610265958e-02
1.695000000000000000e+02 2.721846932710485570e-02
1.700000000000000000e+02 2.606114523216289044e-02
1.705000000000000000e+02 2.531144138408740127e-02
1.710000000000000000e+02 2.463318211747135209e-02
1.715000000000000000e+02 2.356566175707709709e-02
1.720000000000000000e+02 2.285747380963899789e-02
1.725000000000000000e+02 2.220433069520261898e-02
1.730000000000000000e+02 2.165707768971743968e-02
1.735000000000000000e+02 2.098159767404741624e-02
1.740000000000000000e+02 1.996885859444640435e-02
1.745000000000000000e+02 1.955131343060438967e-02
1.750000000000000000e+02 1.856286167656689967e-02
1.755000000000000000e+02 1.838393841471382129e-02
1.760000000000000000e+02 1.825708620118664249e-02
1.765000000000000000e+02 1.785757720729878872e-02
1.770000000000000000e+02 1.731957994468542525e-02
1.775000000000000000e+02 1.707815605264409800e-02
1.780000000000000000e+02 1.716673351051271890e-02
1.785000000000000000e+02 1.685123854278245195e-02
1.790000000000000000e+02 1.652076726529700876e-02
1.795000000000000000e+02 1.611544186431510331e-02
1.800000000000000000e+02 1.592871833606510426e-02
1.805000000000000000e+02 1.591736832972860324e-02
1.810000000000000000e+02 1.610622782710471185e-02
1.815000000000000000e+02 1.556045213213547683e-02
1.820000000000000000e+02 1.515488522178659245e-02
1.825000000000000000e+02 1.506733718315474146e-02
1.830000000000000000e+02 1.482042545258305082e-02
1.835000000000000000e+02 1.554553262567890358e-02
1.840000000000000000e+02 1.565368954948199304e-02
1.845000000000000000e+02 1.604897471184657531e-02
1.850000000000000000e+02 1.581579339108554055e-02
1.855000000000000000e+02 1.570729860762441754e-02
1.860000000000000000e+02 1.588796967995757814e-02
1.865000000000000000e+02 1.547686834062905747e-02
1.870000000000000000e+02 1.595565525768856061e-02
1.875000000000000000e+02 1.589590935104075869e-02
1.880000000000000000e+02 1.569536062226434964e-02
1.885000000000000000e+02 1.538369928356864494e-02
1.890000000000000000e+02 1.555096652062706343e-02
1.895000000000000000e+02 1.524102940655688160e-02
1.900000000000000000e+02 1.549319606434989595e-02
1.905000000000000000e+02 1.504412532737294320e-02
1.910000000000000000e+02 1.465197345429770925e-02
1.915000000000000000e+02 1.463469688449333533e-02
1.920000000000000000e+02 1.396334181842461171e-02
1.925000000000000000e+02 1.400291793120402202e-02
1.930000000000000000e+02 1.388912300421968164e-02
1.935000000000000000e+02 1.326990922718909033e-02
1.940000000000000000e+02 1.225506254878122939e-02
1.945000000000000000e+02 1.214295755763924317e-02
1.950000000000000000e+02 1.131062513017430486e-02
1.955000000000000000e+02 1.055953595481892715e-02
1.960000000000000000e+02 1.007976949251729835e-02
1.965000000000000000e+02 9.026193800608975013e-03
1.970000000000000000e+02 8.505987640561488844e-03
1.975000000000000000e+02 7.858140066402076115e-03
1.980000000000000000e+02 7.169631866033449041e-03
1.985000000000000000e+02 6.600386917500136383e-03
1.990000000000000000e+02 6.293497604989289028e-03
1.995000000000000000e+02 5.550676433309411836e-03
2.000000000000000000e+02 5.039139879902579389e-03
2.005000000000000000e+02 4.503912852456009100e-03
2.010000000000000000e+02 4.156826035037521246e-03
2.015000000000000000e+02 3.812105969724962750e-03
2.020000000000000000e+02 3.350911382925994986e-03
2.025000000000000000e+02 3.081596685672967437e-03
2.030000000000000000e+02 2.442604842090835126e-03
2.035000000000000000e+02 2.363836647895791506e-03
2.040000000000000000e+02 2.483496896890149356e-03
2.045000000000000000e+02 2.113025070583196118e-03
2.050000000000000000e+02 1.961261226164042956e-03
2.055000000000000000e+02 1.672310867193853605e-03
2.060000000000000000e+02 1.520727860892628382e-03
2.065000000000000000e+02 1.227153210774928902e-03
2.070000000000000000e+02 1.199108124906091708e-03
2.075000000000000000e+02 1.195559504470628150e-03
2.080000000000000000e+02 1.033584650058309634e-03
2.085000000000000000e+02 8.362107245602304903e-04
2.090000000000000000e+02 8.818992258896757872e-04
2.095000000000000000e+02 6.907846086290817629e-04
2.100000000000000000e+02 4.862181560166542525e-04
2.105000000000000000e+02 1.574443806707062122e-04
2.110000000000000000e+02 -7.492169460483129079e-05
2.115000000000000000e+02 1.397540579229111140e-04
2.120000000000000000e+02 1.158054513060081803e-07
2.125000000000000000e+02 -2.482570720656299850e-04
2.130000000000000000e+02 -5.424728729226850968e-04
2.135000000000000000e+02 -3.874684292314117232e-04
2.140000000000000000e+02 -8.688032511237749013e-04
2.145000000000000000e+02 -1.304410408035995876e-04
2.150000000000000000e+02 -2.283189906930319557e-04
2.155000000000000000e+02 -4.187757879545148018e-06
2.160000000000000000e+02 -4.728661849469976129e-04
2.165000000000000000e+02 -4.668529275807576685e-04
2.170000000000000000e+02 -2.271877523906775439e-04
2.175000000000000000e+02 -5.549081149017236680e-04
2.180000000000000000e+02 -6.788002385102716654e-04
2.185000000000000000e+02 -6.543942003231034655e-04
2.190000000000000000e+02 -9.991116055374340069e-04
2.195000000000000000e+02 -9.495785600571636986e-04
2.200000000000000000e+02 -1.065511104024128393e-03
