1.000000000000000000e+02 1.000000000000000000e+00 1.482848898713515666e+02 1.271603302639065589e+02 9.699999999999957367e+01
1.000000000000000000e+02 2.000000000000000000e+00 1.495076711901239150e+02 1.269994148334702402e+02 9.699999999803890205e+01
1.000000000000000000e+02 3.000000000000000000e+00 1.499192499520157185e+02 1.268738828170257591e+02 9.699999999999998579e+01
1.000000000000000000e+02 4.000000000000000000e+00 1.494802000744084012e+02 1.236825387891378085e+02 9.699999999999998579e+01
1.000000000000000000e+02 5.000000000000000000e+00 1.450000000000000284e+02 1.205924287739220517e+02 9.699999999999998579e+01
1.050000000000000000e+02 1.000000000000000000e+00 1.483643705610832342e+02 1.274181980471805957e+02 9.699983209062392575e+01
1.050000000000000000e+02 2.000000000000000000e+00 1.479002823971984526e+02 1.270386615174262204e+02 9.699999999989775290e+01
1.050000000000000000e+02 3.000000000000000000e+00 1.474665948737547865e+02 1.268500889245067782e+02 9.699999999999998579e+01
1.050000000000000000e+02 4.000000000000000000e+00 1.454828554836998649e+02 1.239415838284775617e+02 9.699999999999998579e+01
1.050000000000000000e+02 5.000000000000000000e+00 1.450000000000001990e+02 1.227024595775616689e+02 9.699999999999998579e+01
1.050000000000000000e+02 6.000000000000000000e+00 1.450000000000000284e+02 1.220767299792406675e+02 9.699999999999998579e+01
1.100000000000000000e+02 1.000000000000000000e+00 1.498138541311727465e+02 1.273876427729089045e+02 9.699999999999998579e+01
1.100000000000000000e+02 2.000000000000000000e+00 1.476946874871305226e+02 1.269643705128854805e+02 9.699999999999526779e+01
1.100000000000000000e+02 3.000000000000000000e+00 1.458084496937164261e+02 1.265188140770616911e+02 9.699999999999998579e+01
1.100000000000000000e+02 4.000000000000000000e+00 1.450000000000000284e+02 1.247288910328997957e+02 9.699999999999998579e+01
1.100000000000000000e+02 5.000000000000000000e+00 1.450000000000000284e+02 1.237203911757637655e+02 9.699999999999995737e+01
1.1500000000000000000e+02 1.000000000000000000e+00 1.499999999999999716e+02 1.278554522540398608e+02 9.699999998191955797e+01
1.150000000000000000e+02 2.000000000000000000e+00 1.498773938838848494e+02 1.277978414605540962e+02 9.699999999975186427e+01
1.150000000000000000e+02 3.000000000000000000e+00 1.495522070368948278e+02 1.275413575583193904e+02 9.699999999999674571e+01
1.150000000000000000e+02 4.000000000000000000e+00 1.484859298348814320e+02 1.272642535976562357e+02 9.699999999999955946e+01
1.150000000000000000e+02 5.000000000000000000e+00 1.473081520298509304e+02 1.260140849323357486e+02 9.699999999999998579e+01
1.200000000000000000e+02 1.000000000000000000e+00 1.499999999999999716e+02 1.273616045454620860e+02 9.699999998531839651e+01
1.200000000000000000e+02 2.000000000000000000e+00 1.499999999999999432e+02 1.274083055678088954e+02 9.699999999918200899e+01
1.200000000000000000e+02 3.000000000000000000e+00 1.499999999999999716e+02 1.275546548894712373e+02 9.699999999999992895e+01
1.200000000000000000e+02 4.000000000000000000e+00 1.492173203244201432e+02 1.273838833334761915e+02 9.699999999999931788e+01
1.200000000000000000e+02 5.000000000000000000e+00 1.465813685633754631e+02 1.266190345773455590e+02 9.699999998975697224e+01
2.000000000000000000e+01 1.000000000000000000e+00 1.483271226969544898e+02 1.260871162200711240e+02 9.650002053749378206e+01
2.000000000000000000e+01 2.000000000000000000e+00 1.474689483951574971e+02 1.253744701727056707e+02 9.650001604179861658e+01
2.000000000000000000e+01 3.000000000000000000e+00 1.466416995213982659e+02 1.253770634593148543e+02 9.650000000000039790e+01
2.000000000000000000e+01 4.000000000000000000e+00 1.467839869951943399e+02 1.246099504072553827e+02 9.699999999999988631e+01
2.000000000000000000e+01 5.000000000000000000e+00 1.450000000000000284e+02 1.223958409468361452e+02 9.699999999999998579e+01
5.000000000000000000e+01 1.000000000000000000e+00 1.474157709629108410e+02 1.265480763548704175e+02 9.670988727734022916e+01
5.000000000000000000e+01 2.000000000000000000e+00 1.470270200740048665e+02 1.261526262282857260e+02 9.699999999798254180e+01
5.000000000000000000e+01 3.000000000000000000e+00 1.465573449798107788e+02 1.261772650002538398e+02 9.650000661667817781e+01
5.000000000000000000e+01 4.000000000000000000e+00 1.481430942580949193e+02 1.257596587429428610e+02 9.699999999999998579e+01
5.000000000000000000e+01 5.000000000000000000e+00 1.490725747702269928e+02 1.240896736790272712e+02 9.699999999999998579e+01
6.000000000000000000e+01 1.000000000000000000e+00 1.471840852095844241e+02 1.266342575601344294e+02 9.699999999973812237e+01
6.000000000000000000e+01 2.000000000000000000e+00 1.471156963138486446e+02 1.265134514110032455e+02 9.699999999981035614e+01
6.000000000000000000e+01 3.000000000000000000e+00 1.468204311707503393e+02 1.264665424063065871e+02 9.699999987815340319e+01
8.000000000000000000e+01 1.000000000000000000e+00 1.476340425656888726e+02 1.268545916616562579e+02 9.699999996832579541e+01
8.000000000000000000e+01 2.000000000000000000e+00 1.471259487386912497e+02 1.267187473460335809e+02 9.699999999867476674e+01
8.000000000000000000e+01 3.000000000000000000e+00 1.467585840923052842e+02 1.267247327094856502e+02 9.699999999971308284e+01
8.000000000000000000e+01 4.000000000000000000e+00 1.479960230759049011e+02 1.259335781471306177e+02 9.699999999999998579e+01
8.000000000000000000e+01 5.000000000000000000e+00 1.491570848539520284e+02 1.246659167283748815e+02 9.699999999999995737e+01
8.000000000000000000e+01 6.000000000000000000e+00 1.478162169407131330e+02 1.230280402162108970e+02 9.699999999999998579e+01
