1.100000000000000000e+02 -2.070501000963557714e-01
1.105000000000000000e+02 -7.276235736046904323e-02
1.110000000000000000e+02 -1.012736066954073866e-01
1.115000000000000000e+02 -8.794083469806669717e-02
1.120000000000000000e+02 -2.272094704373728014e-01
1.125000000000000000e+02 -4.537560188739482581e-02
1.130000000000000000e+02 -1.910841710476649247e-01
1.135000000000000000e+02 -1.192630152522211259e-02
1.140000000000000000e+02 3.407242003067187386e-01
1.145000000000000000e+02 2.366320933189091091e-01
1.150000000000000000e+02 2.340379386427596242e-01
1.155000000000000000e+02 2.319797504397500543e-01
1.160000000000000000e+02 2.304774376377245748e-01
1.165000000000000000e+02 2.286008745746416493e-01
1.170000000000000000e+02 2.274466924292039005e-01
1.175000000000000000e+02 2.266854866396698642e-01
1.180000000000000000e+02 2.253475155816182518e-01
1.185000000000000000e+02 2.219030003480246815e-01
1.190000000000000000e+02 2.198362232183385667e-01
1.195000000000000000e+02 2.184893930884076185e-01
1.200000000000000000e+02 2.154161009037952046e-01
1.205000000000000000e+02 2.134609489669466453e-01
1.210000000000000000e+02 2.105138317914571622e-01
1.215000000000000000e+02 2.059667986935044270e-01
1.220000000000000000e+02 2.005755299773532285e-01
1.225000000000000000e+02 1.967139644693664535e-01
1.230000000000000000e+02 1.915624354834022658e-01
1.235000000000000000e+02 1.864978634104863808e-01
1.240000000000000000e+02 1.816567543866589862e-01
1.245000000000000000e+02 1.762997070338813976e-01
1.250000000000000000e+02 1.711160752541806274e-01
1.255000000000000000e+02 1.662684758782733974e-01
1.260000000000000000e+02 1.613052314483342520e-01
1.265000000000000000e+02 1.581684510513778896e-01
1.270000000000000000e+02 1.523287490175299075e-01
1.275000000000000000e+02 1.487475810633767381e-01
1.280000000000000000e+02 1.450155779675995904e-01
1.285000000000000000e+02 1.422621931662260975e-01
1.290000000000000000e+02 1.392722542811589137e-01
1.295000000000000000e+02 1.366694611264819836e-01
1.300000000000000000e+02 1.347512616073099911e-01
1.305000000000000000e+02 1.330184575259799606e-01
1.310000000000000000e+02 1.319656824863924549e-01
1.315000000000000000e+02 1.314261951748087742e-01
1.320000000000000000e+02 1.316002810666333511e-01
1.325000000000000000e+02 1.317120664407033237e-01
1.330000000000000000e+02 1.329638067503131071e-01
1.335000000000000000e+02 1.345490558680996762e-01
1.340000000000000000e+02 1.372969307288331442e-01
1.345000000000000000e+02 1.404204991895059984e-01
1.350000000000000000e+02 1.439824377999027738e-01
1.355000000000000000e+02 1.485197544189483798e-01
1.360000000000000000e+02 1.536638009475620736e-01
1.365000000000000000e+02 1.599287798749963740e-01
1.370000000000000000e+02 1.666970118589946315e-01
1.375000000000000000e+02 1.739080107411650478e-01
1.380000000000000000e+02 1.819427996390462765e-01
1.381999999999999886e+02 1.855416959019883238e-01
1.384000000000000057e+02 1.886706708851592085e-01
1.385999999999999943e+02 1.917598399626824768e-01
1.388000000000000114e+02 1.946529495787163166e-01
1.390000000000000000e+02 1.974530938345678555e-01
1.391999999999999886e+02 1.999926364209323182e-01
1.394000000000000057e+02 2.026755755275714277e-01
1.395999999999999943e+02 2.054292199148384790e-01
1.398000000000000114e+02 2.082203043224611083e-01
1.400000000000000000e+02 2.104438996435818721e-01
1.401999999999999886e+02 2.126661744099063445e-01
1.404000000000000057e+02 2.148776602472731723e-01
1.405999999999999943e+02 2.168678755317234308e-01
1.408000000000000114e+02 2.189979329218474657e-01
1.410000000000000000e+02 2.208793435247286552e-01
1.411999999999999886e+02 2.223849094872306642e-01
1.414000000000000057e+02 2.245367807007917771e-01
1.415999999999999943e+02 2.253858525274408942e-01
1.418000000000000114e+02 2.269347260086335416e-01
1.420000000000000000e+02 2.280440370180316645e-01
1.421999999999999886e+02 2.297489509400355567e-01
1.424000000000000057e+02 2.307731185162065490e-01
1.425999999999999943e+02 2.317423959020223356e-01
1.428000000000000114e+02 2.327711205146319740e-01
1.430000000000000000e+02 2.334593919965200493e-01
1.431999999999999886e+02 2.337247147312759565e-01
1.434000000000000057e+02 2.341480635672817945e-01
1.435999999999999943e+02 2.348556640539331553e-01
1.438000000000000114e+02 2.354940754041746909e-01
1.440000000000000000e+02 2.354706885007919193e-01
1.441999999999999886e+02 2.350055778489524572e-01
1.444000000000000057e+02 2.341241939548654172e-01
1.445999999999999943e+02 2.334383573868240858e-01
1.448000000000000114e+02 2.330804272578911318e-01
1.450000000000000000e+02 2.313842819749739599e-01
1.451999999999999886e+02 2.306472473885104457e-01
1.454000000000000057e+02 2.287590001013455332e-01
1.455999999999999943e+02 2.279990915748474067e-01
1.458000000000000114e+02 2.261370245071769869e-01
1.460000000000000000e+02 2.243490282244097744e-01
1.461999999999999886e+02 2.219122147664732425e-01
1.464000000000000057e+02 2.201323715150347859e-01
1.465999999999999943e+02 2.177178059865089998e-01
1.468000000000000114e+02 2.159600760745049586e-01
1.470000000000000000e+02 2.128807355589354411e-01
1.471999999999999886e+02 2.098906715494172626e-01
1.474000000000000057e+02 2.075648248160569809e-01
1.475999999999999943e+02 2.044489699243109693e-01
1.478000000000000114e+02 2.019444619780312034e-01
1.480000000000000000e+02 1.991943225494421377e-01
1.481999999999999886e+02 1.963471006747287972e-01
1.484000000000000057e+02 1.936094704772414465e-01
1.485999999999999943e+02 1.900747397985478870e-01
1.488000000000000114e+02 1.873805952596682423e-01
1.490000000000000000e+02 1.847575763472649457e-01
1.491999999999999886e+02 1.827088389990998707e-01
1.494000000000000057e+02 1.800591247404768336e-01
1.495999999999999943e+02 1.777544771784053124e-01
1.498000000000000114e+02 1.752114389451491505e-01
1.500000000000000000e+02 1.725635190620169457e-01
1.505000000000000000e+02 1.663327596157009036e-01
1.510000000000000000e+02 1.600337522170902915e-01
1.515000000000000000e+02 1.541760486354484261e-01
1.520000000000000000e+02 1.483516012438311216e-01
1.525000000000000000e+02 1.426469340532027508e-01
1.530000000000000000e+02 1.373226096839848254e-01
1.535000000000000000e+02 1.322472673919368735e-01
1.540000000000000000e+02 1.264482613011673751e-01
1.545000000000000000e+02 1.204381420422704491e-01
1.550000000000000000e+02 1.143113534175142360e-01
1.555000000000000000e+02 1.084284220297500462e-01
1.560000000000000000e+02 1.014202339357984928e-01
1.565000000000000000e+02 9.420954816406382215e-02
1.570000000000000000e+02 8.675874709896566617e-02
1.575000000000000000e+02 7.895999633534410422e-02
1.580000000000000000e+02 7.134441241160771607e-02
1.585000000000000000e+02 6.337406286420414758e-02
1.590000000000000000e+02 5.625520146146675143e-02
1.595000000000000000e+02 4.846695123923716597e-02
1.600000000000000000e+02 4.153325944214811272e-02
1.605000000000000000e+02 3.469098125700308816e-02
1.610000000000000000e+02 2.904420395858621495e-02
1.615000000000000000e+02 2.343148328130511410e-02
1.620000000000000000e+02 1.935239340530153437e-02
1.625000000000000000e+02 1.469534397422321906e-02
1.630000000000000000e+02 1.193260585897516421e-02
1.635000000000000000e+02 9.138720022155604958e-03
1.640000000000000000e+02 7.088731541786807283e-03
1.645000000000000000e+02 5.649061998058858142e-03
1.650000000000000000e+02 3.386129900794230315e-03
1.655000000000000000e+02 2.329478999442976574e-03
1.660000000000000000e+02 9.728684749524280778e-04
1.665000000000000000e+02 8.847815594979422911e-04
1.670000000000000000e+02 3.768939504110113909e-04
1.675000000000000000e+02 -2.148049932960101121e-04
1.680000000000000000e+02 -5.078538562220699746e-04
1.685000000000000000e+02 -7.225600005305690991e-04
1.690000000000000000e+02 -7.342223544318882220e-04
1.695000000000000000e+02 -1.850288137941720392e-03
1.700000000000000000e+02 -1.277170585242172647e-03
1.705000000000000000e+02 -1.062308685474904141e-03
1.710000000000000000e+02 -1.333329828377522244e-03
1.715000000000000000e+02 -1.525576794228056211e-03
1.720000000000000000e+02 -1.320285125805224996e-03
1.725000000000000000e+02 -1.551294391421602749e-03
1.730000000000000000e+02 -1.157081437111817136e-03
1.735000000000000000e+02 -1.270331562588337005e-03
1.740000000000000000e+02 -1.779857346290873070e-03
1.745000000000000000e+02 -1.729414880376186747e-03
1.750000000000000000e+02 -1.545841022383111262e-03
1.755000000000000000e+02 -1.615065618683549434e-03
1.760000000000000000e+02 -1.298095191248817108e-03
1.765000000000000000e+02 -1.152733037091046783e-03
1.770000000000000000e+02 -1.340805716398938471e-03
1.775000000000000000e+02 -1.705785245190070097e-03
1.780000000000000000e+02 -1.438015056052942189e-03
1.785000000000000000e+02 -1.308427201037215982e-03
1.790000000000000000e+02 -7.170961055780800987e-04
1.795000000000000000e+02 -7.088762090551018911e-04
1.800000000000000000e+02 -7.232478306146910641e-04
1.805000000000000000e+02 -3.667998012409807995e-04
1.810000000000000000e+02 3.991880471165024048e-05
1.815000000000000000e+02 -8.312040260024329465e-05
1.820000000000000000e+02 1.220514222757137596e-04
1.825000000000000000e+02 -2.830828925952396757e-04
1.830000000000000000e+02 7.712354459280298512e-04
1.835000000000000000e+02 4.291986065330855222e-04
1.840000000000000000e+02 9.688912637607349776e-04
1.845000000000000000e+02 1.172815109846920200e-03
1.850000000000000000e+02 7.285900581474372660e-04
1.855000000000000000e+02 6.292229081793970563e-04
1.860000000000000000e+02 6.205641639925269046e-04
1.865000000000000000e+02 1.398166674276320057e-03
1.870000000000000000e+02 1.383916069821234740e-03
1.875000000000000000e+02 1.611018042644769745e-03
1.880000000000000000e+02 1.692817142212225175e-03
1.885000000000000000e+02 2.009143168458983435e-03
1.890000000000000000e+02 2.989261971694044673e-03
1.895000000000000000e+02 3.058846287803135104e-03
1.900000000000000000e+02 2.821136105190518752e-03
1.905000000000000000e+02 3.569373378459668369e-03
1.910000000000000000e+02 3.081028098695545638e-03
1.915000000000000000e+02 2.929221691040673984e-03
1.920000000000000000e+02 2.890483567193708348e-03
1.925000000000000000e+02 3.265678827494083395e-03
1.930000000000000000e+02 3.302363472828056222e-03
1.935000000000000000e+02 3.373510848149021638e-03
1.940000000000000000e+02 3.212206743122561318e-03
1.945000000000000000e+02 2.729872627586282796e-03
1.950000000000000000e+02 2.597728485528747085e-03
1.955000000000000000e+02 2.299530647414918267e-03
1.960000000000000000e+02 2.009076913758746016e-03
1.965000000000000000e+02 1.863051329792702162e-03
1.970000000000000000e+02 1.322979653800331968e-03
1.975000000000000000e+02 1.104051088850356533e-03
1.980000000000000000e+02 7.940136985968816122e-04
1.985000000000000000e+02 7.854070415513851730e-04
1.990000000000000000e+02 4.317408177611764932e-04
1.995000000000000000e+02 -3.695804519898503279e-04
2.000000000000000000e+02 1.157403910817467933e-04
2.005000000000000000e+02 -3.842585471480904047e-04
2.010000000000000000e+02 -6.643185127220947121e-04
2.015000000000000000e+02 -6.729348882520267599e-04
2.020000000000000000e+02 -9.230139060512093001e-04
2.025000000000000000e+02 -9.431019293245284730e-04
2.030000000000000000e+02 -9.312303052770237255e-04
2.035000000000000000e+02 -1.251299816383674192e-03
2.040000000000000000e+02 -1.718577565760629530e-03
2.045000000000000000e+02 -1.113277203470625738e-03
2.050000000000000000e+02 -1.801951426083581382e-03
2.055000000000000000e+02 -1.369615662653774109e-03
2.060000000000000000e+02 -2.027899932853626484e-03
2.065000000000000000e+02 -1.181316217244640426e-03
2.070000000000000000e+02 -1.175496782787416533e-03
2.075000000000000000e+02 -1.054561363304793451e-03
2.080000000000000000e+02 -1.303049640612952576e-03
2.085000000000000000e+02 -1.504499402703938843e-03
2.090000000000000000e+02 -1.437445079811891339e-03
2.095000000000000000e+02 -1.556386635054782513e-03
2.100000000000000000e+02 -1.409033177418563638e-03
2.105000000000000000e+02 -1.584077765991255592e-03
2.110000000000000000e+02 -1.619778586864969051e-03
2.115000000000000000e+02 -1.699291645260988864e-03
2.120000000000000000e+02 -1.660097245929806386e-03
2.125000000000000000e+02 -1.933426978470343185e-03
2.130000000000000000e+02 -1.949265151622853534e-03
2.135000000000000000e+02 -1.233797564484740220e-03
2.140000000000000000e+02 -1.675036966005426882e-03
2.145000000000000000e+02 -8.793992329698572738e-04
2.150000000000000000e+02 -1.149067008381567502e-03
2.155000000000000000e+02 -1.670937993548721971e-03
2.160000000000000000e+02 -1.357241928698687747e-03
2.165000000000000000e+02 -1.031806308634934362e-03
2.170000000000000000e+02 -1.648374033856539293e-03
2.175000000000000000e+02 -1.285405998984261947e-03
2.180000000000000000e+02 -1.472864040408341764e-03
2.185000000000000000e+02 -1.489776040040844502e-03
2.190000000000000000e+02 -1.134990384134621898e-03
2.195000000000000000e+02 -1.385899452357206929e-03
2.200000000000000000e+02 -1.288940048753408132e-03
