1.100000000000000000e+02 1.018883374976344708e-01
1.105000000000000000e+02 -1.153753251177111472e-01
1.110000000000000000e+02 5.181108603700176202e-02
1.115000000000000000e+02 7.888160863503471121e-02
1.120000000000000000e+02 5.656941663392468789e-02
1.125000000000000000e+02 1.350146120460018750e-01
1.130000000000000000e+02 -3.484931673095845867e-02
1.135000000000000000e+02 1.296021773495543777e-04
1.140000000000000000e+02 -1.064720463318302723e-02
1.145000000000000000e+02 1.350345522130592208e-03
1.150000000000000000e+02 7.974124319028372265e-03
1.155000000000000000e+02 1.065850562312896203e-02
1.160000000000000000e+02 1.166699675683982931e-02
1.165000000000000000e+02 1.010048415250313497e-02
1.170000000000000000e+02 1.351481034888868740e-02
1.175000000000000000e+02 1.260817427761141106e-02
1.180000000000000000e+02 1.128950562445110717e-02
1.185000000000000000e+02 1.198169565416807442e-02
1.190000000000000000e+02 1.282517957547378920e-02
1.195000000000000000e+02 1.260050707509756569e-02
1.200000000000000000e+02 1.269853906833833673e-02
1.205000000000000000e+02 1.253795267529098610e-02
1.210000000000000000e+02 1.207569160757906643e-02
1.215000000000000000e+02 1.146506369101406644e-02
1.220000000000000000e+02 1.152139958441241244e-02
1.225000000000000000e+02 1.150408962555171319e-02
1.230000000000000000e+02 1.085560696932839735e-02
1.235000000000000000e+02 1.025691436764257676e-02
1.240000000000000000e+02 1.000031254336022218e-02
1.245000000000000000e+02 1.006404113121076201e-02
1.250000000000000000e+02 9.854212712061598267e-03
1.255000000000000000e+02 9.136388138685674551e-03
1.260000000000000000e+02 9.087205069554342429e-03
1.265000000000000000e+02 8.753806726368983451e-03
1.270000000000000000e+02 8.811705539667594872e-03
1.275000000000000000e+02 8.397647936764118803e-03
1.280000000000000000e+02 8.049362788693522827e-03
1.285000000000000000e+02 7.908486922891644344e-03
1.290000000000000000e+02 8.086008541104264258e-03
1.295000000000000000e+02 7.793290098548312332e-03
1.300000000000000000e+02 7.237867978162985765e-03
1.305000000000000000e+02 7.255644195212205237e-03
1.310000000000000000e+02 7.000244763402679697e-03
1.315000000000000000e+02 6.707362091379369916e-03
1.320000000000000000e+02 6.565169738265714226e-03
1.325000000000000000e+02 6.338640311803449799e-03
1.330000000000000000e+02 6.620341454102630571e-03
1.335000000000000000e+02 6.326687801298305595e-03
1.340000000000000000e+02 5.986442669441443057e-03
1.345000000000000000e+02 5.837022834752258506e-03
1.350000000000000000e+02 5.835398777754370776e-03
1.355000000000000000e+02 5.572761649468618503e-03
1.360000000000000000e+02 5.449872693552111277e-03
1.365000000000000000e+02 5.211610016591786305e-03
1.370000000000000000e+02 5.255191493099343678e-03
1.375000000000000000e+02 4.973153788221024163e-03
1.380000000000000000e+02 4.860543888626841537e-03
1.385000000000000000e+02 4.722661441676012130e-03
1.390000000000000000e+02 4.696977360851350286e-03
1.395000000000000000e+02 4.838161037740169174e-03
1.400000000000000000e+02 4.517038840314170807e-03
1.405000000000000000e+02 3.950734700923892728e-03
1.410000000000000000e+02 4.030182657522969440e-03
1.415000000000000000e+02 3.896965046583595986e-03
1.420000000000000000e+02 3.705104698262224813e-03
1.425000000000000000e+02 3.820462489137938216e-03
1.430000000000000000e+02 3.202445129698618109e-03
1.435000000000000000e+02 3.342898027269403712e-03
1.440000000000000000e+02 3.564084947447738669e-03
1.445000000000000000e+02 3.736265222669057570e-03
1.450000000000000000e+02 3.368538948102774155e-03
1.455000000000000000e+02 2.947821448549656394e-03
1.460000000000000000e+02 2.951628268315288368e-03
1.465000000000000000e+02 2.927224736323809622e-03
1.470000000000000000e+02 2.852232339600235204e-03
1.475000000000000000e+02 2.771008938702052005e-03
1.480000000000000000e+02 2.755797289067410134e-03
1.485000000000000000e+02 2.445614963373764477e-03
1.490000000000000000e+02 2.343489829880691325e-03
1.495000000000000000e+02 2.867678283432822158e-03
1.500000000000000000e+02 2.610040537577896363e-03
1.505000000000000000e+02 2.505783246853866050e-03
1.510000000000000000e+02 2.184190646922490320e-03
1.515000000000000000e+02 2.441169249738853273e-03
1.520000000000000000e+02 2.736937357277259911e-03
1.525000000000000000e+02 2.357464074112563396e-03
1.530000000000000000e+02 2.253228861239568726e-03
1.535000000000000000e+02 2.590996123615188756e-03
1.540000000000000000e+02 2.861012762131934402e-03
1.545000000000000000e+02 2.314939153347424401e-03
1.550000000000000000e+02 2.634702703779178215e-03
1.555000000000000000e+02 2.521198289576310515e-03
1.560000000000000000e+02 2.379129081623336354e-03
1.565000000000000000e+02 2.388189505727141351e-03
1.570000000000000000e+02 2.482392757004986839e-03
1.575000000000000000e+02 2.669766999739205983e-03
1.580000000000000000e+02 2.534001656212941760e-03
1.585000000000000000e+02 1.885462688726247333e-03
1.590000000000000000e+02 2.156276926165903458e-03
1.595000000000000000e+02 1.908458907867750841e-03
1.600000000000000000e+02 2.082133541469466820e-03
1.605000000000000000e+02 1.927869786277457446e-03
1.610000000000000000e+02 1.680076574824165446e-03
1.615000000000000000e+02 1.883595095419680031e-03
1.620000000000000000e+02 2.385218759293484137e-03
1.625000000000000000e+02 2.292295018655985794e-03
1.630000000000000000e+02 2.105852472314567302e-03
1.635000000000000000e+02 2.468713275498750533e-03
1.640000000000000000e+02 2.442877306713887777e-03
1.645000000000000000e+02 2.239033967954489647e-03
1.650000000000000000e+02 2.017904018100231001e-03
1.655000000000000000e+02 2.363384931094011845e-03
1.660000000000000000e+02 2.060450472379561811e-03
1.665000000000000000e+02 1.627070355532085752e-03
1.670000000000000000e+02 1.417986480353866478e-03
1.675000000000000000e+02 1.875275652897461821e-03
1.680000000000000000e+02 2.081072425093334448e-03
1.685000000000000000e+02 1.780525050965122346e-03
1.690000000000000000e+02 1.637218327268392904e-03
1.695000000000000000e+02 1.322713605421901948e-03
1.700000000000000000e+02 2.176003602209008927e-03
1.705000000000000000e+02 1.656112140036278962e-03
1.710000000000000000e+02 1.815710971323957357e-03
1.715000000000000000e+02 1.669004083827344128e-03
1.720000000000000000e+02 1.345655524859057546e-03
1.725000000000000000e+02 1.238469672997775202e-03
1.730000000000000000e+02 1.285659498322204441e-03
1.735000000000000000e+02 1.301618706723514391e-03
1.740000000000000000e+02 8.651653227797435680e-04
1.745000000000000000e+02 6.587443894405886711e-04
1.750000000000000000e+02 8.683557025585585468e-04
1.755000000000000000e+02 6.947893990318599819e-04
1.760000000000000000e+02 7.705709119009397862e-04
1.765000000000000000e+02 9.657861235151262401e-04
1.770000000000000000e+02 7.893674170765803237e-04
1.775000000000000000e+02 8.610228735367328814e-04
1.780000000000000000e+02 1.554253413061854701e-03
1.785000000000000000e+02 1.500314609746330021e-03
1.790000000000000000e+02 1.340754237942499679e-03
1.795000000000000000e+02 1.339027671441199094e-03
1.800000000000000000e+02 1.465658651792691976e-03
1.805000000000000000e+02 1.945564582593220949e-03
1.810000000000000000e+02 1.496564156925933109e-03
1.815000000000000000e+02 1.819582955036582296e-03
1.820000000000000000e+02 1.852048807125388896e-03
1.825000000000000000e+02 1.598539818673861941e-03
1.830000000000000000e+02 1.917489759635221782e-03
1.835000000000000000e+02 2.086536695068090703e-03
1.840000000000000000e+02 1.828972910472509992e-03
1.845000000000000000e+02 2.055401923958321848e-03
1.850000000000000000e+02 2.216114817542246505e-03
1.855000000000000000e+02 2.448969840999486690e-03
1.860000000000000000e+02 2.461781534840214343e-03
1.865000000000000000e+02 2.343225480381712269e-03
1.870000000000000000e+02 2.637028071844008201e-03
1.875000000000000000e+02 2.879585198225419196e-03
1.880000000000000000e+02 2.385400956459097447e-03
1.885000000000000000e+02 2.800546012972925363e-03
1.890000000000000000e+02 2.690302751352516546e-03
1.895000000000000000e+02 2.948037093991761563e-03
1.900000000000000000e+02 2.811962348266462425e-03
1.905000000000000000e+02 2.845817753953803955e-03
1.910000000000000000e+02 2.978374166944655361e-03
1.915000000000000000e+02 2.702892997988060389e-03
1.920000000000000000e+02 3.368668556488540588e-03
1.925000000000000000e+02 3.065668978807777143e-03
1.930000000000000000e+02 3.194754800704672441e-03
1.935000000000000000e+02 3.396491408479151725e-03
1.940000000000000000e+02 4.021674715729045731e-03
1.945000000000000000e+02 3.890875561765352354e-03
1.950000000000000000e+02 3.756979104470391673e-03
1.955000000000000000e+02 3.718205887868049515e-03
1.960000000000000000e+02 3.714920157486115322e-03
1.965000000000000000e+02 3.667495768878937298e-03
1.970000000000000000e+02 3.890227861794158613e-03
1.975000000000000000e+02 3.860605706164688816e-03
1.980000000000000000e+02 3.763017675862427233e-03
1.985000000000000000e+02 3.386641146581448065e-03
1.990000000000000000e+02 2.939433860101654371e-03
1.995000000000000000e+02 2.617804206418343407e-03
2.000000000000000000e+02 2.373176052204792417e-03
2.005000000000000000e+02 2.449441185598588266e-03
2.010000000000000000e+02 1.951517840603668322e-03
2.015000000000000000e+02 2.366573310455547842e-03
2.020000000000000000e+02 2.068167663613347529e-03
2.025000000000000000e+02 1.599600474537208857e-03
2.030000000000000000e+02 1.484107026771400118e-03
2.035000000000000000e+02 1.586620749914677405e-03
2.040000000000000000e+02 1.488716460069802738e-03
2.045000000000000000e+02 1.375481847385719332e-03
2.050000000000000000e+02 1.208688216188534168e-03
2.055000000000000000e+02 1.206157043630451918e-03
2.060000000000000000e+02 1.483932594592808456e-03
2.065000000000000000e+02 1.441206444371992326e-03
2.070000000000000000e+02 1.747528800244373516e-03
2.075000000000000000e+02 1.168777504612010564e-03
2.080000000000000000e+02 2.176925560740896552e-03
2.085000000000000000e+02 1.791890471787357421e-03
2.090000000000000000e+02 2.275918104339958586e-03
2.095000000000000000e+02 2.152713122139001713e-03
2.100000000000000000e+02 1.851533761592172181e-03
2.105000000000000000e+02 1.862435496207550702e-03
2.110000000000000000e+02 1.983207943159503040e-03
2.115000000000000000e+02 2.075672593554126182e-03
2.120000000000000000e+02 2.177747834832052722e-03
2.125000000000000000e+02 2.078860707837301442e-03
2.130000000000000000e+02 2.021444738990005319e-03
2.135000000000000000e+02 1.702973794007790059e-03
2.140000000000000000e+02 1.818316306818496984e-03
2.145000000000000000e+02 1.768597957667062195e-03
2.150000000000000000e+02 2.029242639347555045e-03
2.155000000000000000e+02 1.870496855902152459e-03
2.160000000000000000e+02 1.690887210749091648e-03
2.165000000000000000e+02 2.027945369593332249e-03
2.170000000000000000e+02 2.066885288979510970e-03
2.175000000000000000e+02 2.032087074168796668e-03
2.180000000000000000e+02 2.727787809063284864e-03
2.185000000000000000e+02 2.558931000359984144e-03
2.190000000000000000e+02 2.413836121045457878e-03
2.195000000000000000e+02 2.301733595854202601e-03
2.200000000000000000e+02 2.142907738916442675e-03
