1.100000000000000000e+02 4.849167994996153586e-02
1.105000000000000000e+02 -5.119140011907737098e-02
1.110000000000000000e+02 -5.309658713512851319e-02
1.115000000000000000e+02 3.705304184841313325e-02
1.120000000000000000e+02 -5.787920580696671868e-02
1.125000000000000000e+02 -3.449781709754527140e-03
1.130000000000000000e+02 -4.625239550139860489e-02
1.135000000000000000e+02 1.096563136238791619e-01
1.140000000000000000e+02 nan
1.145000000000000000e+02 7.361289136491095952e-01
1.150000000000000000e+02 6.940107155101279401e-01
1.155000000000000000e+02 6.740065507717216686e-01
1.160000000000000000e+02 6.589166349064896622e-01
1.165000000000000000e+02 6.596502195824339720e-01
1.170000000000000000e+02 6.539860496273481871e-01
1.175000000000000000e+02 6.440125661860488515e-01
1.180000000000000000e+02 6.425077416729946256e-01
1.185000000000000000e+02 6.385053825820639073e-01
1.190000000000000000e+02 6.338218234779600113e-01
1.195000000000000000e+02 6.272857783458664072e-01
1.200000000000000000e+02 6.189807468240995370e-01
1.205000000000000000e+02 6.118539300800972525e-01
1.210000000000000000e+02 6.031057600395142160e-01
1.215000000000000000e+02 5.917753279728725779e-01
1.220000000000000000e+02 5.812722642622544234e-01
1.225000000000000000e+02 5.689879163536816220e-01
1.230000000000000000e+02 5.565743351112801829e-01
1.235000000000000000e+02 5.445589839737650095e-01
1.240000000000000000e+02 5.294931305424429580e-01
1.245000000000000000e+02 5.162637861394971939e-01
1.250000000000000000e+02 5.024239843200927202e-01
1.255000000000000000e+02 4.887567859453324504e-01
1.260000000000000000e+02 4.764072839421279459e-01
1.265000000000000000e+02 4.649253308238764371e-01
1.270000000000000000e+02 4.531472453921762678e-01
1.275000000000000000e+02 4.432198889593213509e-01
1.280000000000000000e+02 4.349061860775582100e-01
1.285000000000000000e+02 4.263888511500674716e-01
1.290000000000000000e+02 4.201531306790103337e-01
1.295000000000000000e+02 4.150555527018884860e-01
1.300000000000000000e+02 4.114336160464137637e-01
1.305000000000000000e+02 4.081316359326610521e-01
1.310000000000000000e+02 4.065935194714448420e-01
1.315000000000000000e+02 4.073188301565053848e-01
1.320000000000000000e+02 4.092900018637437576e-01
1.325000000000000000e+02 4.119726914588250910e-01
1.330000000000000000e+02 4.174907444760213582e-01
1.335000000000000000e+02 4.248663483175802447e-01
1.340000000000000000e+02 4.332405338864296906e-01
1.345000000000000000e+02 4.439944948087521381e-01
1.350000000000000000e+02 4.567317143264750245e-01
1.355000000000000000e+02 4.707680650403097689e-01
1.360000000000000000e+02 4.872669214124059622e-01
1.365000000000000000e+02 5.058110340530100890e-01
1.370000000000000000e+02 5.262919034701387666e-01
1.375000000000000000e+02 5.484718985107013278e-01
1.380000000000000000e+02 5.713401185103161861e-01
1.381999999999999886e+02 5.789508367335668426e-01
1.384000000000000057e+02 5.881156886326894817e-01
1.385999999999999943e+02 5.972084651068271244e-01
1.388000000000000114e+02 6.061080692668509018e-01
1.390000000000000000e+02 6.151847771196135017e-01
1.391999999999999886e+02 6.231425645818622350e-01
1.394000000000000057e+02 6.311764946080467009e-01
1.395999999999999943e+02 6.387337432166084739e-01
1.398000000000000114e+02 6.461516424055459007e-01
1.400000000000000000e+02 6.525303540255529278e-01
1.401999999999999886e+02 6.586785515376681888e-01
1.404000000000000057e+02 6.650406516129030443e-01
1.405999999999999943e+02 6.702572099452879240e-01
1.408000000000000114e+02 6.753125111026629934e-01
1.410000000000000000e+02 6.793301218013860776e-01
1.411999999999999886e+02 6.834993064407796082e-01
1.414000000000000057e+02 6.873493338596836644e-01
1.415999999999999943e+02 6.907100767340762504e-01
1.418000000000000114e+02 6.933586202450801039e-01
1.420000000000000000e+02 6.961982132596562511e-01
1.421999999999999886e+02 6.981776908875718668e-01
1.424000000000000057e+02 7.001580831169614827e-01
1.425999999999999943e+02 7.019390508499737669e-01
1.428000000000000114e+02 7.028970014810874689e-01
1.430000000000000000e+02 7.040692763587795833e-01
1.431999999999999886e+02 7.046276881542435921e-01
1.434000000000000057e+02 7.039290349931280888e-01
1.435999999999999943e+02 7.034749198589893560e-01
1.438000000000000114e+02 7.025942519536269026e-01
1.440000000000000000e+02 7.005075057638159297e-01
1.441999999999999886e+02 6.983717461420431150e-01
1.444000000000000057e+02 6.955532397523053190e-01
1.445999999999999943e+02 6.917340716117952315e-01
1.448000000000000114e+02 6.876591752667179369e-01
1.450000000000000000e+02 6.832089497505094977e-01
1.451999999999999886e+02 6.782120844397465653e-01
1.454000000000000057e+02 6.726947631142586870e-01
1.455999999999999943e+02 6.670672934149470823e-01
1.458000000000000114e+02 6.607957712388032867e-01
1.460000000000000000e+02 6.542289633775808522e-01
1.461999999999999886e+02 6.469419595741665585e-01
1.464000000000000057e+02 6.390195844720469864e-01
1.465999999999999943e+02 6.309274191654326014e-01
1.468000000000000114e+02 6.223997278906514552e-01
1.470000000000000000e+02 6.134367050560286527e-01
1.471999999999999886e+02 6.043677686849989739e-01
1.474000000000000057e+02 5.954396566011718184e-01
1.475999999999999943e+02 5.857450250191474916e-01
1.478000000000000114e+02 5.757575049208997209e-01
1.480000000000000000e+02 5.660573881053077017e-01
1.481999999999999886e+02 5.565217467134684348e-01
1.484000000000000057e+02 5.470502576901133951e-01
1.485999999999999943e+02 5.386259203118243244e-01
1.488000000000000114e+02 5.296808920041180535e-01
1.490000000000000000e+02 5.217363735647978507e-01
1.491999999999999886e+02 5.134302570026119117e-01
1.494000000000000057e+02 5.058446495233792639e-01
1.495999999999999943e+02 4.976692931224845351e-01
1.498000000000000114e+02 4.893467753720240898e-01
1.500000000000000000e+02 4.810494986085481761e-01
1.505000000000000000e+02 4.610602423292609053e-01
1.510000000000000000e+02 4.414233392677412993e-01
1.515000000000000000e+02 4.226113126835502887e-01
1.520000000000000000e+02 4.045742961097719137e-01
1.525000000000000000e+02 3.880586802259899937e-01
1.530000000000000000e+02 3.727430528432446599e-01
1.535000000000000000e+02 3.573519697606400980e-01
1.540000000000000000e+02 3.415898540813840367e-01
1.545000000000000000e+02 3.248747587725601682e-01
1.550000000000000000e+02 3.071526820003630531e-01
1.555000000000000000e+02 2.889088500122931058e-01
1.560000000000000000e+02 2.698012162531702729e-01
1.565000000000000000e+02 2.501019565933297328e-01
1.570000000000000000e+02 2.298426969749161886e-01
1.575000000000000000e+02 2.098594990138044625e-01
1.580000000000000000e+02 1.898242579747679570e-01
1.585000000000000000e+02 1.690337306743030510e-01
1.590000000000000000e+02 1.489192068906942668e-01
1.595000000000000000e+02 1.291913095872115058e-01
1.600000000000000000e+02 1.106591402046709915e-01
1.605000000000000000e+02 9.306168888776304715e-02
1.610000000000000000e+02 7.755541108550587093e-02
1.615000000000000000e+02 6.397551821705198261e-02
1.620000000000000000e+02 5.207174047859580018e-02
1.625000000000000000e+02 4.247526063835253829e-02
1.630000000000000000e+02 3.479951250910651855e-02
1.635000000000000000e+02 2.870559646225239597e-02
1.640000000000000000e+02 2.370297398973740532e-02
1.645000000000000000e+02 1.991724601491214747e-02
1.650000000000000000e+02 1.687160165384027008e-02
1.655000000000000000e+02 1.474552343582387001e-02
1.660000000000000000e+02 1.284332876350613092e-02
1.665000000000000000e+02 1.148840452670868081e-02
1.670000000000000000e+02 1.041429375400478551e-02
1.675000000000000000e+02 9.754976481732909044e-03
1.680000000000000000e+02 8.699664873420609457e-03
1.685000000000000000e+02 8.188303568158687706e-03
1.690000000000000000e+02 7.925737486404649604e-03
1.695000000000000000e+02 7.757110411937688174e-03
1.700000000000000000e+02 7.581700631344374594e-03
1.705000000000000000e+02 7.580481217412745817e-03
1.710000000000000000e+02 7.260256995699555446e-03
1.715000000000000000e+02 7.103749553304818110e-03
1.720000000000000000e+02 6.905223336552219517e-03
1.725000000000000000e+02 6.417651685032041420e-03
1.730000000000000000e+02 6.410765111284952300e-03
1.735000000000000000e+02 6.211289494576993121e-03
1.740000000000000000e+02 5.839198146379708139e-03
1.745000000000000000e+02 5.738162832608096828e-03
1.750000000000000000e+02 5.380290777252443209e-03
1.755000000000000000e+02 5.644292446693491630e-03
1.760000000000000000e+02 5.843129594808127089e-03
1.765000000000000000e+02 5.837940966286474243e-03
1.770000000000000000e+02 5.941005484108877188e-03
1.775000000000000000e+02 6.083435764390984421e-03
1.780000000000000000e+02 6.318853537764378310e-03
1.785000000000000000e+02 6.428902136394870452e-03
1.790000000000000000e+02 6.727718605062861512e-03
1.795000000000000000e+02 6.631896375055667051e-03
1.800000000000000000e+02 6.682679598253539986e-03
1.805000000000000000e+02 7.035353346662233040e-03
1.810000000000000000e+02 7.276960547373223856e-03
1.815000000000000000e+02 7.356395610632637284e-03
1.820000000000000000e+02 7.621096465911861122e-03
1.825000000000000000e+02 7.934460045945392406e-03
1.830000000000000000e+02 8.148685296565479769e-03
1.835000000000000000e+02 8.334873084981073849e-03
1.840000000000000000e+02 8.540898015522078307e-03
1.845000000000000000e+02 9.005793243617634530e-03
1.850000000000000000e+02 9.292840528861210161e-03
1.855000000000000000e+02 9.984548828252125946e-03
1.860000000000000000e+02 1.046638146381603102e-02
1.865000000000000000e+02 1.049623764118533600e-02
1.870000000000000000e+02 1.092804578744456349e-02
1.875000000000000000e+02 1.121913794751698903e-02
1.880000000000000000e+02 1.156491183765558442e-02
1.885000000000000000e+02 1.208205298624914076e-02
1.890000000000000000e+02 1.244416358263620258e-02
1.895000000000000000e+02 1.246675362155482553e-02
1.900000000000000000e+02 1.232608967292831044e-02
1.905000000000000000e+02 1.218110186823139797e-02
1.910000000000000000e+02 1.194525704385486151e-02
1.915000000000000000e+02 1.176808369797236950e-02
1.920000000000000000e+02 1.160965896254859304e-02
1.925000000000000000e+02 1.170007904560176233e-02
1.930000000000000000e+02 1.167028873483617370e-02
1.935000000000000000e+02 1.136213622519782751e-02
1.940000000000000000e+02 1.091771776602353840e-02
1.945000000000000000e+02 1.035348711836926727e-02
1.950000000000000000e+02 9.158766023390942437e-03
1.955000000000000000e+02 8.239415897024746083e-03
1.960000000000000000e+02 7.750088379610044383e-03
1.965000000000000000e+02 7.194478783997199436e-03
1.970000000000000000e+02 6.634766951139961337e-03
1.975000000000000000e+02 6.381806189229685157e-03
1.980000000000000000e+02 5.612270902308248016e-03
1.985000000000000000e+02 4.989087732832396017e-03
1.990000000000000000e+02 4.402237895812713755e-03
1.995000000000000000e+02 3.839433229157494364e-03
2.000000000000000000e+02 3.516601829042803433e-03
2.005000000000000000e+02 3.007429652531706018e-03
2.010000000000000000e+02 2.518382386701243508e-03
2.015000000000000000e+02 2.443098062961978831e-03
2.020000000000000000e+02 2.220698944331016712e-03
2.025000000000000000e+02 2.182839417548080533e-03
2.030000000000000000e+02 1.772480930721884434e-03
2.035000000000000000e+02 1.881781834363474267e-03
2.040000000000000000e+02 2.098371614466129371e-03
2.045000000000000000e+02 1.639865076366459930e-03
2.050000000000000000e+02 1.947737285986443027e-03
2.055000000000000000e+02 1.675523266782204561e-03
2.060000000000000000e+02 1.853582101092973071e-03
2.065000000000000000e+02 1.831768112615645870e-03
2.070000000000000000e+02 2.101189733333531321e-03
2.075000000000000000e+02 1.836540950074490005e-03
2.080000000000000000e+02 1.887678948419745572e-03
2.085000000000000000e+02 1.351761477606423746e-03
2.090000000000000000e+02 1.618967556061948893e-03
2.095000000000000000e+02 1.719876038557677407e-03
2.100000000000000000e+02 1.318414541580820946e-03
2.105000000000000000e+02 1.377595032897847111e-03
2.110000000000000000e+02 1.288555353851361879e-03
2.115000000000000000e+02 1.419015494192120419e-03
2.120000000000000000e+02 1.185310566944218534e-03
2.125000000000000000e+02 1.174126467522956276e-03
2.130000000000000000e+02 1.096501900015646154e-03
2.135000000000000000e+02 9.858442478241468809e-04
2.140000000000000000e+02 9.631504563061766199e-04
2.145000000000000000e+02 9.476408304161757380e-04
2.150000000000000000e+02 1.181197465252250721e-03
2.155000000000000000e+02 1.054604343848214226e-03
2.160000000000000000e+02 1.158171316413975039e-03
2.165000000000000000e+02 1.070691760456969231e-03
2.170000000000000000e+02 1.303507357256552873e-03
2.175000000000000000e+02 1.073382714271245344e-03
2.180000000000000000e+02 1.173377782527695173e-03
2.185000000000000000e+02 1.354404446739672623e-03
2.190000000000000000e+02 1.329555810150048452e-03
2.195000000000000000e+02 1.322913535811310031e-03
2.200000000000000000e+02 1.067192711819999439e-03
