1.100000000000000000e+02 nan
1.105000000000000000e+02 -2.667441378253619655e-02
1.110000000000000000e+02 -1.189246774715930696e-02
1.115000000000000000e+02 1.645417335511676835e-02
1.120000000000000000e+02 1.022187476620892710e-01
1.125000000000000000e+02 -2.362186575385974083e-02
1.130000000000000000e+02 -9.170225664760375817e-03
1.135000000000000000e+02 -1.659240389762670076e-02
1.140000000000000000e+02 nan
1.145000000000000000e+02 8.030879859534590937e-01
1.150000000000000000e+02 7.191319201657310201e-01
1.155000000000000000e+02 7.000972364038527962e-01
1.160000000000000000e+02 6.881567717736812861e-01
1.165000000000000000e+02 6.872818259011114206e-01
1.170000000000000000e+02 6.741443437054017718e-01
1.175000000000000000e+02 6.698561587416537177e-01
1.180000000000000000e+02 6.636135940136538292e-01
1.185000000000000000e+02 6.647425860821942756e-01
1.190000000000000000e+02 6.570867566726845688e-01
1.195000000000000000e+02 6.553848951317642335e-01
1.200000000000000000e+02 6.487275851840166307e-01
1.205000000000000000e+02 6.379299149204377128e-01
1.210000000000000000e+02 6.300360568373735148e-01
1.215000000000000000e+02 6.192065175585147463e-01
1.220000000000000000e+02 6.084864090367795297e-01
1.225000000000000000e+02 5.952841371195627396e-01
1.230000000000000000e+02 5.828370631187720363e-01
1.235000000000000000e+02 5.680857571242750037e-01
1.240000000000000000e+02 5.548271932589814437e-01
1.245000000000000000e+02 5.379662661245552258e-01
1.250000000000000000e+02 5.224068117337564710e-01
1.255000000000000000e+02 5.084914237054888320e-01
1.260000000000000000e+02 4.936708809769999595e-01
1.265000000000000000e+02 4.803592190808804174e-01
1.270000000000000000e+02 4.680249814678034692e-01
1.275000000000000000e+02 4.564842996133323672e-01
1.280000000000000000e+02 4.463681017178767196e-01
1.285000000000000000e+02 4.376489768271855652e-01
1.290000000000000000e+02 4.302979074994250919e-01
1.295000000000000000e+02 4.253338860195435278e-01
1.300000000000000000e+02 4.212453529560393206e-01
1.305000000000000000e+02 4.187602300108299036e-01
1.310000000000000000e+02 4.179272950191691427e-01
1.315000000000000000e+02 4.182641108584141953e-01
1.320000000000000000e+02 4.210569046307974794e-01
1.325000000000000000e+02 4.251747095143778576e-01
1.330000000000000000e+02 4.319213728848859679e-01
1.335000000000000000e+02 4.405675235351751429e-01
1.340000000000000000e+02 4.516538666030380234e-01
1.345000000000000000e+02 4.644954322358996746e-01
1.350000000000000000e+02 4.790266862834143269e-01
1.355000000000000000e+02 4.959402518384176672e-01
1.360000000000000000e+02 5.145070279451737782e-01
1.365000000000000000e+02 5.348208931749175443e-01
1.370000000000000000e+02 5.569833008053257650e-01
1.375000000000000000e+02 5.812264989358411071e-01
1.380000000000000000e+02 6.066820305049666073e-01
1.385000000000000000e+02 6.318067193399660164e-01
1.390000000000000000e+02 6.566081093698422633e-01
1.395000000000000000e+02 6.796250868192800221e-01
1.400000000000000000e+02 6.994575408285074181e-01
1.405000000000000000e+02 7.157134934074871335e-01
1.410000000000000000e+02 7.282735981213004361e-01
1.415000000000000000e+02 7.373425877244454973e-01
1.420000000000000000e+02 7.438620853659075882e-01
1.425000000000000000e+02 7.482679248015948748e-01
1.430000000000000000e+02 7.504046951643884578e-01
1.435000000000000000e+02 7.498043906733961039e-01
1.440000000000000000e+02 7.457994632058430051e-01
1.445000000000000000e+02 7.386882542855766065e-01
1.450000000000000000e+02 7.286092374150899831e-01
1.455000000000000000e+02 7.157990065648789368e-01
1.460000000000000000e+02 7.000620411132314480e-01
1.465000000000000000e+02 6.810902255586547271e-01
1.470000000000000000e+02 6.589735745134975842e-01
1.475000000000000000e+02 6.344840275810645913e-01
1.480000000000000000e+02 6.083094560934374506e-01
1.485000000000000000e+02 5.838912880158142471e-01
1.490000000000000000e+02 5.608474940241147122e-01
1.495000000000000000e+02 5.386374582782211817e-01
1.500000000000000000e+02 5.163687118282209720e-01
1.505000000000000000e+02 4.947832440327271653e-01
1.510000000000000000e+02 4.738842597245577215e-01
1.515000000000000000e+02 4.531044967001292001e-01
1.520000000000000000e+02 4.335502346726409773e-01
1.525000000000000000e+02 4.156978529167893455e-01
1.530000000000000000e+02 3.997497425359247680e-01
1.535000000000000000e+02 3.844318387465801568e-01
1.540000000000000000e+02 3.683785084743007587e-01
1.545000000000000000e+02 3.521562624797046626e-01
1.550000000000000000e+02 3.350025037845456577e-01
1.555000000000000000e+02 3.173131642868354252e-01
1.560000000000000000e+02 2.985839287256715213e-01
1.565000000000000000e+02 2.797371447783002507e-01
1.570000000000000000e+02 2.606625893195783084e-01
1.575000000000000000e+02 2.414110178480699254e-01
1.580000000000000000e+02 2.219287363411734104e-01
1.585000000000000000e+02 2.017652308247147031e-01
1.590000000000000000e+02 1.814531469549450771e-01
1.595000000000000000e+02 1.618042362354407127e-01
1.600000000000000000e+02 1.422309638040454016e-01
1.605000000000000000e+02 1.237866460801703011e-01
1.610000000000000000e+02 1.066351667446518436e-01
1.615000000000000000e+02 9.142209283454526270e-02
1.620000000000000000e+02 7.792618259469528963e-02
1.625000000000000000e+02 6.628730747175339000e-02
1.630000000000000000e+02 5.653817755147606122e-02
1.635000000000000000e+02 4.880069232118432881e-02
1.640000000000000000e+02 4.191581967268432490e-02
1.645000000000000000e+02 3.644501782772062437e-02
1.650000000000000000e+02 3.206517523049064872e-02
1.655000000000000000e+02 2.865899347995034749e-02
1.660000000000000000e+02 2.572963943107791848e-02
1.665000000000000000e+02 2.373338988080105419e-02
1.670000000000000000e+02 2.189758073268158883e-02
1.675000000000000000e+02 2.029049156905160523e-02
1.680000000000000000e+02 1.931769218868456539e-02
1.685000000000000000e+02 1.808591895075476602e-02
1.690000000000000000e+02 1.736163304356992676e-02
1.695000000000000000e+02 1.664525046207428888e-02
1.700000000000000000e+02 1.568334561910991395e-02
1.705000000000000000e+02 1.531251736230759483e-02
1.710000000000000000e+02 1.496972675232080725e-02
1.715000000000000000e+02 1.446315713709415973e-02
1.720000000000000000e+02 1.363574122090111668e-02
1.725000000000000000e+02 1.358260719689120648e-02
1.730000000000000000e+02 1.317495646110820352e-02
1.735000000000000000e+02 1.287281841678292529e-02
1.740000000000000000e+02 1.240910701742936953e-02
1.745000000000000000e+02 1.203431623911751895e-02
1.750000000000000000e+02 1.181781278911274435e-02
1.755000000000000000e+02 1.164624121952446793e-02
1.760000000000000000e+02 1.143473508179489694e-02
1.765000000000000000e+02 1.127918746744293807e-02
1.770000000000000000e+02 1.151189154469695400e-02
1.775000000000000000e+02 1.142919220416800490e-02
1.780000000000000000e+02 1.116355815118890739e-02
1.785000000000000000e+02 1.122762830970764313e-02
1.790000000000000000e+02 1.120715901853196195e-02
1.795000000000000000e+02 1.089371414946059026e-02
1.800000000000000000e+02 1.074312439631434045e-02
1.805000000000000000e+02 1.085734441538252319e-02
1.810000000000000000e+02 1.068261798913692356e-02
1.815000000000000000e+02 1.061635405321354614e-02
1.820000000000000000e+02 1.064691350644042696e-02
1.825000000000000000e+02 1.064099242501990832e-02
1.830000000000000000e+02 1.041324787971878441e-02
1.835000000000000000e+02 1.067187128676527763e-02
1.840000000000000000e+02 1.082801157660060604e-02
1.845000000000000000e+02 1.102045605338012983e-02
1.850000000000000000e+02 1.100803381200102238e-02
1.855000000000000000e+02 1.129366623026989945e-02
1.860000000000000000e+02 1.099006086664435292e-02
1.865000000000000000e+02 1.140079710695040757e-02
1.870000000000000000e+02 1.152672458531634608e-02
1.875000000000000000e+02 1.172578269206026383e-02
1.880000000000000000e+02 1.182079154915607021e-02
1.885000000000000000e+02 1.168373519580229690e-02
1.890000000000000000e+02 1.165745028498625831e-02
1.895000000000000000e+02 1.177040418857741577e-02
1.900000000000000000e+02 1.179407014032945664e-02
1.905000000000000000e+02 1.190999267957684390e-02
1.910000000000000000e+02 1.193609847226706142e-02
1.915000000000000000e+02 1.154248624743196838e-02
1.920000000000000000e+02 1.151009280498544243e-02
1.925000000000000000e+02 1.142576076383212090e-02
1.930000000000000000e+02 1.129570270410422232e-02
1.935000000000000000e+02 1.115228702920199010e-02
1.940000000000000000e+02 1.070100026524776170e-02
1.945000000000000000e+02 1.065110280174904299e-02
1.950000000000000000e+02 1.047836144578981853e-02
1.955000000000000000e+02 1.008823225481820553e-02
1.960000000000000000e+02 9.671955536917575813e-03
1.965000000000000000e+02 9.350679122018413364e-03
1.970000000000000000e+02 8.776561994988116636e-03
1.975000000000000000e+02 7.856623978354031548e-03
1.980000000000000000e+02 7.183903248554601544e-03
1.985000000000000000e+02 6.420801845262077631e-03
1.990000000000000000e+02 5.491937900494231820e-03
1.995000000000000000e+02 4.818840702399341397e-03
2.000000000000000000e+02 4.002833364650416545e-03
2.005000000000000000e+02 3.916331485407066430e-03
2.010000000000000000e+02 3.460628913320730991e-03
2.015000000000000000e+02 2.969141700011607935e-03
2.020000000000000000e+02 2.609959048193356661e-03
2.025000000000000000e+02 2.517275392913472399e-03
2.030000000000000000e+02 2.358160774349570346e-03
2.035000000000000000e+02 2.198123803607596443e-03
2.040000000000000000e+02 1.890532327819325828e-03
2.045000000000000000e+02 1.542424023555226701e-03
2.050000000000000000e+02 1.549522996786443108e-03
2.055000000000000000e+02 1.584159403007691803e-03
2.060000000000000000e+02 1.572000615085420577e-03
2.065000000000000000e+02 1.182761888797402702e-03
2.070000000000000000e+02 1.304804121785121604e-03
2.075000000000000000e+02 1.283443650555894091e-03
2.080000000000000000e+02 9.786187716764977677e-04
2.085000000000000000e+02 1.053275105210674809e-03
2.090000000000000000e+02 1.176339280851635121e-03
2.095000000000000000e+02 7.972774999140666216e-04
2.100000000000000000e+02 9.005724826303548262e-04
2.105000000000000000e+02 6.124904934955176022e-04
2.110000000000000000e+02 6.432057430642301472e-04
2.115000000000000000e+02 6.073200580531560927e-04
2.120000000000000000e+02 5.678674746746780388e-04
2.125000000000000000e+02 3.974004795893318538e-04
2.130000000000000000e+02 1.340188915662964204e-04
2.135000000000000000e+02 5.180139303897220810e-04
2.140000000000000000e+02 2.521865424221193201e-04
2.145000000000000000e+02 2.109064398591696391e-04
2.150000000000000000e+02 -7.740310017749414570e-06
2.155000000000000000e+02 -2.227804672879816702e-04
2.160000000000000000e+02 -8.424360891087032002e-05
2.165000000000000000e+02 -6.334190451422179815e-05
2.170000000000000000e+02 -1.925741828956685432e-04
2.175000000000000000e+02 -2.745176121436931579e-04
2.180000000000000000e+02 -1.577330250985733550e-04
2.185000000000000000e+02 -1.046476796107963394e-04
2.190000000000000000e+02 -2.509734675585023698e-04
2.195000000000000000e+02 -2.043031385871999558e-04
2.200000000000000000e+02 -5.499360887098289803e-04
