1.100000000000000000e+02 2.021586173279554116e-02
1.105000000000000000e+02 -6.807876199180516730e-02
1.110000000000000000e+02 -8.525302269303326741e-02
1.115000000000000000e+02 -2.597361530796982176e-02
1.120000000000000000e+02 3.791270989020998489e-02
1.125000000000000000e+02 9.501122307413542578e-02
1.130000000000000000e+02 3.356002059323126563e-02
1.135000000000000000e+02 -6.956945233295533382e-02
1.140000000000000000e+02 nan
1.145000000000000000e+02 1.125224212345672381e+00
1.150000000000000000e+02 1.021102608435893622e+00
1.155000000000000000e+02 9.928492083413605895e-01
1.160000000000000000e+02 9.871799323927359371e-01
1.165000000000000000e+02 9.788889923169374896e-01
1.170000000000000000e+02 9.609665518201973011e-01
1.175000000000000000e+02 9.585844539556752641e-01
1.180000000000000000e+02 9.472533762772058497e-01
1.185000000000000000e+02 9.386312083596052291e-01
1.190000000000000000e+02 9.271528160679199937e-01
1.195000000000000000e+02 9.178566506464020947e-01
1.200000000000000000e+02 9.041623111422869563e-01
1.205000000000000000e+02 8.950701459229319923e-01
1.210000000000000000e+02 8.788812257338580736e-01
1.215000000000000000e+02 8.655078375678348923e-01
1.220000000000000000e+02 8.483722028714568708e-01
1.225000000000000000e+02 8.305460716557386824e-01
1.230000000000000000e+02 8.134149219813254783e-01
1.235000000000000000e+02 7.961882274837172035e-01
1.240000000000000000e+02 7.775220319467828212e-01
1.245000000000000000e+02 7.587854313687026897e-01
1.250000000000000000e+02 7.400463007010736893e-01
1.255000000000000000e+02 7.226618155038703195e-01
1.260000000000000000e+02 7.044255188122430233e-01
1.265000000000000000e+02 6.883293196222403099e-01
1.270000000000000000e+02 6.727640302118040871e-01
1.275000000000000000e+02 6.583637413291171248e-01
1.280000000000000000e+02 6.447286186837157818e-01
1.285000000000000000e+02 6.329551062364776604e-01
1.290000000000000000e+02 6.218447689133956846e-01
1.295000000000000000e+02 6.125979073689468146e-01
1.300000000000000000e+02 6.041379810463037847e-01
1.305000000000000000e+02 5.970231585976401023e-01
1.310000000000000000e+02 5.927031584321090785e-01
1.315000000000000000e+02 5.893801341197031363e-01
1.320000000000000000e+02 5.877841230316439569e-01
1.325000000000000000e+02 5.884687756722426499e-01
1.330000000000000000e+02 5.911176471968291324e-01
1.335000000000000000e+02 5.959414004533896136e-01
1.340000000000000000e+02 6.032724200337020726e-01
1.345000000000000000e+02 6.120814126708070679e-01
1.350000000000000000e+02 6.252484051147181310e-01
1.355000000000000000e+02 6.394559045564807143e-01
1.360000000000000000e+02 6.575137654080928096e-01
1.365000000000000000e+02 6.775487279073928448e-01
1.370000000000000000e+02 7.008154505713192206e-01
1.375000000000000000e+02 7.256006392281247885e-01
1.380000000000000000e+02 7.509059605117962555e-01
1.381999999999999886e+02 7.597514968878806840e-01
1.384000000000000057e+02 7.695585361175700800e-01
1.385999999999999943e+02 7.800183643042692960e-01
1.388000000000000114e+02 7.895603937164880071e-01
1.390000000000000000e+02 7.988449242244990423e-01
1.391999999999999886e+02 8.080062281768303212e-01
1.394000000000000057e+02 8.179003482959323890e-01
1.395999999999999943e+02 8.265767113822333201e-01
1.398000000000000114e+02 8.354668760605378219e-01
1.400000000000000000e+02 8.432657831971330786e-01
1.401999999999999886e+02 8.504694060347429696e-01
1.404000000000000057e+02 8.580178513023213327e-01
1.405999999999999943e+02 8.644869750437510492e-01
1.408000000000000114e+02 8.700947292113890841e-01
1.410000000000000000e+02 8.763773033532318291e-01
1.411999999999999886e+02 8.816180765197613178e-01
1.414000000000000057e+02 8.859672239885008072e-01
1.415999999999999943e+02 8.911397759771476634e-01
1.418000000000000114e+02 8.959027859699030261e-01
1.420000000000000000e+02 8.992020985203489358e-01
1.421999999999999886e+02 9.037876712230609177e-01
1.424000000000000057e+02 9.064371674466110695e-01
1.425999999999999943e+02 9.096227375720810082e-01
1.428000000000000114e+02 9.116650249678137641e-01
1.430000000000000000e+02 9.132984038402075511e-01
1.431999999999999886e+02 9.148572489947356390e-01
1.434000000000000057e+02 9.158235740987178408e-01
1.435999999999999943e+02 9.149742363955306601e-01
1.438000000000000114e+02 9.145965234244790576e-01
1.440000000000000000e+02 9.122424133877711228e-01
1.441999999999999886e+02 9.109265146090215204e-01
1.444000000000000057e+02 9.071535902533449658e-01
1.445999999999999943e+02 9.036774772683202617e-01
1.448000000000000114e+02 8.995175162264302804e-01
1.450000000000000000e+02 8.949812312626039823e-01
1.451999999999999886e+02 8.898344931212293085e-01
1.454000000000000057e+02 8.849508787386420883e-01
1.455999999999999943e+02 8.788722599512702738e-01
1.458000000000000114e+02 8.716002424559569084e-01
1.460000000000000000e+02 8.646552156938854816e-01
1.461999999999999886e+02 8.564446192755400533e-01
1.464000000000000057e+02 8.485321403977093002e-01
1.465999999999999943e+02 8.393074916813411113e-01
1.468000000000000114e+02 8.298456969163995334e-01
1.470000000000000000e+02 8.202368439489676755e-01
1.471999999999999886e+02 8.093820131526787698e-01
1.474000000000000057e+02 7.992908106786880129e-01
1.475999999999999943e+02 7.881947146556445016e-01
1.478000000000000114e+02 7.760835262931347067e-01
1.480000000000000000e+02 7.655898387963503415e-01
1.481999999999999886e+02 7.543659985438396776e-01
1.484000000000000057e+02 7.434560495996392904e-01
1.485999999999999943e+02 7.334323424217440435e-01
1.488000000000000114e+02 7.233110814437945235e-01
1.490000000000000000e+02 7.132570556648841764e-01
1.491999999999999886e+02 7.036015430699942286e-01
1.494000000000000057e+02 6.941333870621659852e-01
1.495999999999999943e+02 6.841297071066129165e-01
1.498000000000000114e+02 6.742199973983834527e-01
1.500000000000000000e+02 6.639208978357478141e-01
1.505000000000000000e+02 6.404562128050125258e-01
1.510000000000000000e+02 6.155363428771774004e-01
1.515000000000000000e+02 5.908257518779420625e-01
1.520000000000000000e+02 5.672114614694780954e-01
1.525000000000000000e+02 5.450833956390568336e-01
1.530000000000000000e+02 5.243568580160722359e-01
1.535000000000000000e+02 5.030695897040429188e-01
1.540000000000000000e+02 4.809748491033218887e-01
1.545000000000000000e+02 4.569958432771885626e-01
1.550000000000000000e+02 4.323980391398424827e-01
1.555000000000000000e+02 4.054900325659629989e-01
1.560000000000000000e+02 3.776863230167935015e-01
1.565000000000000000e+02 3.489777745002832221e-01
1.570000000000000000e+02 3.198306381480232607e-01
1.575000000000000000e+02 2.914956543664850019e-01
1.580000000000000000e+02 2.613327742624859118e-01
1.585000000000000000e+02 2.314180090614272878e-01
1.590000000000000000e+02 2.024184540001284782e-01
1.595000000000000000e+02 1.746347409842550769e-01
1.600000000000000000e+02 1.478752049816492997e-01
1.605000000000000000e+02 1.238077379096457487e-01
1.610000000000000000e+02 1.023769671107596785e-01
1.615000000000000000e+02 8.350201853305648514e-02
1.620000000000000000e+02 6.705126674260804276e-02
1.625000000000000000e+02 5.351028175332319531e-02
1.630000000000000000e+02 4.197559357339796654e-02
1.635000000000000000e+02 3.295864854843227193e-02
1.640000000000000000e+02 2.575727995616252514e-02
1.645000000000000000e+02 2.007093018950129384e-02
1.650000000000000000e+02 1.483034551281736495e-02
1.655000000000000000e+02 1.147632754864419749e-02
1.660000000000000000e+02 8.233218816785027247e-03
1.665000000000000000e+02 6.452497432516702755e-03
1.670000000000000000e+02 4.801949566149934026e-03
1.675000000000000000e+02 3.092243873893671998e-03
1.680000000000000000e+02 1.468349515629473016e-03
1.685000000000000000e+02 1.046257482842583497e-03
1.690000000000000000e+02 7.900627899949691935e-04
1.695000000000000000e+02 7.751047061232240040e-04
1.700000000000000000e+02 7.676408261522747268e-04
1.705000000000000000e+02 5.775381245043313769e-04
1.710000000000000000e+02 -1.114742367737582980e-04
1.715000000000000000e+02 -2.738653386832748740e-04
1.720000000000000000e+02 -3.830484911923331547e-04
1.725000000000000000e+02 -4.160866037993068587e-04
1.730000000000000000e+02 -3.499017399136896268e-04
1.735000000000000000e+02 -1.437372629914599723e-04
1.740000000000000000e+02 -7.783111091843442466e-04
1.745000000000000000e+02 -7.167416159183082319e-05
1.750000000000000000e+02 -1.445640581215935233e-04
1.755000000000000000e+02 4.216941138415495412e-05
1.760000000000000000e+02 1.511889736488613678e-04
1.765000000000000000e+02 7.339428372903489392e-04
1.770000000000000000e+02 1.162290270616365105e-03
1.775000000000000000e+02 1.392936588389295403e-03
1.780000000000000000e+02 1.740271188337499074e-03
1.785000000000000000e+02 2.203737886658975725e-03
1.790000000000000000e+02 2.787801907408126844e-03
1.795000000000000000e+02 3.526875380363411402e-03
1.800000000000000000e+02 3.419658546818703931e-03
1.805000000000000000e+02 4.312650561158481999e-03
1.810000000000000000e+02 5.071082840192462672e-03
1.815000000000000000e+02 5.322637702677227890e-03
1.820000000000000000e+02 6.041858139945587881e-03
1.825000000000000000e+02 6.610826955548066222e-03
1.830000000000000000e+02 7.087411247966914421e-03
1.835000000000000000e+02 8.105865806515196934e-03
1.840000000000000000e+02 8.537766244298618246e-03
1.845000000000000000e+02 9.974330233531392143e-03
1.850000000000000000e+02 1.087323928180525430e-02
1.855000000000000000e+02 1.181658749618180737e-02
1.860000000000000000e+02 1.236551618135410535e-02
1.865000000000000000e+02 1.274210355749858144e-02
1.870000000000000000e+02 1.359411710654473068e-02
1.875000000000000000e+02 1.423630904637814172e-02
1.880000000000000000e+02 1.558153432982263900e-02
1.885000000000000000e+02 1.618564766994536053e-02
1.890000000000000000e+02 1.668416417483345807e-02
1.895000000000000000e+02 1.678220059657589691e-02
1.900000000000000000e+02 1.666423598601891182e-02
1.905000000000000000e+02 1.687488439952795904e-02
1.910000000000000000e+02 1.622156147286758776e-02
1.915000000000000000e+02 1.720405605670407082e-02
1.920000000000000000e+02 1.742351967504408503e-02
1.925000000000000000e+02 1.652591247278541869e-02
1.930000000000000000e+02 1.633363630343522346e-02
1.935000000000000000e+02 1.603525278174343718e-02
1.940000000000000000e+02 1.504161799615971566e-02
1.945000000000000000e+02 1.394506915223836518e-02
1.950000000000000000e+02 1.203121342561420601e-02
1.955000000000000000e+02 1.043624656342862292e-02
1.960000000000000000e+02 9.504637247317773707e-03
1.965000000000000000e+02 8.189231679850509163e-03
1.970000000000000000e+02 7.202959761411116546e-03
1.975000000000000000e+02 5.701209453220777365e-03
1.980000000000000000e+02 4.847143549699348478e-03
1.985000000000000000e+02 4.163875422978327752e-03
1.990000000000000000e+02 3.368721788029493958e-03
1.995000000000000000e+02 2.491390572769254345e-03
2.000000000000000000e+02 2.579308213264958852e-03
2.005000000000000000e+02 1.746146370056016065e-03
2.010000000000000000e+02 1.816375494468374079e-03
2.015000000000000000e+02 1.523847107557799955e-03
2.020000000000000000e+02 1.261141095917803776e-03
2.025000000000000000e+02 9.614651031518456781e-04
2.030000000000000000e+02 1.275459341585911087e-03
2.035000000000000000e+02 1.646847990034883613e-03
2.040000000000000000e+02 1.439846710779304172e-03
2.045000000000000000e+02 1.812861941475073929e-03
2.050000000000000000e+02 1.564540297243762054e-03
2.055000000000000000e+02 1.455100790753756932e-03
2.060000000000000000e+02 1.801594857040395795e-03
2.065000000000000000e+02 1.904800519404591065e-03
2.070000000000000000e+02 1.753930022845476494e-03
2.075000000000000000e+02 1.558197378497836903e-03
2.080000000000000000e+02 1.841036072114228973e-03
2.085000000000000000e+02 1.812619515382861727e-03
2.090000000000000000e+02 1.483096422482440462e-03
2.095000000000000000e+02 1.459211986499112188e-03
2.100000000000000000e+02 1.858824517022590345e-03
2.105000000000000000e+02 1.683587744450652009e-03
2.110000000000000000e+02 1.830816415710086881e-03
2.115000000000000000e+02 1.112123848398991486e-03
2.120000000000000000e+02 1.759492184798442478e-03
2.125000000000000000e+02 1.247249892640324691e-03
2.130000000000000000e+02 9.504266886618175508e-04
2.135000000000000000e+02 1.246369740601441277e-03
2.140000000000000000e+02 1.249503651892388927e-03
2.145000000000000000e+02 1.318098477034463983e-03
2.150000000000000000e+02 1.272459099685962266e-03
2.155000000000000000e+02 1.427454819927166402e-03
2.160000000000000000e+02 1.684879114561686764e-03
2.165000000000000000e+02 1.493913552930472167e-03
2.170000000000000000e+02 1.987738443737127950e-03
2.175000000000000000e+02 1.919152514535649038e-03
2.180000000000000000e+02 1.973201113096573721e-03
2.185000000000000000e+02 1.805403092036560360e-03
2.190000000000000000e+02 1.654925835056937893e-03
2.195000000000000000e+02 1.855256932320768770e-03
2.200000000000000000e+02 1.320744696771496401e-03
