1.100000000000000000e+02 -2.187131855116765389e-01
1.105000000000000000e+02 -6.786998320408539620e-02
1.110000000000000000e+02 -1.326714933140121511e-01
1.115000000000000000e+02 -1.205870614031053778e-01
1.120000000000000000e+02 -1.922483377845157770e-01
1.125000000000000000e+02 -8.832503648524402118e-02
1.130000000000000000e+02 -1.635312322140527463e-01
1.135000000000000000e+02 2.706603166954887549e-02
1.140000000000000000e+02 nan
1.145000000000000000e+02 8.154232777288570322e-01
1.150000000000000000e+02 7.489579336986574853e-01
1.155000000000000000e+02 7.347946219441228166e-01
1.160000000000000000e+02 7.293492501386543703e-01
1.165000000000000000e+02 7.216130365829912519e-01
1.170000000000000000e+02 7.150664258874864787e-01
1.175000000000000000e+02 7.125535726992076047e-01
1.180000000000000000e+02 7.077376550095996199e-01
1.185000000000000000e+02 6.992791825308776188e-01
1.190000000000000000e+02 6.930106228819730152e-01
1.195000000000000000e+02 6.869618873366643008e-01
1.200000000000000000e+02 6.762875826035334992e-01
1.205000000000000000e+02 6.688704307665150894e-01
1.210000000000000000e+02 6.565720702873344417e-01
1.215000000000000000e+02 6.445016837423163114e-01
1.220000000000000000e+02 6.340888659885900447e-01
1.225000000000000000e+02 6.207947439199031914e-01
1.230000000000000000e+02 6.070158911595094908e-01
1.235000000000000000e+02 5.919806418707767026e-01
1.240000000000000000e+02 5.785983963312943956e-01
1.245000000000000000e+02 5.628901236105494643e-01
1.250000000000000000e+02 5.477816875829076837e-01
1.255000000000000000e+02 5.337756521067900106e-01
1.260000000000000000e+02 5.205602019628232657e-01
1.265000000000000000e+02 5.082548865957096096e-01
1.270000000000000000e+02 4.951131467938885700e-01
1.275000000000000000e+02 4.841499356483415228e-01
1.280000000000000000e+02 4.742294484719075665e-01
1.285000000000000000e+02 4.649566601850734227e-01
1.290000000000000000e+02 4.566390425906443062e-01
1.295000000000000000e+02 4.492966944069119450e-01
1.300000000000000000e+02 4.435157002244541347e-01
1.305000000000000000e+02 4.385343188152423521e-01
1.310000000000000000e+02 4.351256162843830100e-01
1.315000000000000000e+02 4.334694454840312128e-01
1.320000000000000000e+02 4.331952199771295642e-01
1.325000000000000000e+02 4.340381680369963524e-01
1.330000000000000000e+02 4.369363505880070608e-01
1.335000000000000000e+02 4.417577971102792933e-01
1.340000000000000000e+02 4.487601493174454559e-01
1.345000000000000000e+02 4.568019161564186859e-01
1.350000000000000000e+02 4.666434620090175733e-01
1.355000000000000000e+02 4.787001344529186464e-01
1.360000000000000000e+02 4.930214990731078273e-01
1.365000000000000000e+02 5.095057100300584008e-01
1.370000000000000000e+02 5.281357501624286410e-01
1.375000000000000000e+02 5.482235735806116894e-01
1.380000000000000000e+02 5.690885506582493703e-01
1.381999999999999886e+02 5.775061978954388886e-01
1.384000000000000057e+02 5.856076107938030795e-01
1.385999999999999943e+02 5.941262900334417507e-01
1.388000000000000114e+02 6.019692936031083574e-01
1.390000000000000000e+02 6.091946961849548092e-01
1.391999999999999886e+02 6.161348782757293252e-01
1.394000000000000057e+02 6.240325140794804604e-01
1.395999999999999943e+02 6.305618967452939483e-01
1.398000000000000114e+02 6.376189597601620296e-01
1.400000000000000000e+02 6.432923516826140053e-01
1.401999999999999886e+02 6.495191446227565057e-01
1.404000000000000057e+02 6.547104458215882161e-01
1.405999999999999943e+02 6.598879652769890081e-01
1.408000000000000114e+02 6.647901279942400876e-01
1.410000000000000000e+02 6.693252272457187457e-01
1.411999999999999886e+02 6.728487478023561508e-01
1.414000000000000057e+02 6.767849688566747179e-01
1.415999999999999943e+02 6.798276939754707149e-01
1.418000000000000114e+02 6.830163597807732412e-01
1.420000000000000000e+02 6.853455186568854218e-01
1.421999999999999886e+02 6.884909839099816464e-01
1.424000000000000057e+02 6.906744346578214122e-01
1.425999999999999943e+02 6.922274215752884929e-01
1.428000000000000114e+02 6.942381309811885837e-01
1.430000000000000000e+02 6.949097084532107615e-01
1.431999999999999886e+02 6.953083051332330511e-01
1.434000000000000057e+02 6.955034842392989747e-01
1.435999999999999943e+02 6.954031358895623738e-01
1.438000000000000114e+02 6.949292252840021389e-01
1.440000000000000000e+02 6.936280217021633110e-01
1.441999999999999886e+02 6.915811849391115818e-01
1.444000000000000057e+02 6.885949145909250335e-01
1.445999999999999943e+02 6.855799346235390557e-01
1.448000000000000114e+02 6.821658405092063671e-01
1.450000000000000000e+02 6.776063969517541752e-01
1.451999999999999886e+02 6.735953624325440314e-01
1.454000000000000057e+02 6.684058653719977539e-01
1.455999999999999943e+02 6.638332023017851080e-01
1.458000000000000114e+02 6.580557942507575531e-01
1.460000000000000000e+02 6.520693505288738256e-01
1.461999999999999886e+02 6.454644440323146215e-01
1.464000000000000057e+02 6.387028832370905684e-01
1.465999999999999943e+02 6.313966043246667104e-01
1.468000000000000114e+02 6.236076119370574933e-01
1.470000000000000000e+02 6.154149305292881955e-01
1.471999999999999886e+02 6.069896838680719497e-01
1.474000000000000057e+02 5.986419349291686176e-01
1.475999999999999943e+02 5.894294638165152866e-01
1.478000000000000114e+02 5.806962871719102415e-01
1.480000000000000000e+02 5.714744468908389274e-01
1.481999999999999886e+02 5.625964551036415351e-01
1.484000000000000057e+02 5.541368247414575343e-01
1.485999999999999943e+02 5.451129222185816525e-01
1.488000000000000114e+02 5.367841331391229875e-01
1.490000000000000000e+02 5.289205783199592004e-01
1.491999999999999886e+02 5.211475514951960930e-01
1.494000000000000057e+02 5.136586285651257855e-01
1.495999999999999943e+02 5.063012140495329882e-01
1.498000000000000114e+02 4.983539356912491392e-01
1.500000000000000000e+02 4.909680116433622898e-01
1.505000000000000000e+02 4.714338369083924118e-01
1.510000000000000000e+02 4.523921898089091065e-01
1.515000000000000000e+02 4.336784701385951180e-01
1.520000000000000000e+02 4.154024848462335995e-01
1.525000000000000000e+02 3.984291407621383119e-01
1.530000000000000000e+02 3.827092429775698634e-01
1.535000000000000000e+02 3.666768618907853550e-01
1.540000000000000000e+02 3.501067377052816676e-01
1.545000000000000000e+02 3.326330176023347129e-01
1.550000000000000000e+02 3.138721509564898482e-01
1.555000000000000000e+02 2.946196299722733669e-01
1.560000000000000000e+02 2.740339772851829170e-01
1.565000000000000000e+02 2.529751308657014475e-01
1.570000000000000000e+02 2.316403624766974478e-01
1.575000000000000000e+02 2.105207758369260773e-01
1.580000000000000000e+02 1.889987405904653694e-01
1.585000000000000000e+02 1.674412456932632687e-01
1.590000000000000000e+02 1.463809315678762102e-01
1.595000000000000000e+02 1.257704230806133971e-01
1.600000000000000000e+02 1.063810232455394827e-01
1.605000000000000000e+02 8.898959056145303026e-02
1.610000000000000000e+02 7.333335853671375804e-02
1.615000000000000000e+02 5.888005572128424819e-02
1.620000000000000000e+02 4.771660307410890284e-02
1.625000000000000000e+02 3.722542464422026742e-02
1.630000000000000000e+02 2.952528845744985253e-02
1.635000000000000000e+02 2.320932313193517851e-02
1.640000000000000000e+02 1.825331007723965740e-02
1.645000000000000000e+02 1.396231164000848006e-02
1.650000000000000000e+02 1.050171140740613178e-02
1.655000000000000000e+02 8.125817503040155126e-03
1.660000000000000000e+02 6.592005861542029298e-03
1.665000000000000000e+02 4.874219173598754243e-03
1.670000000000000000e+02 3.609326462179846418e-03
1.675000000000000000e+02 2.620415750937355338e-03
1.680000000000000000e+02 2.285424032581315126e-03
1.685000000000000000e+02 1.614889369514045008e-03
1.690000000000000000e+02 9.772790064000128497e-04
1.695000000000000000e+02 -6.417636718213162717e-05
1.700000000000000000e+02 -1.801902287970258074e-04
1.705000000000000000e+02 -6.392943014309516460e-05
1.710000000000000000e+02 -1.564271741956346675e-04
1.715000000000000000e+02 -4.132828613489941964e-04
1.720000000000000000e+02 -4.721934093962348324e-04
1.725000000000000000e+02 -6.758516925816920743e-04
1.730000000000000000e+02 -9.069285898010455557e-04
1.735000000000000000e+02 -1.035918717556848397e-03
1.740000000000000000e+02 -1.565014765259185002e-03
1.745000000000000000e+02 -1.669397191506870456e-03
1.750000000000000000e+02 -1.293292283263591325e-03
1.755000000000000000e+02 -1.493254777160212335e-03
1.760000000000000000e+02 -1.485793629146933779e-03
1.765000000000000000e+02 -1.215748831852651868e-03
1.770000000000000000e+02 -1.442992210213067368e-03
1.775000000000000000e+02 -1.636989864243367128e-03
1.780000000000000000e+02 -1.142254768906303961e-03
1.785000000000000000e+02 -9.883451975095354849e-04
1.790000000000000000e+02 -3.217426384280724222e-04
1.795000000000000000e+02 -5.817365314276621993e-04
1.800000000000000000e+02 -4.739729685816456963e-05
1.805000000000000000e+02 -6.817866792716142520e-05
1.810000000000000000e+02 1.744846754288268060e-04
1.815000000000000000e+02 5.569573335041723720e-04
1.820000000000000000e+02 1.021688098677560162e-04
1.825000000000000000e+02 5.679978391643458573e-04
1.830000000000000000e+02 1.087149831739432030e-03
1.835000000000000000e+02 1.375603130266928086e-03
1.840000000000000000e+02 1.941141575140444778e-03
1.845000000000000000e+02 2.395460295949863438e-03
1.850000000000000000e+02 2.265307864485151691e-03
1.855000000000000000e+02 2.398660951959616979e-03
1.860000000000000000e+02 2.882285583429106731e-03
1.865000000000000000e+02 4.023894821382762235e-03
1.870000000000000000e+02 3.618924407394177780e-03
1.875000000000000000e+02 4.097594840246179468e-03
1.880000000000000000e+02 4.170456652277883085e-03
1.885000000000000000e+02 4.598274315919466219e-03
1.890000000000000000e+02 5.952381668870490757e-03
1.895000000000000000e+02 5.967554912238461767e-03
1.900000000000000000e+02 5.721116485070593116e-03
1.905000000000000000e+02 6.190685997682235896e-03
1.910000000000000000e+02 5.224175377273089678e-03
1.915000000000000000e+02 5.701711440667688036e-03
1.920000000000000000e+02 5.497495769453381032e-03
1.925000000000000000e+02 5.313225536690141526e-03
1.930000000000000000e+02 4.969673633225315038e-03
1.935000000000000000e+02 4.984211426842887101e-03
1.940000000000000000e+02 4.248667319216476411e-03
1.945000000000000000e+02 3.554171495310458079e-03
1.950000000000000000e+02 2.309393626246413096e-03
1.955000000000000000e+02 1.784402775064519112e-03
1.960000000000000000e+02 6.072531360885108842e-04
1.965000000000000000e+02 -2.257126644409913050e-04
1.970000000000000000e+02 -8.148298328583512828e-04
1.975000000000000000e+02 -1.681987097775342966e-03
1.980000000000000000e+02 -2.203312674779401431e-03
1.985000000000000000e+02 -2.864254804053294103e-03
1.990000000000000000e+02 -3.799492310852414356e-03
1.995000000000000000e+02 -3.928953314569573300e-03
2.000000000000000000e+02 -4.456308350224770162e-03
2.005000000000000000e+02 -4.987304615723660989e-03
2.010000000000000000e+02 -5.688935829977170323e-03
2.015000000000000000e+02 -5.552226092157747095e-03
2.020000000000000000e+02 -5.901850747858210407e-03
2.025000000000000000e+02 -5.857967998829451822e-03
2.030000000000000000e+02 -6.097994547444070788e-03
2.035000000000000000e+02 -6.706569398336687318e-03
2.040000000000000000e+02 -6.534932553624646367e-03
2.045000000000000000e+02 -6.115942195188883365e-03
2.050000000000000000e+02 -6.513537999642038216e-03
2.055000000000000000e+02 -6.855949555053404351e-03
2.060000000000000000e+02 -6.772349593132494933e-03
2.065000000000000000e+02 -6.532516787379762449e-03
2.070000000000000000e+02 -6.700080393859849867e-03
2.075000000000000000e+02 -6.234796648109721187e-03
2.080000000000000000e+02 -6.435419033105505698e-03
2.085000000000000000e+02 -6.631582360867160388e-03
2.090000000000000000e+02 -6.430532558063067200e-03
2.095000000000000000e+02 -6.863672514542667503e-03
2.100000000000000000e+02 -6.374063192054348244e-03
2.105000000000000000e+02 -6.440250156700272344e-03
2.110000000000000000e+02 -6.752396523961340380e-03
2.115000000000000000e+02 -6.853602600191727352e-03
2.120000000000000000e+02 -6.586902517315200607e-03
2.125000000000000000e+02 -6.637915809561451171e-03
2.130000000000000000e+02 -6.926938247149178399e-03
2.135000000000000000e+02 -6.424304803000424439e-03
2.140000000000000000e+02 -6.907116527408271173e-03
2.145000000000000000e+02 -6.396379692944047408e-03
2.150000000000000000e+02 -6.514704619263880260e-03
2.155000000000000000e+02 -6.469823344581729016e-03
2.160000000000000000e+02 -6.995175751420483305e-03
2.165000000000000000e+02 -6.436023049773938361e-03
2.170000000000000000e+02 -7.017145022492789555e-03
2.175000000000000000e+02 -6.685876737851544939e-03
2.180000000000000000e+02 -6.947645868857375492e-03
2.185000000000000000e+02 -6.919050341969352515e-03
2.190000000000000000e+02 -6.581832826321756813e-03
2.195000000000000000e+02 -6.698239739012836966e-03
2.200000000000000000e+02 -6.896768045892026459e-03
