1.100000000000000000e+02 -1.271235864260193693e-01
1.105000000000000000e+02 -1.705782767535799771e-01
1.110000000000000000e+02 -9.444886804550137183e-02
1.115000000000000000e+02 -2.430925368332578079e-02
1.120000000000000000e+02 -2.312484391439896259e-01
1.125000000000000000e+02 -1.246273174329755040e-01
1.130000000000000000e+02 -1.068113700728985128e-02
1.135000000000000000e+02 -4.257705287753951739e-02
1.140000000000000000e+02 nan
1.145000000000000000e+02 7.586123064013751138e-01
1.150000000000000000e+02 7.026097161465211238e-01
1.155000000000000000e+02 6.686765704441451907e-01
1.160000000000000000e+02 6.642604521771856563e-01
1.165000000000000000e+02 6.545205525008076508e-01
1.170000000000000000e+02 6.514865253646380250e-01
1.175000000000000000e+02 6.485060900545968066e-01
1.180000000000000000e+02 6.436393796791999300e-01
1.185000000000000000e+02 6.404958730569770831e-01
1.190000000000000000e+02 6.376240357399636238e-01
1.195000000000000000e+02 6.326925986464204676e-01
1.200000000000000000e+02 6.239909528138757322e-01
1.205000000000000000e+02 6.164069286566563610e-01
1.210000000000000000e+02 6.068287805866844353e-01
1.215000000000000000e+02 5.968084922656523572e-01
1.220000000000000000e+02 5.841812437487071685e-01
1.225000000000000000e+02 5.707300511410703381e-01
1.230000000000000000e+02 5.570993394480157068e-01
1.235000000000000000e+02 5.424530958457882690e-01
1.240000000000000000e+02 5.270295272709966117e-01
1.245000000000000000e+02 5.119812970442991773e-01
1.250000000000000000e+02 4.966086765500974942e-01
1.255000000000000000e+02 4.817006233965153150e-01
1.260000000000000000e+02 4.678872334229864371e-01
1.265000000000000000e+02 4.554191314233056453e-01
1.270000000000000000e+02 4.424653423256469376e-01
1.275000000000000000e+02 4.330551206920920104e-01
1.280000000000000000e+02 4.238715215490544974e-01
1.285000000000000000e+02 4.159854200387723688e-01
1.290000000000000000e+02 4.098155135610805355e-01
1.295000000000000000e+02 4.049711870637785482e-01
1.300000000000000000e+02 4.021660614424710789e-01
1.305000000000000000e+02 4.006932682835222526e-01
1.310000000000000000e+02 4.010321897606133890e-01
1.315000000000000000e+02 4.024120060569832957e-01
1.320000000000000000e+02 4.056260636433989264e-01
1.325000000000000000e+02 4.118111061947782314e-01
1.330000000000000000e+02 4.193843301022613934e-01
1.335000000000000000e+02 4.288500826713136371e-01
1.340000000000000000e+02 4.409547874241053211e-01
1.345000000000000000e+02 4.550345787190889224e-01
1.350000000000000000e+02 4.710628712225495285e-01
1.355000000000000000e+02 4.892580294423251042e-01
1.360000000000000000e+02 5.088892345535235284e-01
1.365000000000000000e+02 5.305303984710080245e-01
1.370000000000000000e+02 5.543378283955756602e-01
1.375000000000000000e+02 5.799455291986316263e-01
1.380000000000000000e+02 6.063865427730066315e-01
1.385000000000000000e+02 6.328697448414103421e-01
1.390000000000000000e+02 6.586863797931730158e-01
1.395000000000000000e+02 6.819424085440233263e-01
1.400000000000000000e+02 7.022644241359226047e-01
1.405000000000000000e+02 7.181911015039742496e-01
1.410000000000000000e+02 7.300507508578644167e-01
1.415000000000000000e+02 7.378509651599762798e-01
1.420000000000000000e+02 7.425283370007609296e-01
1.425000000000000000e+02 7.447667323000919382e-01
1.430000000000000000e+02 7.447193529714291049e-01
1.435000000000000000e+02 7.415042012361611201e-01
1.440000000000000000e+02 7.349233827671148855e-01
1.445000000000000000e+02 7.245635719454857071e-01
1.450000000000000000e+02 7.108793071066656921e-01
1.455000000000000000e+02 6.939059519444285007e-01
1.460000000000000000e+02 6.740599775656608283e-01
1.465000000000000000e+02 6.513796284454431706e-01
1.470000000000000000e+02 6.263318413353290426e-01
1.475000000000000000e+02 5.988570443552561073e-01
1.480000000000000000e+02 5.711118683943153806e-01
1.485000000000000000e+02 5.446425444531238780e-01
1.490000000000000000e+02 5.201273113722376662e-01
1.495000000000000000e+02 4.963871398034660487e-01
1.500000000000000000e+02 4.734977361493917236e-01
1.505000000000000000e+02 4.515367702717011933e-01
1.510000000000000000e+02 4.304199228041607483e-01
1.515000000000000000e+02 4.099727500602504682e-01
1.520000000000000000e+02 3.907480542029317938e-01
1.525000000000000000e+02 3.733577873598205588e-01
1.530000000000000000e+02 3.570268136985831897e-01
1.535000000000000000e+02 3.413395853986631034e-01
1.540000000000000000e+02 3.254526089318973137e-01
1.545000000000000000e+02 3.089712827553551810e-01
1.550000000000000000e+02 2.921940441837128088e-01
1.555000000000000000e+02 2.745144543724066799e-01
1.560000000000000000e+02 2.563358543145470292e-01
1.565000000000000000e+02 2.376680917315995289e-01
1.570000000000000000e+02 2.192444384801134905e-01
1.575000000000000000e+02 2.001522139199143624e-01
1.580000000000000000e+02 1.809587396773872092e-01
1.585000000000000000e+02 1.617087290085755524e-01
1.590000000000000000e+02 1.425014781492860982e-01
1.595000000000000000e+02 1.235099179315863466e-01
1.600000000000000000e+02 1.053866994575043958e-01
1.605000000000000000e+02 8.851909468297590455e-02
1.610000000000000000e+02 7.303551696953751449e-02
1.615000000000000000e+02 5.929075165521278251e-02
1.620000000000000000e+02 4.761219967923673718e-02
1.625000000000000000e+02 3.746524818607167157e-02
1.630000000000000000e+02 2.917651020184050883e-02
1.635000000000000000e+02 2.225990742300710742e-02
1.640000000000000000e+02 1.702873908163761441e-02
1.645000000000000000e+02 1.288571268323089776e-02
1.650000000000000000e+02 9.475544877153865841e-03
1.655000000000000000e+02 6.850834923263297502e-03
1.660000000000000000e+02 4.777655048398493989e-03
1.665000000000000000e+02 3.346471883602003799e-03
1.670000000000000000e+02 1.950249533712797084e-03
1.675000000000000000e+02 1.190943323545069071e-03
1.680000000000000000e+02 5.699118200698010056e-04
1.685000000000000000e+02 -2.997221868629309323e-04
1.690000000000000000e+02 -5.909623620128064483e-04
1.695000000000000000e+02 -8.423849597112719910e-04
1.700000000000000000e+02 -1.184602559520159248e-03
1.705000000000000000e+02 -1.454744494072053888e-03
1.710000000000000000e+02 -1.848230617797660437e-03
1.715000000000000000e+02 -2.022596265824141981e-03
1.720000000000000000e+02 -2.259945301331115625e-03
1.725000000000000000e+02 -2.569859404813405312e-03
1.730000000000000000e+02 -2.817452159994417258e-03
1.735000000000000000e+02 -2.872656934498452920e-03
1.740000000000000000e+02 -2.933009760336575695e-03
1.745000000000000000e+02 -3.138670981593681426e-03
1.750000000000000000e+02 -3.277259578437518184e-03
1.755000000000000000e+02 -3.238910477652074370e-03
1.760000000000000000e+02 -3.370705213357326046e-03
1.765000000000000000e+02 -3.119966600169978010e-03
1.770000000000000000e+02 -3.316253749336034538e-03
1.775000000000000000e+02 -3.113632782378044587e-03
1.780000000000000000e+02 -2.563941330034130803e-03
1.785000000000000000e+02 -2.593487661278951525e-03
1.790000000000000000e+02 -2.445943363641956726e-03
1.795000000000000000e+02 -2.249503054070038296e-03
1.800000000000000000e+02 -2.013107237268209945e-03
1.805000000000000000e+02 -1.813512887657952981e-03
1.810000000000000000e+02 -1.662552907343097007e-03
1.815000000000000000e+02 -1.700933809178716396e-03
1.820000000000000000e+02 -1.252772354708003508e-03
1.825000000000000000e+02 -1.260203956111834124e-03
1.830000000000000000e+02 -6.923849455017662803e-04
1.835000000000000000e+02 -8.222851470132379196e-04
1.840000000000000000e+02 -6.824662938504874078e-04
1.845000000000000000e+02 -4.138781472358859831e-04
1.850000000000000000e+02 -3.950260231331448769e-05
1.855000000000000000e+02 6.987036487041466419e-05
1.860000000000000000e+02 1.019262752802746084e-04
1.865000000000000000e+02 3.368332197929913485e-04
1.870000000000000000e+02 5.674497567463610307e-04
1.875000000000000000e+02 4.080183423115883723e-04
1.880000000000000000e+02 1.981343261765192360e-04
1.885000000000000000e+02 3.441420104898857335e-04
1.890000000000000000e+02 8.383394415485289795e-04
1.895000000000000000e+02 4.382002523193997208e-04
1.900000000000000000e+02 9.338397624128702513e-04
1.905000000000000000e+02 7.456223178861510342e-04
1.910000000000000000e+02 9.877923127233855221e-04
1.915000000000000000e+02 8.901093584504427610e-04
1.920000000000000000e+02 3.633977748497874182e-04
1.925000000000000000e+02 3.873739596960103161e-04
1.930000000000000000e+02 2.792383113347817521e-04
1.935000000000000000e+02 1.448596167863039732e-04
1.940000000000000000e+02 4.877310964755679685e-05
1.945000000000000000e+02 -2.283970804587037208e-04
1.950000000000000000e+02 -2.834072879500852227e-04
1.955000000000000000e+02 -7.942357388428441254e-04
1.960000000000000000e+02 -1.421690923426863380e-03
1.965000000000000000e+02 -1.852116032055943842e-03
1.970000000000000000e+02 -2.499497865083439175e-03
1.975000000000000000e+02 -2.714050007730941291e-03
1.980000000000000000e+02 -3.175460500225088956e-03
1.985000000000000000e+02 -3.431746021428816028e-03
1.990000000000000000e+02 -3.885142861305799101e-03
1.995000000000000000e+02 -4.098910440017258620e-03
2.000000000000000000e+02 -4.185553580124582763e-03
2.005000000000000000e+02 -4.624877579058475977e-03
2.010000000000000000e+02 -4.701024831702280658e-03
2.015000000000000000e+02 -4.757156878568412697e-03
2.020000000000000000e+02 -4.695473563752325559e-03
2.025000000000000000e+02 -5.139599568913705112e-03
2.030000000000000000e+02 -5.107852601317752067e-03
2.035000000000000000e+02 -5.225027220027125135e-03
2.040000000000000000e+02 -5.283920441100697744e-03
2.045000000000000000e+02 -5.154368688982718417e-03
2.050000000000000000e+02 -5.275410724056755866e-03
2.055000000000000000e+02 -5.428619063317348739e-03
2.060000000000000000e+02 -5.325999722890692283e-03
2.065000000000000000e+02 -5.555730880565643015e-03
2.070000000000000000e+02 -5.362521031668942076e-03
2.075000000000000000e+02 -5.326015898316285857e-03
2.080000000000000000e+02 -5.368353624900870820e-03
2.085000000000000000e+02 -5.406492736480836975e-03
2.090000000000000000e+02 -5.422854425119650809e-03
2.095000000000000000e+02 -5.472890154290564919e-03
2.100000000000000000e+02 -5.334803913408524105e-03
2.105000000000000000e+02 -5.333741212493932522e-03
2.110000000000000000e+02 -5.027135729392308121e-03
2.115000000000000000e+02 -4.977509218132082462e-03
2.120000000000000000e+02 -5.018525062427405502e-03
2.125000000000000000e+02 -4.819765296934919521e-03
2.130000000000000000e+02 -4.956282131255407807e-03
2.135000000000000000e+02 -5.093143574993632197e-03
2.140000000000000000e+02 -5.143739208525766569e-03
2.145000000000000000e+02 -5.122632759399130611e-03
2.150000000000000000e+02 -5.084389883355487638e-03
2.155000000000000000e+02 -4.936317040026971283e-03
2.160000000000000000e+02 -4.854836790979671045e-03
2.165000000000000000e+02 -4.932091759072530085e-03
2.170000000000000000e+02 -4.971510921196140367e-03
2.175000000000000000e+02 -4.877423531646591856e-03
2.180000000000000000e+02 -4.818053575759538229e-03
2.185000000000000000e+02 -5.097156437784752282e-03
2.190000000000000000e+02 -5.001204891629398332e-03
2.195000000000000000e+02 -4.821170186952234565e-03
2.200000000000000000e+02 -4.874150562078263110e-03
