1.100000000000000000e+02 -1.155556390039192693e-01
1.105000000000000000e+02 4.444662703966742456e-02
1.110000000000000000e+02 -9.890935366529426953e-02
1.115000000000000000e+02 -9.007388850109206146e-02
1.120000000000000000e+02 -2.123299610257954051e-01
1.125000000000000000e+02 -9.453905578065259496e-02
1.130000000000000000e+02 -6.845612394690117619e-02
1.135000000000000000e+02 -6.830163458043696234e-02
1.140000000000000000e+02 5.403477064749709902e-01
1.145000000000000000e+02 2.463683428971786271e-01
1.150000000000000000e+02 2.298305359303814133e-01
1.155000000000000000e+02 2.259266223438314292e-01
1.160000000000000000e+02 2.239526817424989380e-01
1.165000000000000000e+02 2.202936654615256229e-01
1.170000000000000000e+02 2.178440428505200865e-01
1.175000000000000000e+02 2.170600625697736707e-01
1.180000000000000000e+02 2.154349351507029164e-01
1.185000000000000000e+02 2.133000563431682317e-01
1.190000000000000000e+02 2.118515431421244266e-01
1.195000000000000000e+02 2.090231432557100033e-01
1.200000000000000000e+02 2.047457430024516023e-01
1.205000000000000000e+02 2.035931188700126349e-01
1.210000000000000000e+02 2.016141757082351160e-01
1.215000000000000000e+02 1.970316352865384979e-01
1.220000000000000000e+02 1.917592392779808586e-01
1.225000000000000000e+02 1.878429453034209384e-01
1.230000000000000000e+02 1.826809370263535182e-01
1.235000000000000000e+02 1.785901310381246831e-01
1.240000000000000000e+02 1.732212199912278316e-01
1.245000000000000000e+02 1.672586868471260535e-01
1.250000000000000000e+02 1.617103605882007356e-01
1.255000000000000000e+02 1.570996874304583513e-01
1.260000000000000000e+02 1.522139412138937831e-01
1.265000000000000000e+02 1.476167722242742175e-01
1.270000000000000000e+02 1.436832504164341773e-01
1.275000000000000000e+02 1.396646126035903102e-01
1.280000000000000000e+02 1.361541184561349538e-01
1.285000000000000000e+02 1.339656990537819725e-01
1.290000000000000000e+02 1.310053840921741319e-01
1.295000000000000000e+02 1.295155359748131618e-01
1.300000000000000000e+02 1.281724770348850739e-01
1.305000000000000000e+02 1.267012646910944951e-01
1.310000000000000000e+02 1.264493049760766485e-01
1.315000000000000000e+02 1.264799337378795241e-01
1.320000000000000000e+02 1.272612423023392891e-01
1.325000000000000000e+02 1.288566028686081999e-01
1.330000000000000000e+02 1.311654691719119914e-01
1.335000000000000000e+02 1.340698944431043815e-01
1.340000000000000000e+02 1.374892001398291819e-01
1.345000000000000000e+02 1.419981663706053887e-01
1.350000000000000000e+02 1.467418504869377471e-01
1.355000000000000000e+02 1.526053837804288438e-01
1.360000000000000000e+02 1.588636246069099756e-01
1.365000000000000000e+02 1.659267413026397353e-01
1.370000000000000000e+02 1.738336707593639563e-01
1.375000000000000000e+02 1.825535826925518690e-01
1.380000000000000000e+02 1.910535478655891184e-01
1.385000000000000000e+02 2.001759600203181499e-01
1.390000000000000000e+02 2.089011612776792703e-01
1.395000000000000000e+02 2.165891498136501281e-01
1.400000000000000000e+02 2.238313771918498951e-01
1.405000000000000000e+02 2.301379647519805338e-01
1.410000000000000000e+02 2.347238375041616476e-01
1.415000000000000000e+02 2.389902720202388142e-01
1.420000000000000000e+02 2.421307646144774672e-01
1.425000000000000000e+02 2.448182086911398769e-01
1.430000000000000000e+02 2.464785061862817817e-01
1.435000000000000000e+02 2.472608339462555038e-01
1.440000000000000000e+02 2.466110082421351102e-01
1.445000000000000000e+02 2.447794516228937178e-01
1.450000000000000000e+02 2.418010204681246000e-01
1.455000000000000000e+02 2.376946926643711822e-01
1.460000000000000000e+02 2.320633946001829095e-01
1.465000000000000000e+02 2.257507535161106249e-01
1.470000000000000000e+02 2.185212338881729055e-01
1.475000000000000000e+02 2.107849204908123497e-01
1.480000000000000000e+02 2.027775815555392380e-01
1.485000000000000000e+02 1.946142548799386085e-01
1.490000000000000000e+02 1.868481793216493769e-01
1.495000000000000000e+02 1.797602976519442342e-01
1.500000000000000000e+02 1.726476204108123302e-01
1.505000000000000000e+02 1.660684933974408417e-01
1.510000000000000000e+02 1.594580467417473502e-01
1.515000000000000000e+02 1.529153317204179907e-01
1.520000000000000000e+02 1.468645686627576830e-01
1.525000000000000000e+02 1.411482550873588704e-01
1.530000000000000000e+02 1.356105547035366399e-01
1.535000000000000000e+02 1.303684881165733667e-01
1.540000000000000000e+02 1.245609342134738895e-01
1.545000000000000000e+02 1.192708987815065680e-01
1.550000000000000000e+02 1.132377848586588881e-01
1.555000000000000000e+02 1.066898700629474867e-01
1.560000000000000000e+02 1.000091317820471365e-01
1.565000000000000000e+02 9.310819282368501537e-02
1.570000000000000000e+02 8.601612006405882915e-02
1.575000000000000000e+02 7.846661730540344104e-02
1.580000000000000000e+02 7.130028521188416790e-02
1.585000000000000000e+02 6.389885904654946103e-02
1.590000000000000000e+02 5.594546181570759363e-02
1.595000000000000000e+02 4.932892882301895959e-02
1.600000000000000000e+02 4.229348638050280107e-02
1.605000000000000000e+02 3.618385377679285420e-02
1.610000000000000000e+02 2.928358609106567964e-02
1.615000000000000000e+02 2.376456626423715038e-02
1.620000000000000000e+02 1.969533253996527331e-02
1.625000000000000000e+02 1.584528499648795927e-02
1.630000000000000000e+02 1.250874729291950524e-02
1.635000000000000000e+02 1.032881520022336207e-02
1.640000000000000000e+02 7.931364844576732978e-03
1.645000000000000000e+02 6.413606235500146809e-03
1.650000000000000000e+02 5.085109849244741353e-03
1.655000000000000000e+02 4.197325009783176887e-03
1.660000000000000000e+02 3.160060331781354686e-03
1.665000000000000000e+02 2.055630366375053690e-03
1.670000000000000000e+02 1.684881513744982589e-03
1.675000000000000000e+02 1.032133650795028293e-03
1.680000000000000000e+02 7.526222415786490037e-04
1.685000000000000000e+02 7.093313309589072005e-04
1.690000000000000000e+02 2.885549530550816675e-05
1.695000000000000000e+02 1.095619341267381908e-04
1.700000000000000000e+02 -8.430559724736727133e-05
1.705000000000000000e+02 -1.376114046509062556e-04
1.710000000000000000e+02 4.110240294507963620e-04
1.715000000000000000e+02 1.777674060842395658e-04
1.720000000000000000e+02 1.042089627959278249e-04
1.725000000000000000e+02 2.827463521582557421e-04
1.730000000000000000e+02 6.453062625958189006e-04
1.735000000000000000e+02 2.132332366288721597e-04
1.740000000000000000e+02 3.174405548968977416e-04
1.745000000000000000e+02 3.294156639083442107e-04
1.750000000000000000e+02 7.719607999667019594e-04
1.755000000000000000e+02 8.185861364712208790e-04
1.760000000000000000e+02 6.867323100144368756e-04
1.765000000000000000e+02 7.314070792470828532e-04
1.770000000000000000e+02 1.452075658357337117e-03
1.775000000000000000e+02 1.598963945537411509e-03
1.780000000000000000e+02 2.032692825119955440e-03
1.785000000000000000e+02 2.241859778648450097e-03
1.790000000000000000e+02 2.363705446985230746e-03
1.795000000000000000e+02 2.808548997716233536e-03
1.800000000000000000e+02 2.787563178187302867e-03
1.805000000000000000e+02 2.740973680121225244e-03
1.810000000000000000e+02 2.813920275156176192e-03
1.815000000000000000e+02 3.189168386328509585e-03
1.820000000000000000e+02 3.809419808237172154e-03
1.825000000000000000e+02 4.114746660850775867e-03
1.830000000000000000e+02 3.994716699521423144e-03
1.835000000000000000e+02 4.004304746088397857e-03
1.840000000000000000e+02 4.717345166686552974e-03
1.845000000000000000e+02 4.401036412036709103e-03
1.850000000000000000e+02 4.593315743524910635e-03
1.855000000000000000e+02 5.353297932743426683e-03
1.860000000000000000e+02 5.279943658350819656e-03
1.865000000000000000e+02 5.398414822769209351e-03
1.870000000000000000e+02 5.609270231153641768e-03
1.875000000000000000e+02 5.727055788381969076e-03
1.880000000000000000e+02 6.437187843654469666e-03
1.885000000000000000e+02 6.684119322496388620e-03
1.890000000000000000e+02 7.115171916284176133e-03
1.895000000000000000e+02 7.025973208241574619e-03
1.900000000000000000e+02 7.273875728013825398e-03
1.905000000000000000e+02 6.933686533641664380e-03
1.910000000000000000e+02 7.052859325631671665e-03
1.915000000000000000e+02 6.964719646363974788e-03
1.920000000000000000e+02 7.039169682636488637e-03
1.925000000000000000e+02 7.217725481294296440e-03
1.930000000000000000e+02 6.929434705938806484e-03
1.935000000000000000e+02 6.861949857291609230e-03
1.940000000000000000e+02 6.517998293675128160e-03
1.945000000000000000e+02 6.320300700298604746e-03
1.950000000000000000e+02 5.418770781402168502e-03
1.955000000000000000e+02 4.919320929646343009e-03
1.960000000000000000e+02 4.589662825604927734e-03
1.965000000000000000e+02 4.109534828335065226e-03
1.970000000000000000e+02 3.972304169830400897e-03
1.975000000000000000e+02 3.243623733679711334e-03
1.980000000000000000e+02 3.097024092451604836e-03
1.985000000000000000e+02 2.796534564750956329e-03
1.990000000000000000e+02 2.562371980549048994e-03
1.995000000000000000e+02 2.339892976243732221e-03
2.000000000000000000e+02 2.473490017780913958e-03
2.005000000000000000e+02 2.680097842858723128e-03
2.010000000000000000e+02 1.162379269083160327e-03
2.015000000000000000e+02 9.664200732085930032e-04
2.020000000000000000e+02 1.168497253147809251e-03
2.025000000000000000e+02 1.347229086963650608e-03
2.030000000000000000e+02 1.688039754822103595e-03
2.035000000000000000e+02 1.185751666031953410e-03
2.040000000000000000e+02 1.901853093069699307e-03
2.045000000000000000e+02 1.451826019752261920e-03
2.050000000000000000e+02 1.806520408670363002e-03
2.055000000000000000e+02 1.752306024298803120e-03
2.060000000000000000e+02 1.070574484693147949e-03
2.065000000000000000e+02 1.169975272070863633e-03
2.070000000000000000e+02 1.449206969443286039e-03
2.075000000000000000e+02 1.354391506936054694e-03
2.080000000000000000e+02 1.160517683756722264e-03
2.085000000000000000e+02 1.129818530268562231e-03
2.090000000000000000e+02 1.065039624153381152e-03
2.095000000000000000e+02 1.145056262347786489e-03
2.100000000000000000e+02 1.636243766653671435e-03
2.105000000000000000e+02 1.811252190477865859e-03
2.110000000000000000e+02 1.950948129258575940e-03
2.115000000000000000e+02 1.321939758975799366e-03
2.120000000000000000e+02 2.131264863908578257e-03
2.125000000000000000e+02 1.340319464743520332e-03
2.130000000000000000e+02 1.657535076228982022e-03
2.135000000000000000e+02 1.564185573769659660e-03
2.140000000000000000e+02 1.660187498044957957e-03
2.145000000000000000e+02 1.644720654368840053e-03
2.150000000000000000e+02 1.820083110140904110e-03
2.155000000000000000e+02 1.889100452565365068e-03
2.160000000000000000e+02 1.571387136177037789e-03
2.165000000000000000e+02 1.640123742416015225e-03
2.170000000000000000e+02 1.480454133860149282e-03
2.175000000000000000e+02 1.598410983878428794e-03
2.180000000000000000e+02 1.381972307082752864e-03
2.185000000000000000e+02 1.689973062404611639e-03
2.190000000000000000e+02 1.451641733152252926e-03
2.195000000000000000e+02 1.484885918194091530e-03
2.200000000000000000e+02 1.340604185087476393e-03
