1.100000000000000000e+02 -1.144746322970037616e-01
1.105000000000000000e+02 -7.243168907657972222e-02
1.110000000000000000e+02 2.270942830198267523e-02
1.115000000000000000e+02 -3.630473744857311280e-02
1.120000000000000000e+02 -1.901122345885829928e-02
1.125000000000000000e+02 3.275150094162498915e-02
1.130000000000000000e+02 -7.408387402224217433e-02
1.135000000000000000e+02 -1.639351865703332634e-01
1.140000000000000000e+02 nan
1.145000000000000000e+02 1.400508648071052242e+00
1.150000000000000000e+02 1.148246611818047214e+00
1.155000000000000000e+02 1.102373167822925160e+00
1.160000000000000000e+02 1.096078999209496363e+00
1.165000000000000000e+02 1.072701837831271376e+00
1.170000000000000000e+02 1.066402669584719520e+00
1.175000000000000000e+02 1.041457713350240954e+00
1.180000000000000000e+02 1.037860159308711783e+00
1.185000000000000000e+02 1.029898589203416259e+00
1.190000000000000000e+02 1.015492516846444149e+00
1.195000000000000000e+02 9.960971491159028579e-01
1.200000000000000000e+02 9.881965016202034491e-01
1.205000000000000000e+02 9.724637749648301632e-01
1.210000000000000000e+02 9.576620050687285612e-01
1.215000000000000000e+02 9.404534552069586661e-01
1.220000000000000000e+02 9.216395714959996210e-01
1.225000000000000000e+02 9.024730842698753808e-01
1.230000000000000000e+02 8.857350240679475739e-01
1.235000000000000000e+02 8.624409271697421886e-01
1.240000000000000000e+02 8.420201763233530201e-01
1.245000000000000000e+02 8.238686982305567508e-01
1.250000000000000000e+02 8.011603286911435085e-01
1.255000000000000000e+02 7.828583743552690599e-01
1.260000000000000000e+02 7.649362479728495368e-01
1.265000000000000000e+02 7.471916601530002033e-01
1.270000000000000000e+02 7.310016281594458043e-01
1.275000000000000000e+02 7.154244224535419860e-01
1.280000000000000000e+02 7.011630318865995637e-01
1.285000000000000000e+02 6.881968017665689441e-01
1.290000000000000000e+02 6.761520920402975809e-01
1.295000000000000000e+02 6.661074602576988468e-01
1.300000000000000000e+02 6.575641416863933220e-01
1.305000000000000000e+02 6.502246848228480092e-01
1.310000000000000000e+02 6.446124293503787683e-01
1.315000000000000000e+02 6.408636061314987309e-01
1.320000000000000000e+02 6.390777195560628510e-01
1.325000000000000000e+02 6.400545370763980335e-01
1.330000000000000000e+02 6.424056117873683247e-01
1.335000000000000000e+02 6.476738620464285168e-01
1.340000000000000000e+02 6.552017886774154087e-01
1.345000000000000000e+02 6.648702944333703124e-01
1.350000000000000000e+02 6.783909271186249201e-01
1.355000000000000000e+02 6.938580023288998255e-01
1.360000000000000000e+02 7.125619404251860578e-01
1.365000000000000000e+02 7.335781212584826516e-01
1.370000000000000000e+02 7.579832016896256297e-01
1.375000000000000000e+02 7.844760750423217521e-01
1.380000000000000000e+02 8.115764993721483744e-01
1.381999999999999886e+02 8.235327524354121298e-01
1.384000000000000057e+02 8.342201355895600967e-01
1.385999999999999943e+02 8.451552041004828375e-01
1.388000000000000114e+02 8.559495517504868145e-01
1.390000000000000000e+02 8.659048377826963350e-01
1.391999999999999886e+02 8.762708576420683571e-01
1.394000000000000057e+02 8.855411288495192990e-01
1.395999999999999943e+02 8.951862276067660273e-01
1.398000000000000114e+02 9.042341140125592647e-01
1.400000000000000000e+02 9.133489455495594767e-01
1.401999999999999886e+02 9.214036790063738769e-01
1.404000000000000057e+02 9.290022685504274458e-01
1.405999999999999943e+02 9.370059914573573012e-01
1.408000000000000114e+02 9.439857552209778291e-01
1.410000000000000000e+02 9.504272078544413471e-01
1.411999999999999886e+02 9.564579861098785329e-01
1.414000000000000057e+02 9.622797817846323598e-01
1.415999999999999943e+02 9.676408805586764750e-01
1.418000000000000114e+02 9.727517591043587375e-01
1.420000000000000000e+02 9.768710959296678098e-01
1.421999999999999886e+02 9.815789700479780056e-01
1.424000000000000057e+02 9.856889540312682163e-01
1.425999999999999943e+02 9.884359871057979419e-01
1.428000000000000114e+02 9.915870146062073509e-01
1.430000000000000000e+02 9.939991098085046994e-01
1.431999999999999886e+02 9.954219776036682399e-01
1.434000000000000057e+02 9.968135052631326154e-01
1.435999999999999943e+02 9.969255145669017049e-01
1.438000000000000114e+02 9.969590448421733475e-01
1.440000000000000000e+02 9.954385377635422971e-01
1.441999999999999886e+02 9.938453272639646841e-01
1.444000000000000057e+02 9.909763149779277080e-01
1.445999999999999943e+02 9.879397208543297948e-01
1.448000000000000114e+02 9.838614807807843921e-01
1.450000000000000000e+02 9.795344797117186975e-01
1.451999999999999886e+02 9.744514440327761706e-01
1.454000000000000057e+02 9.692202902696207545e-01
1.455999999999999943e+02 9.630450955277809477e-01
1.458000000000000114e+02 9.565404908038692700e-01
1.460000000000000000e+02 9.497064193276478772e-01
1.461999999999999886e+02 9.416746047824351429e-01
1.464000000000000057e+02 9.337242654130845088e-01
1.465999999999999943e+02 9.246578940239923439e-01
1.468000000000000114e+02 9.151474654048435964e-01
1.470000000000000000e+02 9.054111769069207449e-01
1.471999999999999886e+02 8.949637195333668416e-01
1.474000000000000057e+02 8.842653781529228318e-01
1.475999999999999943e+02 8.727998092106652450e-01
1.478000000000000114e+02 8.605970525464511356e-01
1.480000000000000000e+02 8.493321376850901938e-01
1.481999999999999886e+02 8.376242327154352907e-01
1.484000000000000057e+02 8.267962516188729349e-01
1.485999999999999943e+02 8.160125711746757382e-01
1.488000000000000114e+02 8.055107376383590090e-01
1.490000000000000000e+02 7.954691426379985053e-01
1.491999999999999886e+02 7.854350563586222078e-01
1.494000000000000057e+02 7.755189763472620790e-01
1.495999999999999943e+02 7.651619118637807970e-01
1.498000000000000114e+02 7.544868355200781140e-01
1.500000000000000000e+02 7.439413801750944799e-01
1.505000000000000000e+02 7.175695570979776505e-01
1.510000000000000000e+02 6.913015369655003406e-01
1.515000000000000000e+02 6.651402720795587253e-01
1.520000000000000000e+02 6.394818084307799522e-01
1.525000000000000000e+02 6.155718295839675003e-01
1.530000000000000000e+02 5.929315657214572211e-01
1.535000000000000000e+02 5.702691455446452506e-01
1.540000000000000000e+02 5.459997511547137750e-01
1.545000000000000000e+02 5.201371325433431503e-01
1.550000000000000000e+02 4.925498718316222435e-01
1.555000000000000000e+02 4.636246604637585533e-01
1.560000000000000000e+02 4.332931669172294664e-01
1.565000000000000000e+02 4.014141528711007156e-01
1.570000000000000000e+02 3.695653728406844141e-01
1.575000000000000000e+02 3.374863867250860738e-01
1.580000000000000000e+02 3.052350227052689213e-01
1.585000000000000000e+02 2.727267872297277629e-01
1.590000000000000000e+02 2.408846499966347809e-01
1.595000000000000000e+02 2.098637339196702811e-01
1.600000000000000000e+02 1.808157279550873797e-01
1.605000000000000000e+02 1.533013795893695408e-01
1.610000000000000000e+02 1.290203959792584343e-01
1.615000000000000000e+02 1.075656639700446615e-01
1.620000000000000000e+02 8.924854930732491198e-02
1.625000000000000000e+02 7.372990797187727041e-02
1.630000000000000000e+02 6.076548920122377268e-02
1.635000000000000000e+02 5.036161134403485673e-02
1.640000000000000000e+02 4.181715964366058969e-02
1.645000000000000000e+02 3.513124720414226992e-02
1.650000000000000000e+02 2.955888818888936093e-02
1.655000000000000000e+02 2.524627664708435984e-02
1.660000000000000000e+02 2.147301639668368345e-02
1.665000000000000000e+02 1.855859215775076607e-02
1.670000000000000000e+02 1.618792018853333972e-02
1.675000000000000000e+02 1.417120132716952023e-02
1.680000000000000000e+02 1.279390898993064407e-02
1.685000000000000000e+02 1.146120419324536503e-02
1.690000000000000000e+02 1.026556673771514792e-02
1.695000000000000000e+02 9.701727192281560733e-03
1.700000000000000000e+02 9.003451507307648136e-03
1.705000000000000000e+02 8.635239262963072607e-03
1.710000000000000000e+02 8.125330345505422935e-03
1.715000000000000000e+02 7.785556843422317998e-03
1.720000000000000000e+02 7.598737594026548810e-03
1.725000000000000000e+02 7.267856997655653024e-03
1.730000000000000000e+02 6.882863249392507862e-03
1.735000000000000000e+02 6.839897674992878596e-03
1.740000000000000000e+02 6.409685579148316145e-03
1.745000000000000000e+02 6.351769284299330770e-03
1.750000000000000000e+02 6.504368246719637731e-03
1.755000000000000000e+02 6.404255664644924358e-03
1.760000000000000000e+02 6.661962548272952651e-03
1.765000000000000000e+02 6.826611454617301060e-03
1.770000000000000000e+02 7.003875690342924003e-03
1.775000000000000000e+02 7.298549236315328079e-03
1.780000000000000000e+02 7.442024491249537785e-03
1.785000000000000000e+02 7.808040983398565303e-03
1.790000000000000000e+02 7.934413211542772418e-03
1.795000000000000000e+02 8.369402926241536339e-03
1.800000000000000000e+02 8.760507831397508841e-03
1.805000000000000000e+02 9.274685060905903111e-03
1.810000000000000000e+02 9.523615499653123595e-03
1.815000000000000000e+02 9.761939881506318320e-03
1.820000000000000000e+02 1.017738975129391793e-02
1.825000000000000000e+02 1.035343673483060667e-02
1.830000000000000000e+02 1.102488766122078009e-02
1.835000000000000000e+02 1.140166637477770320e-02
1.840000000000000000e+02 1.194682007989112879e-02
1.845000000000000000e+02 1.262126868707340137e-02
1.850000000000000000e+02 1.322762649187838452e-02
1.855000000000000000e+02 1.388390219378368359e-02
1.860000000000000000e+02 1.423050104603487166e-02
1.865000000000000000e+02 1.468531223203330821e-02
1.870000000000000000e+02 1.528232986934163762e-02
1.875000000000000000e+02 1.545431864739020902e-02
1.880000000000000000e+02 1.606911183120122641e-02
1.885000000000000000e+02 1.684406926841638952e-02
1.890000000000000000e+02 1.705105992560061734e-02
1.895000000000000000e+02 1.731361679282009125e-02
1.900000000000000000e+02 1.744656301815604438e-02
1.905000000000000000e+02 1.712637000320401184e-02
1.910000000000000000e+02 1.703052976899316340e-02
1.915000000000000000e+02 1.682631920674024228e-02
1.920000000000000000e+02 1.682456954283724146e-02
1.925000000000000000e+02 1.682311515608712546e-02
1.930000000000000000e+02 1.665886383809037086e-02
1.935000000000000000e+02 1.624876375964239006e-02
1.940000000000000000e+02 1.556053985853069269e-02
1.945000000000000000e+02 1.448979487115090690e-02
1.950000000000000000e+02 1.332026592914394708e-02
1.955000000000000000e+02 1.265142375504850654e-02
1.960000000000000000e+02 1.161783841715600084e-02
1.965000000000000000e+02 1.090198276790691270e-02
1.970000000000000000e+02 9.983229246289705358e-03
1.975000000000000000e+02 9.360578508080969265e-03
1.980000000000000000e+02 8.742079633572959543e-03
1.985000000000000000e+02 8.338996413620984247e-03
1.990000000000000000e+02 7.900611013697466864e-03
1.995000000000000000e+02 7.358186134324129143e-03
2.000000000000000000e+02 7.096923560006866173e-03
2.005000000000000000e+02 6.827322343189373005e-03
2.010000000000000000e+02 6.535146224909659830e-03
2.015000000000000000e+02 6.526265092918957962e-03
2.020000000000000000e+02 6.390174790132316547e-03
2.025000000000000000e+02 6.353141218432863460e-03
2.030000000000000000e+02 6.219181906501913305e-03
2.035000000000000000e+02 6.455373927449788336e-03
2.040000000000000000e+02 6.507608628154241959e-03
2.045000000000000000e+02 6.490079340527634029e-03
2.050000000000000000e+02 6.469724384149744614e-03
2.055000000000000000e+02 6.751774752106381831e-03
2.060000000000000000e+02 6.850967556583411645e-03
2.065000000000000000e+02 6.769600668076688338e-03
2.070000000000000000e+02 7.043425331681390546e-03
2.075000000000000000e+02 7.112068487474656163e-03
2.080000000000000000e+02 7.322273717205790219e-03
2.085000000000000000e+02 7.210869687864503164e-03
2.090000000000000000e+02 7.171673581752163740e-03
2.095000000000000000e+02 7.217294079838235815e-03
2.100000000000000000e+02 7.301418997087297767e-03
2.105000000000000000e+02 7.224624256078473333e-03
2.110000000000000000e+02 7.185172153039084096e-03
2.115000000000000000e+02 7.131990356577607229e-03
2.120000000000000000e+02 7.238071215335199760e-03
2.125000000000000000e+02 7.149573348610431534e-03
2.130000000000000000e+02 7.034380071635323341e-03
2.135000000000000000e+02 7.046517387933329962e-03
2.140000000000000000e+02 7.239777329995911864e-03
2.145000000000000000e+02 7.041280442258446466e-03
2.150000000000000000e+02 7.196867796835123947e-03
2.155000000000000000e+02 7.298662570826936098e-03
2.160000000000000000e+02 7.196129750180443700e-03
2.165000000000000000e+02 7.379180994483199724e-03
2.170000000000000000e+02 7.430733499600275342e-03
2.175000000000000000e+02 7.674446118854752995e-03
2.180000000000000000e+02 7.499217503423997663e-03
2.185000000000000000e+02 7.547575067727596045e-03
2.190000000000000000e+02 7.608416697327024907e-03
2.195000000000000000e+02 7.673138764465621368e-03
2.200000000000000000e+02 7.817400596675837601e-03
