1.100000000000000000e+02 -9.403514143441039919e-02
1.105000000000000000e+02 -4.450344879971755013e-02
1.110000000000000000e+02 -1.012886733930641464e-01
1.115000000000000000e+02 -1.379887247430478803e-01
1.120000000000000000e+02 -3.795329284306858068e-03
1.125000000000000000e+02 -1.263658542846458344e-01
1.130000000000000000e+02 -6.630221955940734935e-02
1.135000000000000000e+02 -1.089453597779516808e-01
1.140000000000000000e+02 1.273022254959485622e+00
1.145000000000000000e+02 5.171448501856974467e-01
1.150000000000000000e+02 4.917478115636146896e-01
1.155000000000000000e+02 4.797780911825386130e-01
1.160000000000000000e+02 4.712202994469886219e-01
1.165000000000000000e+02 4.699337668028774617e-01
1.170000000000000000e+02 4.633847918042619529e-01
1.175000000000000000e+02 4.645828266472343815e-01
1.180000000000000000e+02 4.593124295437422400e-01
1.185000000000000000e+02 4.571772908580047923e-01
1.190000000000000000e+02 4.533509802448449366e-01
1.195000000000000000e+02 4.494870223849822821e-01
1.200000000000000000e+02 4.436071321383190935e-01
1.205000000000000000e+02 4.395094913894726507e-01
1.210000000000000000e+02 4.328506489048737915e-01
1.215000000000000000e+02 4.259084344021642488e-01
1.220000000000000000e+02 4.178964923375096951e-01
1.225000000000000000e+02 4.071220448522194779e-01
1.230000000000000000e+02 3.973327382535692953e-01
1.235000000000000000e+02 3.877366513009588012e-01
1.240000000000000000e+02 3.782252079768506081e-01
1.245000000000000000e+02 3.672021209857960766e-01
1.250000000000000000e+02 3.577776087911650471e-01
1.255000000000000000e+02 3.473097166904366984e-01
1.260000000000000000e+02 3.381048428428604091e-01
1.265000000000000000e+02 3.291655160303460503e-01
1.270000000000000000e+02 3.210349637312419069e-01
1.275000000000000000e+02 3.137088908701575196e-01
1.280000000000000000e+02 3.066727599804638937e-01
1.285000000000000000e+02 3.012314100372434633e-01
1.290000000000000000e+02 2.968342715045013125e-01
1.295000000000000000e+02 2.924692798540475813e-01
1.300000000000000000e+02 2.896438274538226110e-01
1.305000000000000000e+02 2.877347790631045732e-01
1.310000000000000000e+02 2.866869333133745812e-01
1.315000000000000000e+02 2.870982797816313270e-01
1.320000000000000000e+02 2.887019852746012250e-01
1.325000000000000000e+02 2.910492551896895486e-01
1.330000000000000000e+02 2.948563156565267018e-01
1.335000000000000000e+02 3.004224414051693826e-01
1.340000000000000000e+02 3.072285695507177006e-01
1.345000000000000000e+02 3.151054421908708325e-01
1.350000000000000000e+02 3.243047182584100074e-01
1.355000000000000000e+02 3.350755892965966987e-01
1.360000000000000000e+02 3.471301784372227694e-01
1.365000000000000000e+02 3.607854201812356054e-01
1.370000000000000000e+02 3.755999219183698834e-01
1.375000000000000000e+02 3.917930916519183904e-01
1.380000000000000000e+02 4.087644126961036961e-01
1.385000000000000000e+02 4.257948730829874129e-01
1.390000000000000000e+02 4.415226229563805060e-01
1.395000000000000000e+02 4.569440773716353932e-01
1.400000000000000000e+02 4.699515458747438590e-01
1.405000000000000000e+02 4.806515321062496682e-01
1.410000000000000000e+02 4.892080501669783255e-01
1.415000000000000000e+02 4.956934858630849261e-01
1.420000000000000000e+02 5.005075957203167780e-01
1.425000000000000000e+02 5.040384953928310763e-01
1.430000000000000000e+02 5.054423272566865855e-01
1.435000000000000000e+02 5.051102941017353576e-01
1.440000000000000000e+02 5.019161532847699059e-01
1.445000000000000000e+02 4.964104760854329834e-01
1.450000000000000000e+02 4.882573747126611186e-01
1.455000000000000000e+02 4.782881539090176881e-01
1.460000000000000000e+02 4.660159548630367632e-01
1.465000000000000000e+02 4.512545152324368702e-01
1.470000000000000000e+02 4.352763015291331583e-01
1.475000000000000000e+02 4.179090236228547028e-01
1.480000000000000000e+02 3.999090194496479067e-01
1.485000000000000000e+02 3.827071564188446740e-01
1.490000000000000000e+02 3.667629557818490316e-01
1.495000000000000000e+02 3.510109699887429824e-01
1.500000000000000000e+02 3.358585037961810404e-01
1.505000000000000000e+02 3.211369041550014569e-01
1.510000000000000000e+02 3.064838075409020979e-01
1.515000000000000000e+02 2.927734666166640354e-01
1.520000000000000000e+02 2.799402904880858300e-01
1.525000000000000000e+02 2.673272140988037227e-01
1.530000000000000000e+02 2.562770674974820806e-01
1.535000000000000000e+02 2.444291900327408285e-01
1.540000000000000000e+02 2.327321587058269747e-01
1.545000000000000000e+02 2.205483162137603648e-01
1.550000000000000000e+02 2.082539609683065618e-01
1.555000000000000000e+02 1.949950924180507972e-01
1.560000000000000000e+02 1.815712470119091038e-01
1.565000000000000000e+02 1.678822092940014665e-01
1.570000000000000000e+02 1.536600803391854064e-01
1.575000000000000000e+02 1.395189073251492384e-01
1.580000000000000000e+02 1.255950438618027853e-01
1.585000000000000000e+02 1.107963318754482673e-01
1.590000000000000000e+02 9.675865785099051208e-02
1.595000000000000000e+02 8.256230354455681986e-02
1.600000000000000000e+02 6.972903750268660827e-02
1.605000000000000000e+02 5.744230924935223720e-02
1.610000000000000000e+02 4.648585072176666944e-02
1.615000000000000000e+02 3.671150817746491463e-02
1.620000000000000000e+02 2.872964009098892546e-02
1.625000000000000000e+02 2.127679653808163193e-02
1.630000000000000000e+02 1.564579349362556215e-02
1.635000000000000000e+02 1.108592875602671182e-02
1.640000000000000000e+02 7.265630904115912697e-03
1.645000000000000000e+02 4.526621480079196652e-03
1.650000000000000000e+02 2.110205977106892339e-03
1.655000000000000000e+02 1.277306937456805297e-04
1.660000000000000000e+02 -7.538139045144471619e-04
1.665000000000000000e+02 -1.979334882185483212e-03
1.670000000000000000e+02 -2.995422497476386229e-03
1.675000000000000000e+02 -3.486723145177140007e-03
1.680000000000000000e+02 -4.303303751760307293e-03
1.685000000000000000e+02 -4.118418155686846653e-03
1.690000000000000000e+02 -4.795754356573196479e-03
1.695000000000000000e+02 -4.806177036774936413e-03
1.700000000000000000e+02 -5.098082985466221087e-03
1.705000000000000000e+02 -5.366728597661516061e-03
1.710000000000000000e+02 -5.605520691677019600e-03
1.715000000000000000e+02 -5.548766676125688538e-03
1.720000000000000000e+02 -5.750580103854319169e-03
1.725000000000000000e+02 -5.834576263363719026e-03
1.730000000000000000e+02 -5.523375111993905108e-03
1.735000000000000000e+02 -5.556161607288511578e-03
1.740000000000000000e+02 -5.721684815029281362e-03
1.745000000000000000e+02 -5.773977177816296859e-03
1.750000000000000000e+02 -5.880215430822895856e-03
1.755000000000000000e+02 -5.732705066183506858e-03
1.760000000000000000e+02 -5.468063657527465204e-03
1.765000000000000000e+02 -5.434165723448055284e-03
1.770000000000000000e+02 -5.525654337244239982e-03
1.775000000000000000e+02 -5.071744507444833107e-03
1.780000000000000000e+02 -5.044930650443436512e-03
1.785000000000000000e+02 -4.959233140610206161e-03
1.790000000000000000e+02 -5.114417713321427542e-03
1.795000000000000000e+02 -5.101993330024054939e-03
1.800000000000000000e+02 -4.967436252020353792e-03
1.805000000000000000e+02 -4.664330557700011558e-03
1.810000000000000000e+02 -4.809500019926320549e-03
1.815000000000000000e+02 -4.238961681516071299e-03
1.820000000000000000e+02 -4.272442897703491831e-03
1.825000000000000000e+02 -3.872743083388601685e-03
1.830000000000000000e+02 -3.925550272482113134e-03
1.835000000000000000e+02 -4.259695762329725362e-03
1.840000000000000000e+02 -3.703242801944205739e-03
1.845000000000000000e+02 -3.505672061008004679e-03
1.850000000000000000e+02 -3.156055502865576928e-03
1.855000000000000000e+02 -3.241989115290562929e-03
1.860000000000000000e+02 -3.401676237439128000e-03
1.865000000000000000e+02 -2.324252186165527614e-03
1.870000000000000000e+02 -2.564620488460153929e-03
1.875000000000000000e+02 -2.370825093965594436e-03
1.880000000000000000e+02 -2.006975052333906991e-03
1.885000000000000000e+02 -1.983781238419411383e-03
1.890000000000000000e+02 -1.725931202301239555e-03
1.895000000000000000e+02 -1.797911026904544908e-03
1.900000000000000000e+02 -1.704475433282322348e-03
1.905000000000000000e+02 -1.661409167826381240e-03
1.910000000000000000e+02 -1.315335163457955446e-03
1.915000000000000000e+02 -1.420040007489728256e-03
1.920000000000000000e+02 -1.750569156076540143e-03
1.925000000000000000e+02 -1.597803211588024949e-03
1.930000000000000000e+02 -1.324890089151535338e-03
1.935000000000000000e+02 -1.710257257890854471e-03
1.940000000000000000e+02 -1.708277230265721871e-03
1.945000000000000000e+02 -2.053644039661841822e-03
1.950000000000000000e+02 -2.068905055145042835e-03
1.955000000000000000e+02 -2.001489385323996194e-03
1.960000000000000000e+02 -2.046315951699398915e-03
1.965000000000000000e+02 -2.626380380113780503e-03
1.970000000000000000e+02 -2.509928695645347128e-03
1.975000000000000000e+02 -2.629246290435091355e-03
1.980000000000000000e+02 -3.158554940669966015e-03
1.985000000000000000e+02 -3.154399347814611752e-03
1.990000000000000000e+02 -3.513384454532160212e-03
1.995000000000000000e+02 -3.658468887281817253e-03
2.000000000000000000e+02 -4.171852729125693181e-03
2.005000000000000000e+02 -4.372024790359715571e-03
2.010000000000000000e+02 -4.472262278476414957e-03
2.015000000000000000e+02 -4.561109832597345926e-03
2.020000000000000000e+02 -4.578531633421993943e-03
2.025000000000000000e+02 -4.601117127882882289e-03
2.030000000000000000e+02 -4.516218668102459435e-03
2.035000000000000000e+02 -4.351680817187343099e-03
2.040000000000000000e+02 -4.687456819092382897e-03
2.045000000000000000e+02 -4.334967317158064902e-03
2.050000000000000000e+02 -4.293316946365263211e-03
2.055000000000000000e+02 -4.700805425939372922e-03
2.060000000000000000e+02 -4.800849566431113213e-03
2.065000000000000000e+02 -5.018163847535744675e-03
2.070000000000000000e+02 -5.114090331543363899e-03
2.075000000000000000e+02 -5.030365673363679235e-03
2.080000000000000000e+02 -5.044306052515631737e-03
2.085000000000000000e+02 -4.797164189498170223e-03
2.090000000000000000e+02 -4.883193741350499301e-03
2.095000000000000000e+02 -4.711329231746999406e-03
2.100000000000000000e+02 -4.644202451964911729e-03
2.105000000000000000e+02 -4.703818546245352138e-03
2.110000000000000000e+02 -4.955166627744198200e-03
2.115000000000000000e+02 -4.858866870725581794e-03
2.120000000000000000e+02 -4.710202680352948597e-03
2.125000000000000000e+02 -4.673620387531517151e-03
2.130000000000000000e+02 -4.543693560413875586e-03
2.135000000000000000e+02 -4.560080308417941569e-03
2.140000000000000000e+02 -4.403344969926826363e-03
2.145000000000000000e+02 -4.474791724251662647e-03
2.150000000000000000e+02 -4.588853447575974923e-03
2.155000000000000000e+02 -4.183085770463773091e-03
2.160000000000000000e+02 -4.197930583811609190e-03
2.165000000000000000e+02 -4.245974171622676589e-03
2.170000000000000000e+02 -4.073344947005493565e-03
2.175000000000000000e+02 -4.082263524774717642e-03
2.180000000000000000e+02 -3.972003545912572084e-03
2.185000000000000000e+02 -3.945084029306885655e-03
2.190000000000000000e+02 -3.982647035545485575e-03
2.195000000000000000e+02 -3.622523437191494267e-03
2.200000000000000000e+02 -3.328569634886489274e-03
