1.100000000000000000e+02 7.759670012184523291e-02
1.105000000000000000e+02 -2.955772457499502778e-02
1.110000000000000000e+02 5.338132375023810390e-03
1.115000000000000000e+02 -3.833727089848501524e-02
1.120000000000000000e+02 1.338233160973612782e-03
1.125000000000000000e+02 -4.636533585783621930e-02
1.130000000000000000e+02 -1.735357281894156153e-02
1.135000000000000000e+02 -3.049284006945323505e-02
1.140000000000000000e+02 6.456781103549653622e-01
1.145000000000000000e+02 4.348004107694877218e-01
1.150000000000000000e+02 4.115058881866579532e-01
1.155000000000000000e+02 4.090766931323880362e-01
1.160000000000000000e+02 4.040908723060840368e-01
1.165000000000000000e+02 4.003770499468546351e-01
1.170000000000000000e+02 4.002226633864797711e-01
1.175000000000000000e+02 3.970725975814894393e-01
1.180000000000000000e+02 3.937370564276687634e-01
1.185000000000000000e+02 3.931241371149429287e-01
1.190000000000000000e+02 3.880201338223572827e-01
1.195000000000000000e+02 3.851312206085503731e-01
1.200000000000000000e+02 3.811437419520345427e-01
1.205000000000000000e+02 3.747138492968006829e-01
1.210000000000000000e+02 3.705178333906918864e-01
1.215000000000000000e+02 3.633760118563891806e-01
1.220000000000000000e+02 3.559977810617521721e-01
1.225000000000000000e+02 3.496827204086669916e-01
1.230000000000000000e+02 3.415983824513881828e-01
1.235000000000000000e+02 3.330246938064720941e-01
1.240000000000000000e+02 3.251440090940746486e-01
1.245000000000000000e+02 3.164868348780101037e-01
1.250000000000000000e+02 3.075440873258277752e-01
1.255000000000000000e+02 2.981558669671562356e-01
1.260000000000000000e+02 2.912612802641961207e-01
1.265000000000000000e+02 2.840795337142366650e-01
1.270000000000000000e+02 2.760699422483082199e-01
1.275000000000000000e+02 2.697776497496973680e-01
1.280000000000000000e+02 2.630237681841368635e-01
1.285000000000000000e+02 2.581753252796938902e-01
1.290000000000000000e+02 2.537348405589243128e-01
1.295000000000000000e+02 2.490586871027430371e-01
1.300000000000000000e+02 2.463410165338728031e-01
1.305000000000000000e+02 2.435579004367875722e-01
1.310000000000000000e+02 2.420653905038599729e-01
1.315000000000000000e+02 2.407802775330266931e-01
1.320000000000000000e+02 2.411340517608939749e-01
1.325000000000000000e+02 2.421042162095200789e-01
1.330000000000000000e+02 2.442957759032548526e-01
1.335000000000000000e+02 2.472385894578365828e-01
1.340000000000000000e+02 2.515614386209522602e-01
1.345000000000000000e+02 2.571371628198482751e-01
1.350000000000000000e+02 2.634735146112930360e-01
1.355000000000000000e+02 2.713402485037321177e-01
1.360000000000000000e+02 2.801489257269435540e-01
1.365000000000000000e+02 2.900364910684067876e-01
1.370000000000000000e+02 3.010564695952557823e-01
1.375000000000000000e+02 3.131852589885023019e-01
1.380000000000000000e+02 3.264219771339668119e-01
1.385000000000000000e+02 3.389803007243109012e-01
1.390000000000000000e+02 3.520120904396055739e-01
1.395000000000000000e+02 3.633805293083076648e-01
1.400000000000000000e+02 3.738342127152816108e-01
1.405000000000000000e+02 3.824978878979366503e-01
1.410000000000000000e+02 3.892999362861588319e-01
1.415000000000000000e+02 3.953064652727459882e-01
1.420000000000000000e+02 3.995277666541391937e-01
1.425000000000000000e+02 4.031497078464864603e-01
1.430000000000000000e+02 4.058029856165440430e-01
1.435000000000000000e+02 4.061730355498182066e-01
1.440000000000000000e+02 4.044820086588198360e-01
1.445000000000000000e+02 4.007410117984554487e-01
1.450000000000000000e+02 3.952636511188761803e-01
1.455000000000000000e+02 3.881481231355239925e-01
1.460000000000000000e+02 3.794215110654810541e-01
1.465000000000000000e+02 3.692235304467451629e-01
1.470000000000000000e+02 3.569583909961135393e-01
1.475000000000000000e+02 3.438140516322753526e-01
1.480000000000000000e+02 3.301129574719528503e-01
1.485000000000000000e+02 3.167304974766326220e-01
1.490000000000000000e+02 3.046381604446295466e-01
1.495000000000000000e+02 2.924026146915589819e-01
1.500000000000000000e+02 2.808300622646788258e-01
1.505000000000000000e+02 2.693321624872369591e-01
1.510000000000000000e+02 2.577400019640300188e-01
1.515000000000000000e+02 2.465683704780619601e-01
1.520000000000000000e+02 2.363278668838765528e-01
1.525000000000000000e+02 2.266432287368612686e-01
1.530000000000000000e+02 2.175266164183560780e-01
1.535000000000000000e+02 2.081432932315382400e-01
1.540000000000000000e+02 1.990304892985230167e-01
1.545000000000000000e+02 1.889126662165308002e-01
1.550000000000000000e+02 1.781086503379359087e-01
1.555000000000000000e+02 1.675656902691616823e-01
1.560000000000000000e+02 1.561479404479894639e-01
1.565000000000000000e+02 1.444479672117920666e-01
1.570000000000000000e+02 1.332027077314169583e-01
1.575000000000000000e+02 1.203914510544552147e-01
1.580000000000000000e+02 1.085391990056537026e-01
1.585000000000000000e+02 9.660441346600953660e-02
1.590000000000000000e+02 8.486126751753116093e-02
1.595000000000000000e+02 7.337877888932620163e-02
1.600000000000000000e+02 6.228010411829439791e-02
1.605000000000000000e+02 5.193069418098755080e-02
1.610000000000000000e+02 4.299031226407562523e-02
1.615000000000000000e+02 3.502317538266681851e-02
1.620000000000000000e+02 2.815752629731852613e-02
1.625000000000000000e+02 2.184146138121837930e-02
1.630000000000000000e+02 1.734988976050816367e-02
1.635000000000000000e+02 1.395217596217976190e-02
1.640000000000000000e+02 1.060445135259322630e-02
1.645000000000000000e+02 8.112281467628058504e-03
1.650000000000000000e+02 6.272771847861685277e-03
1.655000000000000000e+02 4.886675058648278988e-03
1.660000000000000000e+02 3.866813262237527027e-03
1.665000000000000000e+02 2.944708459104600131e-03
1.670000000000000000e+02 2.097462138154187767e-03
1.675000000000000000e+02 1.554943772119672489e-03
1.680000000000000000e+02 1.119686963017177666e-03
1.685000000000000000e+02 5.989718110966644506e-04
1.690000000000000000e+02 4.029554461334944391e-04
1.695000000000000000e+02 -1.704716133014811080e-04
1.700000000000000000e+02 -3.151498111461220326e-04
1.705000000000000000e+02 -5.499287658143128810e-04
1.710000000000000000e+02 -1.291777273838618694e-04
1.715000000000000000e+02 -4.144294194899084257e-04
1.720000000000000000e+02 -3.767355735074624985e-04
1.725000000000000000e+02 -1.297583205893184386e-03
1.730000000000000000e+02 -9.712387321910716893e-04
1.735000000000000000e+02 -7.436782672702348107e-04
1.740000000000000000e+02 -1.001462374708256232e-03
1.745000000000000000e+02 -1.148994766460623238e-03
1.750000000000000000e+02 -9.911930724659681440e-04
1.755000000000000000e+02 -5.861498910807144257e-04
1.760000000000000000e+02 -4.366764123685218076e-04
1.765000000000000000e+02 -1.652475109922851458e-04
1.770000000000000000e+02 -6.855166718988351543e-05
1.775000000000000000e+02 -2.274061899458907059e-04
1.780000000000000000e+02 1.779339228106031250e-04
1.785000000000000000e+02 3.920063125742971480e-04
1.790000000000000000e+02 7.449894861450779074e-04
1.795000000000000000e+02 4.669417123712175845e-04
1.800000000000000000e+02 8.797330939877909131e-04
1.805000000000000000e+02 9.886307056476803697e-04
1.810000000000000000e+02 1.259544464818884149e-03
1.815000000000000000e+02 1.809032312147059417e-03
1.820000000000000000e+02 2.009365623334657697e-03
1.825000000000000000e+02 2.293861972558544019e-03
1.830000000000000000e+02 2.800441596751641893e-03
1.835000000000000000e+02 2.794135466313412471e-03
1.840000000000000000e+02 2.840039299636499572e-03
1.845000000000000000e+02 3.382921687214747019e-03
1.850000000000000000e+02 3.524149124295088836e-03
1.855000000000000000e+02 3.783380034652174175e-03
1.860000000000000000e+02 4.285094636733079165e-03
1.865000000000000000e+02 4.721793185273877140e-03
1.870000000000000000e+02 4.830368446978987491e-03
1.875000000000000000e+02 4.849910469656730852e-03
1.880000000000000000e+02 4.567175321498772624e-03
1.885000000000000000e+02 5.433484973024558205e-03
1.890000000000000000e+02 5.568206324623948406e-03
1.895000000000000000e+02 5.236220894498438624e-03
1.900000000000000000e+02 5.839392706534975164e-03
1.905000000000000000e+02 5.661728557164613478e-03
1.910000000000000000e+02 4.429883344554637337e-03
1.915000000000000000e+02 4.591791441527719349e-03
1.920000000000000000e+02 4.436397387301202304e-03
1.925000000000000000e+02 4.567682498123262248e-03
1.930000000000000000e+02 4.663786974660492565e-03
1.935000000000000000e+02 5.007320475332367217e-03
1.940000000000000000e+02 3.925780477455086126e-03
1.945000000000000000e+02 3.730310732551284526e-03
1.950000000000000000e+02 2.838482921843567871e-03
1.955000000000000000e+02 2.253712537506176450e-03
1.960000000000000000e+02 1.839117102901261219e-03
1.965000000000000000e+02 1.521462443980305329e-03
1.970000000000000000e+02 1.319459233735502347e-03
1.975000000000000000e+02 9.815730485151726893e-04
1.980000000000000000e+02 9.544417878724106418e-04
1.985000000000000000e+02 6.519411345065774912e-04
1.990000000000000000e+02 6.853548749669991337e-04
1.995000000000000000e+02 5.765161196090049997e-04
2.000000000000000000e+02 3.787601578159055385e-04
2.005000000000000000e+02 -1.378115588255011449e-04
2.010000000000000000e+02 1.465557589158235910e-06
2.015000000000000000e+02 -1.336432575351123976e-04
2.020000000000000000e+02 -4.828500010464401157e-04
2.025000000000000000e+02 -2.448664470559058543e-04
2.030000000000000000e+02 -1.752820587755301446e-05
2.035000000000000000e+02 -1.428440033560057841e-04
2.040000000000000000e+02 2.241952134807480030e-04
2.045000000000000000e+02 1.578899150981076202e-04
2.050000000000000000e+02 -2.342539637865342179e-04
2.055000000000000000e+02 3.448187966310732730e-04
2.060000000000000000e+02 3.386974857275084803e-05
2.065000000000000000e+02 9.379915864055978251e-05
2.070000000000000000e+02 -2.504088508440287827e-04
2.075000000000000000e+02 1.567644784551476989e-04
2.080000000000000000e+02 2.570712305558621002e-04
2.085000000000000000e+02 2.631667364281755012e-04
2.090000000000000000e+02 5.018872434195273201e-05
2.095000000000000000e+02 1.391778681404982497e-04
2.100000000000000000e+02 2.296000537259966035e-04
2.105000000000000000e+02 2.419633736169292924e-04
2.110000000000000000e+02 3.284787113267298810e-04
2.115000000000000000e+02 -9.968955434426782301e-05
2.120000000000000000e+02 2.762613472573515936e-04
2.125000000000000000e+02 3.576467599855152044e-04
2.130000000000000000e+02 5.539040299827829947e-04
2.135000000000000000e+02 8.129394396851081367e-04
2.140000000000000000e+02 6.272684801424922244e-04
2.145000000000000000e+02 4.932450200854001515e-04
2.150000000000000000e+02 8.561427543696420060e-04
2.155000000000000000e+02 1.027522570215771416e-03
2.160000000000000000e+02 8.882274086029841352e-04
2.165000000000000000e+02 5.662885024002883329e-04
2.170000000000000000e+02 4.573818453853028621e-04
2.175000000000000000e+02 6.972169228832033033e-04
2.180000000000000000e+02 6.703842637810788997e-04
2.185000000000000000e+02 2.826613525919408564e-04
2.190000000000000000e+02 3.043236553282779779e-04
2.195000000000000000e+02 7.345143775597846739e-04
2.200000000000000000e+02 1.385198758238606912e-03
