1.100000000000000000e+02 -7.362734755014252452e-02
1.105000000000000000e+02 -1.162867194096814383e-01
1.110000000000000000e+02 -2.091143966904190077e-01
1.115000000000000000e+02 -5.781094439273456315e-02
1.120000000000000000e+02 -1.885336244155593755e-01
1.125000000000000000e+02 -2.189110511121938052e-01
1.130000000000000000e+02 -2.783224815509421912e-01
1.135000000000000000e+02 -3.684584494277717837e-01
1.140000000000000000e+02 9.683840753444289406e-01
1.145000000000000000e+02 5.244655182377969682e-01
1.150000000000000000e+02 4.901216797945174286e-01
1.155000000000000000e+02 4.645088614361879142e-01
1.160000000000000000e+02 4.654307220862864969e-01
1.165000000000000000e+02 4.629708617180680608e-01
1.170000000000000000e+02 4.637165644859166935e-01
1.175000000000000000e+02 4.574092941796401024e-01
1.180000000000000000e+02 4.556842410363918239e-01
1.185000000000000000e+02 4.532368044388439543e-01
1.190000000000000000e+02 4.513023086549281526e-01
1.195000000000000000e+02 4.477299726902422283e-01
1.200000000000000000e+02 4.455383346195254113e-01
1.205000000000000000e+02 4.383116688384468551e-01
1.210000000000000000e+02 4.338209035617137110e-01
1.215000000000000000e+02 4.255680004742027900e-01
1.220000000000000000e+02 4.184396423881837079e-01
1.225000000000000000e+02 4.109610471952152566e-01
1.230000000000000000e+02 4.012026507878818649e-01
1.235000000000000000e+02 3.899867623029301122e-01
1.240000000000000000e+02 3.792788003897503701e-01
1.245000000000000000e+02 3.688569592400232078e-01
1.250000000000000000e+02 3.589070501519283085e-01
1.255000000000000000e+02 3.485240058261036000e-01
1.260000000000000000e+02 3.390115363576544638e-01
1.265000000000000000e+02 3.300248275942501142e-01
1.270000000000000000e+02 3.212374847243481546e-01
1.275000000000000000e+02 3.133059957052167221e-01
1.280000000000000000e+02 3.067430365837540140e-01
1.285000000000000000e+02 3.013711203022994001e-01
1.290000000000000000e+02 2.959749686945561398e-01
1.295000000000000000e+02 2.920862443726598423e-01
1.300000000000000000e+02 2.895290721382668964e-01
1.305000000000000000e+02 2.877684930120227857e-01
1.310000000000000000e+02 2.869030418796702508e-01
1.315000000000000000e+02 2.878153414213514005e-01
1.320000000000000000e+02 2.894708264576428269e-01
1.325000000000000000e+02 2.930751807599689118e-01
1.330000000000000000e+02 2.978075299541261267e-01
1.335000000000000000e+02 3.043210068006755864e-01
1.340000000000000000e+02 3.113057655062431706e-01
1.345000000000000000e+02 3.203217965087326036e-01
1.350000000000000000e+02 3.309347181319594600e-01
1.355000000000000000e+02 3.424948078013029251e-01
1.360000000000000000e+02 3.556537574335421614e-01
1.365000000000000000e+02 3.697498007333872017e-01
1.370000000000000000e+02 3.850995607301487267e-01
1.375000000000000000e+02 4.015702077376964163e-01
1.380000000000000000e+02 4.186714303766382872e-01
1.385000000000000000e+02 4.357182831858441574e-01
1.390000000000000000e+02 4.526517222427660636e-01
1.395000000000000000e+02 4.680077465376842327e-01
1.400000000000000000e+02 4.807801425302538623e-01
1.405000000000000000e+02 4.915265861117616986e-01
1.410000000000000000e+02 4.990060517058934053e-01
1.415000000000000000e+02 5.044506104689541193e-01
1.420000000000000000e+02 5.082149993454934123e-01
1.425000000000000000e+02 5.103385464038350250e-01
1.430000000000000000e+02 5.107247441697312373e-01
1.435000000000000000e+02 5.096425577797812911e-01
1.440000000000000000e+02 5.059552572066929876e-01
1.445000000000000000e+02 5.002344311621438333e-01
1.450000000000000000e+02 4.927618965623761227e-01
1.455000000000000000e+02 4.828404749458659051e-01
1.460000000000000000e+02 4.718714919433237287e-01
1.465000000000000000e+02 4.578823050805220229e-01
1.470000000000000000e+02 4.423820178127710889e-01
1.475000000000000000e+02 4.252407277854430845e-01
1.480000000000000000e+02 4.070432766181917295e-01
1.485000000000000000e+02 3.896137144665408614e-01
1.490000000000000000e+02 3.742893668139073982e-01
1.495000000000000000e+02 3.588222398787245804e-01
1.500000000000000000e+02 3.442759788086628969e-01
1.505000000000000000e+02 3.289785212177581686e-01
1.510000000000000000e+02 3.141658476768179886e-01
1.515000000000000000e+02 3.000661567680912856e-01
1.520000000000000000e+02 2.864893426916399477e-01
1.525000000000000000e+02 2.738842035003856701e-01
1.530000000000000000e+02 2.631611374619293731e-01
1.535000000000000000e+02 2.525055675306942526e-01
1.540000000000000000e+02 2.414703995768080202e-01
1.545000000000000000e+02 2.302016762458116428e-01
1.550000000000000000e+02 2.186575681920513992e-01
1.555000000000000000e+02 2.057048567213783374e-01
1.560000000000000000e+02 1.928047972083287986e-01
1.565000000000000000e+02 1.795500025569666258e-01
1.570000000000000000e+02 1.666722625340271158e-01
1.575000000000000000e+02 1.529934774575548162e-01
1.580000000000000000e+02 1.395574884155506290e-01
1.585000000000000000e+02 1.252094500229116170e-01
1.590000000000000000e+02 1.113247485326658431e-01
1.595000000000000000e+02 9.741834099176245598e-02
1.600000000000000000e+02 8.383177565570136547e-02
1.605000000000000000e+02 7.107612184194513072e-02
1.610000000000000000e+02 5.907515953919632162e-02
1.615000000000000000e+02 4.789362581657388013e-02
1.620000000000000000e+02 3.892909595777490489e-02
1.625000000000000000e+02 3.132113886046976325e-02
1.630000000000000000e+02 2.394652840879335498e-02
1.635000000000000000e+02 1.865868814620024602e-02
1.640000000000000000e+02 1.418423482610341874e-02
1.645000000000000000e+02 1.067258737347094241e-02
1.650000000000000000e+02 7.287617746570529929e-03
1.655000000000000000e+02 5.040797848421311143e-03
1.660000000000000000e+02 3.446404749122757884e-03
1.665000000000000000e+02 1.972350138815926954e-03
1.670000000000000000e+02 1.025054392983581076e-03
1.675000000000000000e+02 -4.134694748473384464e-04
1.680000000000000000e+02 -1.833720099372679845e-03
1.685000000000000000e+02 -2.746818528999704547e-03
1.690000000000000000e+02 -2.799160781029154301e-03
1.695000000000000000e+02 -3.532945074820133605e-03
1.700000000000000000e+02 -3.919779182282982083e-03
1.705000000000000000e+02 -4.371384767715495202e-03
1.710000000000000000e+02 -4.681450286825429054e-03
1.715000000000000000e+02 -5.710804181995049120e-03
1.720000000000000000e+02 -5.693098264783673888e-03
1.725000000000000000e+02 -5.988145116956035408e-03
1.730000000000000000e+02 -6.042949617129829594e-03
1.735000000000000000e+02 -6.109254861849763157e-03
1.740000000000000000e+02 -6.795834463467788182e-03
1.745000000000000000e+02 -6.669462219399392017e-03
1.750000000000000000e+02 -6.879089109703705011e-03
1.755000000000000000e+02 -7.055775987627489580e-03
1.760000000000000000e+02 -6.918700857482779076e-03
1.765000000000000000e+02 -7.146011490664335407e-03
1.770000000000000000e+02 -6.804956367000123026e-03
1.775000000000000000e+02 -6.822747098978365100e-03
1.780000000000000000e+02 -6.936781110653082554e-03
1.785000000000000000e+02 -7.171089624302864028e-03
1.790000000000000000e+02 -6.858882198499338667e-03
1.795000000000000000e+02 -6.551391824072773720e-03
1.800000000000000000e+02 -6.514100433335463097e-03
1.805000000000000000e+02 -6.600846220293891259e-03
1.810000000000000000e+02 -6.150903946712017907e-03
1.815000000000000000e+02 -5.698276507044464090e-03
1.820000000000000000e+02 -5.858177142909245204e-03
1.825000000000000000e+02 -5.607792505935002558e-03
1.830000000000000000e+02 -5.359262744108272448e-03
1.835000000000000000e+02 -6.101782999183647319e-03
1.840000000000000000e+02 -5.822446880408962966e-03
1.845000000000000000e+02 -5.702062556180910284e-03
1.850000000000000000e+02 -5.348415562970105890e-03
1.855000000000000000e+02 -5.019767292413887874e-03
1.860000000000000000e+02 -5.691979082927467633e-03
1.865000000000000000e+02 -5.275148876578224406e-03
1.870000000000000000e+02 -4.748196528125629701e-03
1.875000000000000000e+02 -4.946196900827721371e-03
1.880000000000000000e+02 -4.519777563827518524e-03
1.885000000000000000e+02 -4.672173889851276816e-03
1.890000000000000000e+02 -4.151361098128642478e-03
1.895000000000000000e+02 -4.223445488817183062e-03
1.900000000000000000e+02 -4.256502937056532744e-03
1.905000000000000000e+02 -4.076318148497065988e-03
1.910000000000000000e+02 -4.112740437170360822e-03
1.915000000000000000e+02 -3.906567834096629117e-03
1.920000000000000000e+02 -4.533237248741640857e-03
1.925000000000000000e+02 -3.855050579806902633e-03
1.930000000000000000e+02 -3.983371345691411568e-03
1.935000000000000000e+02 -4.043724871391848712e-03
1.940000000000000000e+02 -4.405493723538175463e-03
1.945000000000000000e+02 -3.897307531025679186e-03
1.950000000000000000e+02 -4.105891882046710378e-03
1.955000000000000000e+02 -4.546222744281873049e-03
1.960000000000000000e+02 -5.542822989959863417e-03
1.965000000000000000e+02 -5.667248367865924084e-03
1.970000000000000000e+02 -5.650735727068899490e-03
1.975000000000000000e+02 -6.076896918812213846e-03
1.980000000000000000e+02 -6.439465157324126068e-03
1.985000000000000000e+02 -7.135666361333559138e-03
1.990000000000000000e+02 -7.163303662260658844e-03
1.995000000000000000e+02 -7.878471001759871500e-03
2.000000000000000000e+02 -8.014771292234710784e-03
2.005000000000000000e+02 -8.353166637729106045e-03
2.010000000000000000e+02 -8.415040732951893990e-03
2.015000000000000000e+02 -8.822058759632562391e-03
2.020000000000000000e+02 -9.145061045474734557e-03
2.025000000000000000e+02 -8.437395260383059176e-03
2.030000000000000000e+02 -9.268656099451648422e-03
2.035000000000000000e+02 -9.422375439167678113e-03
2.040000000000000000e+02 -9.827789235493482323e-03
2.045000000000000000e+02 -9.600372133948178316e-03
2.050000000000000000e+02 -9.868169451778327841e-03
2.055000000000000000e+02 -9.683486247777203099e-03
2.060000000000000000e+02 -9.574083970346829522e-03
2.065000000000000000e+02 -9.384926321956673159e-03
2.070000000000000000e+02 -9.569810759388053950e-03
2.075000000000000000e+02 -9.794085281621841416e-03
2.080000000000000000e+02 -9.654493833104235007e-03
2.085000000000000000e+02 -9.599752324176508145e-03
2.090000000000000000e+02 -9.408162274343313120e-03
2.095000000000000000e+02 -9.912609618212440618e-03
2.100000000000000000e+02 -9.030326679041770707e-03
2.105000000000000000e+02 -8.921298230598838017e-03
2.110000000000000000e+02 -8.909719564858186239e-03
2.115000000000000000e+02 -9.047661154984296475e-03
2.120000000000000000e+02 -9.275737776109765909e-03
2.125000000000000000e+02 -8.686231149370799570e-03
2.130000000000000000e+02 -9.079757689645098773e-03
2.135000000000000000e+02 -8.576388319448275885e-03
2.140000000000000000e+02 -8.963863631324828218e-03
2.145000000000000000e+02 -9.205331491754955089e-03
2.150000000000000000e+02 -8.877411283816466839e-03
2.155000000000000000e+02 -8.586760280297801168e-03
2.160000000000000000e+02 -8.568907173596092969e-03
2.165000000000000000e+02 -8.465189371622397485e-03
2.170000000000000000e+02 -8.602220574947631870e-03
2.175000000000000000e+02 -8.429895116931585691e-03
2.180000000000000000e+02 -8.238494240701567037e-03
2.185000000000000000e+02 -8.117167000212739333e-03
2.190000000000000000e+02 -8.132688810695572201e-03
2.195000000000000000e+02 -7.872895074380312219e-03
2.200000000000000000e+02 -7.890491921834894354e-03
