1.100000000000000000e+02 -5.650310567132257183e-02
1.105000000000000000e+02 1.171593465722745551e-02
1.110000000000000000e+02 -3.942968630836200111e-02
1.115000000000000000e+02 -1.229843750069024577e-01
1.120000000000000000e+02 -1.364427134224488747e-01
1.125000000000000000e+02 -2.093053089939526934e-02
1.130000000000000000e+02 -2.494685759987730692e-02
1.135000000000000000e+02 -1.429818064234160135e-01
1.140000000000000000e+02 nan
1.145000000000000000e+02 8.622697878480799494e-01
1.150000000000000000e+02 7.825895191357403746e-01
1.155000000000000000e+02 7.576032757914479276e-01
1.160000000000000000e+02 7.440550949512306778e-01
1.165000000000000000e+02 7.422126239730957309e-01
1.170000000000000000e+02 7.327122510850596626e-01
1.175000000000000000e+02 7.333571920315392623e-01
1.180000000000000000e+02 7.273735381364375696e-01
1.185000000000000000e+02 7.192381201075770392e-01
1.190000000000000000e+02 7.151617394005428396e-01
1.195000000000000000e+02 7.063517621021868642e-01
1.200000000000000000e+02 7.011587619250050363e-01
1.205000000000000000e+02 6.898916741818849063e-01
1.210000000000000000e+02 6.789361554306140301e-01
1.215000000000000000e+02 6.651642707077417560e-01
1.220000000000000000e+02 6.521467173414103868e-01
1.225000000000000000e+02 6.389549277818074025e-01
1.230000000000000000e+02 6.236815375081145030e-01
1.235000000000000000e+02 6.074051319203622734e-01
1.240000000000000000e+02 5.925556745099277434e-01
1.245000000000000000e+02 5.751749617668230341e-01
1.250000000000000000e+02 5.590372410666549774e-01
1.255000000000000000e+02 5.438241391736393648e-01
1.260000000000000000e+02 5.297225316863430900e-01
1.265000000000000000e+02 5.152183873598915609e-01
1.270000000000000000e+02 5.028196620117668658e-01
1.275000000000000000e+02 4.906278080584672296e-01
1.280000000000000000e+02 4.802264642662149030e-01
1.285000000000000000e+02 4.711695569371466830e-01
1.290000000000000000e+02 4.638033754415612497e-01
1.295000000000000000e+02 4.581147725830698736e-01
1.300000000000000000e+02 4.533290618982034892e-01
1.305000000000000000e+02 4.498608740266291095e-01
1.310000000000000000e+02 4.486408831717328960e-01
1.315000000000000000e+02 4.487525938964710415e-01
1.320000000000000000e+02 4.509344360722056799e-01
1.325000000000000000e+02 4.552908909731693265e-01
1.330000000000000000e+02 4.615032534959513932e-01
1.335000000000000000e+02 4.698684350792948772e-01
1.340000000000000000e+02 4.799999584333941582e-01
1.345000000000000000e+02 4.925099117512266034e-01
1.350000000000000000e+02 5.065133747679899656e-01
1.355000000000000000e+02 5.234931299831413476e-01
1.360000000000000000e+02 5.418557619546011672e-01
1.365000000000000000e+02 5.628072329366847759e-01
1.370000000000000000e+02 5.851088500275446469e-01
1.375000000000000000e+02 6.103183277789338002e-01
1.380000000000000000e+02 6.352435031717129643e-01
1.381999999999999886e+02 6.450440358148062936e-01
1.384000000000000057e+02 6.552185620912943653e-01
1.385999999999999943e+02 6.642455410650469627e-01
1.388000000000000114e+02 6.748318430734344675e-01
1.390000000000000000e+02 6.843705504005574980e-01
1.391999999999999886e+02 6.931116493574979165e-01
1.394000000000000057e+02 7.015701475355387018e-01
1.395999999999999943e+02 7.100004502119082739e-01
1.398000000000000114e+02 7.177617640072773142e-01
1.400000000000000000e+02 7.247640847122527319e-01
1.401999999999999886e+02 7.318525550561790771e-01
1.404000000000000057e+02 7.379111756133054367e-01
1.405999999999999943e+02 7.430314116348220033e-01
1.408000000000000114e+02 7.484706142211225988e-01
1.410000000000000000e+02 7.521039756126356446e-01
1.411999999999999886e+02 7.560460647540478973e-01
1.414000000000000057e+02 7.595943022109603593e-01
1.415999999999999943e+02 7.621404033942517087e-01
1.418000000000000114e+02 7.649593653067044974e-01
1.420000000000000000e+02 7.673757940255026000e-01
1.421999999999999886e+02 7.688824307656690893e-01
1.424000000000000057e+02 7.718457176472065528e-01
1.425999999999999943e+02 7.731576692378729909e-01
1.428000000000000114e+02 7.739062643797967045e-01
1.430000000000000000e+02 7.742754891807777096e-01
1.431999999999999886e+02 7.732815189403172695e-01
1.434000000000000057e+02 7.726857475068534820e-01
1.435999999999999943e+02 7.712049302161944064e-01
1.438000000000000114e+02 7.694961669445500307e-01
1.440000000000000000e+02 7.670154987864784557e-01
1.441999999999999886e+02 7.635685337034558984e-01
1.444000000000000057e+02 7.598489975867812607e-01
1.445999999999999943e+02 7.546228236677339218e-01
1.448000000000000114e+02 7.498613579158245335e-01
1.450000000000000000e+02 7.444358965966565433e-01
1.451999999999999886e+02 7.383325247222842780e-01
1.454000000000000057e+02 7.323947108089615687e-01
1.455999999999999943e+02 7.244253996403670071e-01
1.458000000000000114e+02 7.172542574018632155e-01
1.460000000000000000e+02 7.089616102589824109e-01
1.461999999999999886e+02 7.009326429307022321e-01
1.464000000000000057e+02 6.918479426325730985e-01
1.465999999999999943e+02 6.819561417505948242e-01
1.468000000000000114e+02 6.725771372146978067e-01
1.470000000000000000e+02 6.616612677107582829e-01
1.471999999999999886e+02 6.517453584421223356e-01
1.474000000000000057e+02 6.407280853390796560e-01
1.475999999999999943e+02 6.296039556274787286e-01
1.478000000000000114e+02 6.186472594084760912e-01
1.480000000000000000e+02 6.077220985523953400e-01
1.481999999999999886e+02 5.968761141513703183e-01
1.484000000000000057e+02 5.861963293628640326e-01
1.485999999999999943e+02 5.763256457753566098e-01
1.488000000000000114e+02 5.667547962741065204e-01
1.490000000000000000e+02 5.568062259087822596e-01
1.491999999999999886e+02 5.477156530640311383e-01
1.494000000000000057e+02 5.383959363669494902e-01
1.495999999999999943e+02 5.297127900072373663e-01
1.498000000000000114e+02 5.200532819367679194e-01
1.500000000000000000e+02 5.107794742591422743e-01
1.505000000000000000e+02 4.885810397267417726e-01
1.510000000000000000e+02 4.671904814084169022e-01
1.515000000000000000e+02 4.459296654674644311e-01
1.520000000000000000e+02 4.260627804078555569e-01
1.525000000000000000e+02 4.078983743555684716e-01
1.530000000000000000e+02 3.909901548878577104e-01
1.535000000000000000e+02 3.737281388995569165e-01
1.540000000000000000e+02 3.560567269085834208e-01
1.545000000000000000e+02 3.380521842822750145e-01
1.550000000000000000e+02 3.189409633825254775e-01
1.555000000000000000e+02 2.992262337341839995e-01
1.560000000000000000e+02 2.782160643494518415e-01
1.565000000000000000e+02 2.575098059694407304e-01
1.570000000000000000e+02 2.361568976961330446e-01
1.575000000000000000e+02 2.145047212901397549e-01
1.580000000000000000e+02 1.928554225697085844e-01
1.585000000000000000e+02 1.714853568700587527e-01
1.590000000000000000e+02 1.498140951981472291e-01
1.595000000000000000e+02 1.287101829658617025e-01
1.600000000000000000e+02 1.090272171779991667e-01
1.605000000000000000e+02 9.084809457986935122e-02
1.610000000000000000e+02 7.404718030759192826e-02
1.615000000000000000e+02 5.950994363805536119e-02
1.620000000000000000e+02 4.719877166067379393e-02
1.625000000000000000e+02 3.710261404546703196e-02
1.630000000000000000e+02 2.897280156170806489e-02
1.635000000000000000e+02 2.266329827162810728e-02
1.640000000000000000e+02 1.740528795148094457e-02
1.645000000000000000e+02 1.329719229180405075e-02
1.650000000000000000e+02 1.040780787400015506e-02
1.655000000000000000e+02 7.870038805572342547e-03
1.660000000000000000e+02 6.221758390876951442e-03
1.665000000000000000e+02 4.522510411733217384e-03
1.670000000000000000e+02 3.678010513608635443e-03
1.675000000000000000e+02 2.819829200513730878e-03
1.680000000000000000e+02 2.408600310259708440e-03
1.685000000000000000e+02 1.882300444220644589e-03
1.690000000000000000e+02 1.281217160564321030e-03
1.695000000000000000e+02 1.278378838361877252e-03
1.700000000000000000e+02 8.196497870151537701e-04
1.705000000000000000e+02 -1.727176706043468399e-04
1.710000000000000000e+02 3.202639983439566914e-05
1.715000000000000000e+02 -2.782598353099097221e-04
1.720000000000000000e+02 -1.556383213707546501e-04
1.725000000000000000e+02 -5.853600735457535186e-04
1.730000000000000000e+02 -3.755244944901140218e-04
1.735000000000000000e+02 -4.610827670096453871e-04
1.740000000000000000e+02 -5.270500048085174525e-04
1.745000000000000000e+02 -5.844381506861323584e-04
1.750000000000000000e+02 -6.761035853158412065e-04
1.755000000000000000e+02 -6.675310721527727593e-04
1.760000000000000000e+02 -6.441982503383996556e-04
1.765000000000000000e+02 -3.360686318452502964e-04
1.770000000000000000e+02 6.414108936788676975e-04
1.775000000000000000e+02 4.722417511320848964e-04
1.780000000000000000e+02 6.608104159968858750e-04
1.785000000000000000e+02 1.052021088174860414e-03
1.790000000000000000e+02 1.362374902289034250e-03
1.795000000000000000e+02 1.483185066699722497e-03
1.800000000000000000e+02 1.790371438485926408e-03
1.805000000000000000e+02 2.219975690295885890e-03
1.810000000000000000e+02 2.345951916004393630e-03
1.815000000000000000e+02 2.386184410673691195e-03
1.820000000000000000e+02 2.927589776981257517e-03
1.825000000000000000e+02 3.330662805445202580e-03
1.830000000000000000e+02 3.516353224008231942e-03
1.835000000000000000e+02 3.897701727819152979e-03
1.840000000000000000e+02 4.150498519933502363e-03
1.845000000000000000e+02 4.621558790574383305e-03
1.850000000000000000e+02 5.374941584209930699e-03
1.855000000000000000e+02 5.725968958899970394e-03
1.860000000000000000e+02 6.064734595836241034e-03
1.865000000000000000e+02 6.272744406125576981e-03
1.870000000000000000e+02 6.772995798866297303e-03
1.875000000000000000e+02 7.164814185851467281e-03
1.880000000000000000e+02 7.662223182441882038e-03
1.885000000000000000e+02 7.828254935713015519e-03
1.890000000000000000e+02 8.292982325428776766e-03
1.895000000000000000e+02 8.394112192499844638e-03
1.900000000000000000e+02 8.486248497538612795e-03
1.905000000000000000e+02 8.441958376792400506e-03
1.910000000000000000e+02 8.053185237582447670e-03
1.915000000000000000e+02 8.176901295561584196e-03
1.920000000000000000e+02 7.958002032875447634e-03
1.925000000000000000e+02 7.903106502708917916e-03
1.930000000000000000e+02 7.897575164388548341e-03
1.935000000000000000e+02 7.473828898157571822e-03
1.940000000000000000e+02 6.568730603982828216e-03
1.945000000000000000e+02 6.044886916596218379e-03
1.950000000000000000e+02 4.928461926794585821e-03
1.955000000000000000e+02 4.066113593547993413e-03
1.960000000000000000e+02 3.126836169056356179e-03
1.965000000000000000e+02 2.190074709778945007e-03
1.970000000000000000e+02 1.440265773527324477e-03
1.975000000000000000e+02 4.582424638470197482e-04
1.980000000000000000e+02 -5.219780602882726200e-04
1.985000000000000000e+02 -1.040725702785763769e-03
1.990000000000000000e+02 -1.420850730523814595e-03
1.995000000000000000e+02 -1.738415399393842533e-03
2.000000000000000000e+02 -2.059276871845490842e-03
2.005000000000000000e+02 -2.289656430615745041e-03
2.010000000000000000e+02 -2.702667035278056695e-03
2.015000000000000000e+02 -2.735268814273192611e-03
2.020000000000000000e+02 -2.764124965824501286e-03
2.025000000000000000e+02 -2.713264161136735419e-03
2.030000000000000000e+02 -2.980351465237974888e-03
2.035000000000000000e+02 -3.426169414746629144e-03
2.040000000000000000e+02 -3.212309945071616882e-03
2.045000000000000000e+02 -3.216776565649886056e-03
2.050000000000000000e+02 -3.289795451152027934e-03
2.055000000000000000e+02 -3.356216216362232357e-03
2.060000000000000000e+02 -3.542530581893097840e-03
2.065000000000000000e+02 -3.479999949315173025e-03
2.070000000000000000e+02 -3.540316477482412932e-03
2.075000000000000000e+02 -3.456345394953189501e-03
2.080000000000000000e+02 -3.420542405604258887e-03
2.085000000000000000e+02 -3.699760142804131655e-03
2.090000000000000000e+02 -3.135468017406348694e-03
2.095000000000000000e+02 -3.436201092073944228e-03
2.100000000000000000e+02 -3.402422929703759723e-03
2.105000000000000000e+02 -3.515669569251230267e-03
2.110000000000000000e+02 -3.622056205599850313e-03
2.115000000000000000e+02 -3.996050129788865542e-03
2.120000000000000000e+02 -3.703374436427704901e-03
2.125000000000000000e+02 -3.990273297840084971e-03
2.130000000000000000e+02 -3.361816771136513261e-03
2.135000000000000000e+02 -3.553986844836413365e-03
2.140000000000000000e+02 -3.598682922332689139e-03
2.145000000000000000e+02 -3.717748535639714327e-03
2.150000000000000000e+02 -3.575777305060013310e-03
2.155000000000000000e+02 -3.558808602088498092e-03
2.160000000000000000e+02 -3.565283510424533623e-03
2.165000000000000000e+02 -3.750772757001639632e-03
2.170000000000000000e+02 -3.799376717531308383e-03
2.175000000000000000e+02 -3.749682093918375956e-03
2.180000000000000000e+02 -3.655202498065314876e-03
2.185000000000000000e+02 -3.773698637553828984e-03
2.190000000000000000e+02 -3.756093375560932458e-03
2.195000000000000000e+02 -4.096113041906705721e-03
2.200000000000000000e+02 -3.604524098739061641e-03
