1.100000000000000000e+02 -8.006866556336950103e-02
1.105000000000000000e+02 -7.851437067315962526e-02
1.110000000000000000e+02 -1.615845732597043227e-01
1.115000000000000000e+02 -1.102694341801063738e-01
1.120000000000000000e+02 1.716519451231615992e-02
1.125000000000000000e+02 -3.626292905567533170e-02
1.130000000000000000e+02 -2.722822325317951833e-02
1.135000000000000000e+02 -1.886272678800340191e-02
1.140000000000000000e+02 nan
1.145000000000000000e+02 8.217390475316771470e-01
1.150000000000000000e+02 7.485063608330639884e-01
1.155000000000000000e+02 7.311616750361681349e-01
1.160000000000000000e+02 7.340909074162588199e-01
1.165000000000000000e+02 7.215666401013962616e-01
1.170000000000000000e+02 7.220868984602207830e-01
1.175000000000000000e+02 7.170090307791067152e-01
1.180000000000000000e+02 7.036191610746266312e-01
1.185000000000000000e+02 6.988163145611719917e-01
1.190000000000000000e+02 6.919172230783128263e-01
1.195000000000000000e+02 6.849929533738796650e-01
1.200000000000000000e+02 6.792702110508546109e-01
1.205000000000000000e+02 6.705348816881191443e-01
1.210000000000000000e+02 6.564919621485858503e-01
1.215000000000000000e+02 6.470610993447019066e-01
1.220000000000000000e+02 6.360912834581857744e-01
1.225000000000000000e+02 6.186297623696941361e-01
1.230000000000000000e+02 6.063112908451265826e-01
1.235000000000000000e+02 5.899484262033309889e-01
1.240000000000000000e+02 5.771025726225353925e-01
1.245000000000000000e+02 5.585338044144890768e-01
1.250000000000000000e+02 5.426735374127839018e-01
1.255000000000000000e+02 5.287458607863508853e-01
1.260000000000000000e+02 5.138455453244435978e-01
1.265000000000000000e+02 5.004287222460341855e-01
1.270000000000000000e+02 4.882656976440978847e-01
1.275000000000000000e+02 4.776124761616808434e-01
1.280000000000000000e+02 4.678452705689599145e-01
1.285000000000000000e+02 4.595854229805607649e-01
1.290000000000000000e+02 4.517380195089205075e-01
1.295000000000000000e+02 4.463981531344889953e-01
1.300000000000000000e+02 4.422285206251694856e-01
1.305000000000000000e+02 4.394431493326577676e-01
1.310000000000000000e+02 4.382434997320430181e-01
1.315000000000000000e+02 4.386338009672876015e-01
1.320000000000000000e+02 4.415385393092108313e-01
1.325000000000000000e+02 4.461227279874961371e-01
1.330000000000000000e+02 4.527709000697169306e-01
1.335000000000000000e+02 4.612856703073395237e-01
1.340000000000000000e+02 4.715162784394252848e-01
1.345000000000000000e+02 4.841145735448463827e-01
1.350000000000000000e+02 4.984297934253851814e-01
1.355000000000000000e+02 5.155246727733091561e-01
1.360000000000000000e+02 5.341634783868336456e-01
1.365000000000000000e+02 5.550334351622341345e-01
1.370000000000000000e+02 5.779765741648968946e-01
1.375000000000000000e+02 6.024892270468547029e-01
1.380000000000000000e+02 6.280247068241072705e-01
1.385000000000000000e+02 6.536327496520899505e-01
1.390000000000000000e+02 6.779238805653676758e-01
1.395000000000000000e+02 7.004687048387358006e-01
1.400000000000000000e+02 7.195768454278296256e-01
1.405000000000000000e+02 7.350465437155330184e-01
1.410000000000000000e+02 7.480931389306058055e-01
1.415000000000000000e+02 7.566171234123804101e-01
1.420000000000000000e+02 7.632949615077871952e-01
1.425000000000000000e+02 7.681435523174059421e-01
1.430000000000000000e+02 7.694666909717259307e-01
1.435000000000000000e+02 7.685957640703925398e-01
1.440000000000000000e+02 7.632107408809606364e-01
1.445000000000000000e+02 7.544897966996076955e-01
1.450000000000000000e+02 7.416489387813351986e-01
1.455000000000000000e+02 7.253410714083069477e-01
1.460000000000000000e+02 7.066369574034448986e-01
1.465000000000000000e+02 6.841087602159157122e-01
1.470000000000000000e+02 6.598847187164178507e-01
1.475000000000000000e+02 6.330830919557349779e-01
1.480000000000000000e+02 6.053179934921354421e-01
1.485000000000000000e+02 5.790185082852119525e-01
1.490000000000000000e+02 5.553037183682069111e-01
1.495000000000000000e+02 5.320372177999200813e-01
1.500000000000000000e+02 5.090734641222230961e-01
1.505000000000000000e+02 4.865384861317496035e-01
1.510000000000000000e+02 4.648099322675907086e-01
1.515000000000000000e+02 4.440093308620145507e-01
1.520000000000000000e+02 4.243649009081759682e-01
1.525000000000000000e+02 4.057787899286670052e-01
1.530000000000000000e+02 3.892128016814596081e-01
1.535000000000000000e+02 3.724398553182191041e-01
1.540000000000000000e+02 3.546995366384554371e-01
1.545000000000000000e+02 3.370329817727806265e-01
1.550000000000000000e+02 3.183599345269048086e-01
1.555000000000000000e+02 2.982244137962552499e-01
1.560000000000000000e+02 2.780754534311208337e-01
1.565000000000000000e+02 2.576822777129555431e-01
1.570000000000000000e+02 2.366488492504592311e-01
1.575000000000000000e+02 2.154909812448598805e-01
1.580000000000000000e+02 1.944154685959963436e-01
1.585000000000000000e+02 1.725202622564459554e-01
1.590000000000000000e+02 1.516570258305294239e-01
1.595000000000000000e+02 1.303875080227172301e-01
1.600000000000000000e+02 1.111337620027738893e-01
1.605000000000000000e+02 9.257361848741418875e-02
1.610000000000000000e+02 7.622891903935945235e-02
1.615000000000000000e+02 6.177929234470240505e-02
1.620000000000000000e+02 4.936964022779848776e-02
1.625000000000000000e+02 3.876546827413282492e-02
1.630000000000000000e+02 2.983278741816231677e-02
1.635000000000000000e+02 2.329439363386520342e-02
1.640000000000000000e+02 1.807193267102400261e-02
1.645000000000000000e+02 1.417993292847925108e-02
1.650000000000000000e+02 1.091468057601433471e-02
1.655000000000000000e+02 8.507824335071459063e-03
1.660000000000000000e+02 6.491742592539668372e-03
1.665000000000000000e+02 5.427680493998336859e-03
1.670000000000000000e+02 3.956949305813987385e-03
1.675000000000000000e+02 3.099420767429380327e-03
1.680000000000000000e+02 2.440900874113302761e-03
1.685000000000000000e+02 2.112584119481770214e-03
1.690000000000000000e+02 2.049625261417063141e-03
1.695000000000000000e+02 1.354903619504085367e-03
1.700000000000000000e+02 1.345833902664535621e-03
1.705000000000000000e+02 9.922899330502099428e-04
1.710000000000000000e+02 8.566333899478690075e-04
1.715000000000000000e+02 3.766195863586999505e-04
1.720000000000000000e+02 2.752774220776406204e-04
1.725000000000000000e+02 1.680843853908345394e-05
1.730000000000000000e+02 2.382477462771192005e-04
1.735000000000000000e+02 3.136319171530798072e-04
1.740000000000000000e+02 -2.435008633940991451e-04
1.745000000000000000e+02 -2.644741220892540194e-04
1.750000000000000000e+02 -6.093306501849036198e-05
1.755000000000000000e+02 -4.316453496141480482e-04
1.760000000000000000e+02 -6.715084974286726020e-04
1.765000000000000000e+02 -7.275439991539508567e-04
1.770000000000000000e+02 -2.864233216911248612e-04
1.775000000000000000e+02 -6.870194865006391208e-04
1.780000000000000000e+02 -6.896154894855459306e-04
1.785000000000000000e+02 -3.482399920068005137e-04
1.790000000000000000e+02 -9.212554548014647736e-04
1.795000000000000000e+02 -5.712011105773621760e-04
1.800000000000000000e+02 -5.748666344527902667e-04
1.805000000000000000e+02 -2.187998516895602844e-04
1.810000000000000000e+02 -1.145365781327860316e-04
1.815000000000000000e+02 -2.661511737166214983e-04
1.820000000000000000e+02 -1.731671792693799167e-04
1.825000000000000000e+02 -1.035999884896125599e-04
1.830000000000000000e+02 1.321671527444160841e-05
1.835000000000000000e+02 -2.069929912297934491e-04
1.840000000000000000e+02 -5.757732491583448668e-05
1.845000000000000000e+02 3.311991627685056082e-04
1.850000000000000000e+02 3.231097405222723264e-04
1.855000000000000000e+02 5.332505294222754204e-04
1.860000000000000000e+02 7.508686760785316132e-04
1.865000000000000000e+02 1.406387474895579070e-03
1.870000000000000000e+02 1.256690254712049823e-03
1.875000000000000000e+02 1.546509041080375811e-03
1.880000000000000000e+02 1.979505704220074942e-03
1.885000000000000000e+02 1.071883187915280162e-03
1.890000000000000000e+02 1.324902520028463197e-03
1.895000000000000000e+02 9.947196537020597425e-04
1.900000000000000000e+02 1.653168291227920467e-03
1.905000000000000000e+02 1.713250246135029605e-03
1.910000000000000000e+02 1.734066945465376382e-03
1.915000000000000000e+02 1.417169978420889254e-03
1.920000000000000000e+02 1.293273221496127161e-03
1.925000000000000000e+02 1.657777580763976008e-03
1.930000000000000000e+02 1.375031030140701216e-03
1.935000000000000000e+02 1.306426266424547209e-03
1.940000000000000000e+02 1.031721695359125082e-03
1.945000000000000000e+02 9.286242065836918490e-04
1.950000000000000000e+02 7.075059862258039137e-04
1.955000000000000000e+02 5.932622271868831293e-04
1.960000000000000000e+02 4.226705493378290880e-06
1.965000000000000000e+02 -2.740997613866980260e-04
1.970000000000000000e+02 -3.213231398639877280e-04
1.975000000000000000e+02 -6.978849535588084810e-04
1.980000000000000000e+02 -1.632069562474442338e-03
1.985000000000000000e+02 -1.906070614709740735e-03
1.990000000000000000e+02 -2.277050002158588059e-03
1.995000000000000000e+02 -2.926332990197945145e-03
2.000000000000000000e+02 -3.135669547528568708e-03
2.005000000000000000e+02 -3.710523968918931926e-03
2.010000000000000000e+02 -4.327765724664484580e-03
2.015000000000000000e+02 -4.414514484500621505e-03
2.020000000000000000e+02 -4.184551275984145155e-03
2.025000000000000000e+02 -4.534221346906439944e-03
2.030000000000000000e+02 -4.601649568949109370e-03
2.035000000000000000e+02 -4.474197548818265209e-03
2.040000000000000000e+02 -4.686330686025434213e-03
2.045000000000000000e+02 -4.532699632898667778e-03
2.050000000000000000e+02 -4.967849163713539129e-03
2.055000000000000000e+02 -4.963261386590820182e-03
2.060000000000000000e+02 -4.410245488580837384e-03
2.065000000000000000e+02 -5.340436303649191349e-03
2.070000000000000000e+02 -5.039983149485836519e-03
2.075000000000000000e+02 -5.644312576772787804e-03
2.080000000000000000e+02 -5.265568360673641979e-03
2.085000000000000000e+02 -4.973225611194109601e-03
2.090000000000000000e+02 -5.537668278718232452e-03
2.095000000000000000e+02 -5.149958051715735480e-03
2.100000000000000000e+02 -5.621372108714350370e-03
2.105000000000000000e+02 -4.985039970608608380e-03
2.110000000000000000e+02 -5.403853955482855291e-03
2.115000000000000000e+02 -5.317867826385378090e-03
2.120000000000000000e+02 -5.690908661253460572e-03
2.125000000000000000e+02 -5.374123695281985379e-03
2.130000000000000000e+02 -5.381351164052979898e-03
2.135000000000000000e+02 -5.460187249544133647e-03
2.140000000000000000e+02 -5.071825457797579650e-03
2.145000000000000000e+02 -5.550066854260636388e-03
2.150000000000000000e+02 -5.491596414364960377e-03
2.155000000000000000e+02 -5.421177591250690882e-03
2.160000000000000000e+02 -5.137683975824012400e-03
2.165000000000000000e+02 -5.569052306953783255e-03
2.170000000000000000e+02 -5.310090755619586815e-03
2.175000000000000000e+02 -5.656071354554788669e-03
2.180000000000000000e+02 -5.359054542098455783e-03
2.185000000000000000e+02 -5.301842851728286177e-03
2.190000000000000000e+02 -5.104871038601585878e-03
2.195000000000000000e+02 -4.958566075131076896e-03
2.200000000000000000e+02 -4.332575317748680634e-03
