1.100000000000000000e+02 -2.208622823677948155e-01
1.105000000000000000e+02 -1.431478513742724945e-01
1.110000000000000000e+02 -2.505461549711566205e-01
1.115000000000000000e+02 -2.812833638555823912e-01
1.120000000000000000e+02 -2.823050994937361668e-01
1.125000000000000000e+02 -2.802612641206236876e-01
1.130000000000000000e+02 -2.839771934895065075e-01
1.135000000000000000e+02 -3.769823045942200523e-01
1.140000000000000000e+02 nan
1.145000000000000000e+02 1.042961509232363193e+00
1.150000000000000000e+02 8.846876714763558525e-01
1.155000000000000000e+02 8.598673295798296978e-01
1.160000000000000000e+02 8.388861553841292507e-01
1.165000000000000000e+02 8.255017248326022017e-01
1.170000000000000000e+02 8.283511326394390473e-01
1.175000000000000000e+02 8.243340739585695021e-01
1.180000000000000000e+02 8.163798750045739849e-01
1.185000000000000000e+02 8.093349417902195864e-01
1.190000000000000000e+02 8.065148444107282932e-01
1.195000000000000000e+02 7.976959325236943066e-01
1.200000000000000000e+02 7.936236529400523265e-01
1.205000000000000000e+02 7.842881863871311587e-01
1.210000000000000000e+02 7.757831366947799401e-01
1.215000000000000000e+02 7.611806069454595258e-01
1.220000000000000000e+02 7.461648114854138036e-01
1.225000000000000000e+02 7.329774474622511304e-01
1.230000000000000000e+02 7.174994083224233155e-01
1.235000000000000000e+02 6.989762995819033264e-01
1.240000000000000000e+02 6.811836282327811132e-01
1.245000000000000000e+02 6.634176858333692417e-01
1.250000000000000000e+02 6.442764056674731288e-01
1.255000000000000000e+02 6.275767100668396825e-01
1.260000000000000000e+02 6.104598535497133271e-01
1.265000000000000000e+02 5.940596018923082200e-01
1.270000000000000000e+02 5.789301621293655442e-01
1.275000000000000000e+02 5.653797831209770308e-01
1.280000000000000000e+02 5.544250626559603656e-01
1.285000000000000000e+02 5.440577669368172886e-01
1.290000000000000000e+02 5.360918979043921562e-01
1.295000000000000000e+02 5.287905093386180422e-01
1.300000000000000000e+02 5.249731306587398505e-01
1.305000000000000000e+02 5.220528892252177533e-01
1.310000000000000000e+02 5.211358742194551752e-01
1.315000000000000000e+02 5.222144698893800285e-01
1.320000000000000000e+02 5.253994656441335342e-01
1.325000000000000000e+02 5.312817432736404166e-01
1.330000000000000000e+02 5.396988541246371396e-01
1.335000000000000000e+02 5.502689842717607416e-01
1.340000000000000000e+02 5.636269954293277040e-01
1.345000000000000000e+02 5.788952095087096517e-01
1.350000000000000000e+02 5.969821408985860334e-01
1.355000000000000000e+02 6.171786172290062433e-01
1.360000000000000000e+02 6.396435016909669535e-01
1.365000000000000000e+02 6.638940724696377194e-01
1.370000000000000000e+02 6.910742910967307973e-01
1.375000000000000000e+02 7.190861758677968840e-01
1.380000000000000000e+02 7.495777136599908186e-01
1.385000000000000000e+02 7.789437072854996646e-01
1.390000000000000000e+02 8.074375369511731515e-01
1.395000000000000000e+02 8.334107506437790081e-01
1.400000000000000000e+02 8.561250885592115445e-01
1.405000000000000000e+02 8.744954516525070831e-01
1.410000000000000000e+02 8.871768759508978919e-01
1.415000000000000000e+02 8.967581254535818003e-01
1.420000000000000000e+02 9.032204488695574351e-01
1.425000000000000000e+02 9.070472997325009779e-01
1.430000000000000000e+02 9.083800518801927737e-01
1.435000000000000000e+02 9.064516215781104336e-01
1.440000000000000000e+02 9.006412440708980727e-01
1.445000000000000000e+02 8.910969067951752809e-01
1.450000000000000000e+02 8.790703758368701992e-01
1.455000000000000000e+02 8.629224802336266098e-01
1.460000000000000000e+02 8.436906131198108616e-01
1.465000000000000000e+02 8.203646435028627559e-01
1.470000000000000000e+02 7.944176173523748163e-01
1.475000000000000000e+02 7.640879230271387934e-01
1.480000000000000000e+02 7.329117399704638824e-01
1.485000000000000000e+02 7.030223672546135338e-01
1.490000000000000000e+02 6.756084761898015767e-01
1.495000000000000000e+02 6.490627094084676640e-01
1.500000000000000000e+02 6.229410660176923908e-01
1.505000000000000000e+02 5.967185828348515741e-01
1.510000000000000000e+02 5.705083259574972310e-01
1.515000000000000000e+02 5.454594810306209185e-01
1.520000000000000000e+02 5.215943738244505079e-01
1.525000000000000000e+02 4.999510554301942467e-01
1.530000000000000000e+02 4.805452455340186169e-01
1.535000000000000000e+02 4.611467661400073803e-01
1.540000000000000000e+02 4.417451252617834445e-01
1.545000000000000000e+02 4.214161801952643338e-01
1.550000000000000000e+02 4.008568756587130300e-01
1.555000000000000000e+02 3.781912315499287303e-01
1.560000000000000000e+02 3.553623584385339762e-01
1.565000000000000000e+02 3.317720804455271955e-01
1.570000000000000000e+02 3.084470254382400412e-01
1.575000000000000000e+02 2.841572823774819456e-01
1.580000000000000000e+02 2.600820575845194105e-01
1.585000000000000000e+02 2.350134025116593639e-01
1.590000000000000000e+02 2.099568207165209144e-01
1.595000000000000000e+02 1.851388124707026850e-01
1.600000000000000000e+02 1.609616587332451942e-01
1.605000000000000000e+02 1.376992066718286667e-01
1.610000000000000000e+02 1.168976083316247555e-01
1.615000000000000000e+02 9.754054129872920254e-02
1.620000000000000000e+02 8.087138269242923061e-02
1.625000000000000000e+02 6.677824737188943482e-02
1.630000000000000000e+02 5.481207032216615233e-02
1.635000000000000000e+02 4.376355883991518009e-02
1.640000000000000000e+02 3.589621221097842596e-02
1.645000000000000000e+02 2.970591889851563472e-02
1.650000000000000000e+02 2.355641398872594661e-02
1.655000000000000000e+02 1.981621390730379031e-02
1.660000000000000000e+02 1.687345811649079361e-02
1.665000000000000000e+02 1.409577903076994834e-02
1.670000000000000000e+02 1.216671997562700745e-02
1.675000000000000000e+02 1.026085981189675360e-02
1.680000000000000000e+02 8.477628798172417990e-03
1.685000000000000000e+02 7.714924055997913512e-03
1.690000000000000000e+02 7.128718404970485999e-03
1.695000000000000000e+02 6.217160433238751518e-03
1.700000000000000000e+02 5.332287136065109491e-03
1.705000000000000000e+02 4.794538227653420519e-03
1.710000000000000000e+02 4.630474742043777861e-03
1.715000000000000000e+02 3.555055006608527635e-03
1.720000000000000000e+02 3.358953665182041852e-03
1.725000000000000000e+02 3.122606829270358104e-03
1.730000000000000000e+02 2.709452600984058740e-03
1.735000000000000000e+02 2.324677652300229276e-03
1.740000000000000000e+02 1.732191892858636530e-03
1.745000000000000000e+02 1.826300641810280371e-03
1.750000000000000000e+02 1.635685278251402391e-03
1.755000000000000000e+02 1.228470751315223096e-03
1.760000000000000000e+02 1.611589000359992278e-03
1.765000000000000000e+02 9.680912264851838228e-04
1.770000000000000000e+02 1.799253196693527575e-03
1.775000000000000000e+02 1.449518712382414677e-03
1.780000000000000000e+02 1.027948995551776750e-03
1.785000000000000000e+02 1.014347396945565472e-03
1.790000000000000000e+02 8.538137212879011841e-04
1.795000000000000000e+02 1.540054041436380054e-03
1.800000000000000000e+02 1.331666670031114372e-03
1.805000000000000000e+02 1.038320794774975128e-03
1.810000000000000000e+02 1.734210668632864922e-03
1.815000000000000000e+02 1.652139441417428386e-03
1.820000000000000000e+02 1.378407039811660158e-03
1.825000000000000000e+02 1.612233471416566399e-03
1.830000000000000000e+02 1.926966078782405955e-03
1.835000000000000000e+02 1.630285501165486695e-03
1.840000000000000000e+02 1.914957122244837851e-03
1.845000000000000000e+02 2.097638512201461126e-03
1.850000000000000000e+02 2.268695984101843678e-03
1.855000000000000000e+02 2.468625179435582177e-03
1.860000000000000000e+02 2.048649948826790617e-03
1.865000000000000000e+02 2.761000366840157209e-03
1.870000000000000000e+02 2.859741049358105990e-03
1.875000000000000000e+02 2.814204401260295661e-03
1.880000000000000000e+02 2.631609317784245998e-03
1.885000000000000000e+02 2.899551858602522191e-03
1.890000000000000000e+02 3.282255913708783963e-03
1.895000000000000000e+02 3.293447371762881892e-03
1.900000000000000000e+02 3.737449555841026311e-03
1.905000000000000000e+02 3.669084240071349493e-03
1.910000000000000000e+02 3.800035373235249783e-03
1.915000000000000000e+02 3.593544131569040984e-03
1.920000000000000000e+02 3.538649995950266750e-03
1.925000000000000000e+02 4.026874955294417087e-03
1.930000000000000000e+02 3.946184925348514977e-03
1.935000000000000000e+02 3.976561625918878344e-03
1.940000000000000000e+02 3.666054019507883777e-03
1.945000000000000000e+02 3.628503570331161141e-03
1.950000000000000000e+02 3.406074824102287100e-03
1.955000000000000000e+02 3.032401900805354027e-03
1.960000000000000000e+02 2.729886582727444368e-03
1.965000000000000000e+02 3.163938598813021124e-03
1.970000000000000000e+02 1.962954958697226901e-03
1.975000000000000000e+02 1.524831484345265864e-03
1.980000000000000000e+02 1.185577316518250136e-03
1.985000000000000000e+02 4.500548715454219030e-04
1.990000000000000000e+02 -1.232349328027425794e-04
1.995000000000000000e+02 -9.436387506209201366e-04
2.000000000000000000e+02 -1.407534386279138015e-03
2.005000000000000000e+02 -1.514575173722038700e-03
2.010000000000000000e+02 -2.156544086987454822e-03
2.015000000000000000e+02 -2.030538033235894206e-03
2.020000000000000000e+02 -2.609244821500368312e-03
2.025000000000000000e+02 -2.491121011724140976e-03
2.030000000000000000e+02 -2.640485600617052328e-03
2.035000000000000000e+02 -3.125857369960724930e-03
2.040000000000000000e+02 -3.443210867745044590e-03
2.045000000000000000e+02 -3.704719256834008035e-03
2.050000000000000000e+02 -3.534177964646852740e-03
2.055000000000000000e+02 -3.434631558502306090e-03
2.060000000000000000e+02 -3.797250238009143054e-03
2.065000000000000000e+02 -3.674991083308122835e-03
2.070000000000000000e+02 -3.397553469215097970e-03
2.075000000000000000e+02 -3.954390149100461480e-03
2.080000000000000000e+02 -4.177207359653481097e-03
2.085000000000000000e+02 -3.889343108671805896e-03
2.090000000000000000e+02 -3.465707917428261561e-03
2.095000000000000000e+02 -4.041479454679158638e-03
2.100000000000000000e+02 -3.656809604565088977e-03
2.105000000000000000e+02 -3.640718981225300917e-03
2.110000000000000000e+02 -3.410477673732247375e-03
2.115000000000000000e+02 -3.754240112333284002e-03
2.120000000000000000e+02 -3.693937904442777184e-03
2.125000000000000000e+02 -3.192373843700527496e-03
2.130000000000000000e+02 -3.640203595664331937e-03
2.135000000000000000e+02 -3.550261986452574441e-03
2.140000000000000000e+02 -3.311517684627411119e-03
2.145000000000000000e+02 -3.840898936309543061e-03
2.150000000000000000e+02 -3.659885960928544076e-03
2.155000000000000000e+02 -3.307971419016687495e-03
2.160000000000000000e+02 -3.474379079537203308e-03
2.165000000000000000e+02 -3.288987586705308195e-03
2.170000000000000000e+02 -3.013041319051419122e-03
2.175000000000000000e+02 -3.608102772049531261e-03
2.180000000000000000e+02 -3.546421995287251175e-03
2.185000000000000000e+02 -2.964203780170054318e-03
2.190000000000000000e+02 -2.954768603762401163e-03
2.195000000000000000e+02 -3.090631699682850654e-03
2.200000000000000000e+02 -3.194074520950569013e-03
