1.100000000000000000e+02 -7.367888635243349804e-02
1.105000000000000000e+02 -9.305637739984028156e-02
1.110000000000000000e+02 -6.166664840430454569e-02
1.115000000000000000e+02 -2.809959793408901146e-02
1.120000000000000000e+02 -2.889407305521936586e-01
1.125000000000000000e+02 -1.677104020226494532e-02
1.130000000000000000e+02 2.488653218828769387e-02
1.135000000000000000e+02 -4.345237896921279319e-02
1.140000000000000000e+02 6.277350242959216231e-02
1.145000000000000000e+02 1.831287169087742958e-02
1.150000000000000000e+02 2.110928736108539511e-02
1.155000000000000000e+02 2.038811603047261181e-02
1.160000000000000000e+02 1.981279300371944704e-02
1.165000000000000000e+02 1.781985508175378333e-02
1.170000000000000000e+02 1.944691752327421322e-02
1.175000000000000000e+02 1.769219174612621584e-02
1.180000000000000000e+02 1.894358353818902108e-02
1.185000000000000000e+02 1.896860298447159907e-02
1.190000000000000000e+02 1.832298498617864965e-02
1.195000000000000000e+02 1.818224653259428031e-02
1.200000000000000000e+02 1.801094190197322087e-02
1.205000000000000000e+02 1.907886623269341997e-02
1.210000000000000000e+02 1.833797074798164395e-02
1.215000000000000000e+02 1.809673875576571153e-02
1.220000000000000000e+02 1.819234731256430537e-02
1.225000000000000000e+02 1.748051704677352353e-02
1.230000000000000000e+02 1.796425112976425889e-02
1.235000000000000000e+02 1.791235706383984688e-02
1.240000000000000000e+02 1.674621118579110862e-02
1.245000000000000000e+02 1.666310375959731763e-02
1.250000000000000000e+02 1.658082354922424742e-02
1.255000000000000000e+02 1.561821777702662901e-02
1.260000000000000000e+02 1.482267116918946359e-02
1.265000000000000000e+02 1.474494453465423002e-02
1.270000000000000000e+02 1.414294167462246295e-02
1.275000000000000000e+02 1.455430894380509675e-02
1.280000000000000000e+02 1.407397659390840182e-02
1.285000000000000000e+02 1.335157239559811929e-02
1.290000000000000000e+02 1.349970418451911305e-02
1.295000000000000000e+02 1.309152877377187975e-02
1.300000000000000000e+02 1.297841825262833690e-02
1.305000000000000000e+02 1.328875317613423084e-02
1.310000000000000000e+02 1.283174569389083745e-02
1.315000000000000000e+02 1.260647419310600634e-02
1.320000000000000000e+02 1.262605546668620592e-02
1.325000000000000000e+02 1.302058869393847226e-02
1.330000000000000000e+02 1.304040945447533691e-02
1.335000000000000000e+02 1.327565840868462875e-02
1.340000000000000000e+02 1.337227873779834805e-02
1.345000000000000000e+02 1.370872325920348411e-02
1.350000000000000000e+02 1.421539290757050170e-02
1.355000000000000000e+02 1.456926760245899274e-02
1.360000000000000000e+02 1.536257282612406988e-02
1.365000000000000000e+02 1.564364349868734710e-02
1.370000000000000000e+02 1.641680638166292949e-02
1.375000000000000000e+02 1.670256649181046243e-02
1.380000000000000000e+02 1.748325148486502140e-02
1.385000000000000000e+02 1.797624404979547563e-02
1.390000000000000000e+02 1.887511125675173790e-02
1.395000000000000000e+02 1.961521116465583456e-02
1.400000000000000000e+02 1.986416709519222418e-02
1.405000000000000000e+02 2.064537567845456043e-02
1.410000000000000000e+02 2.108791168091810400e-02
1.415000000000000000e+02 2.139732155342572925e-02
1.420000000000000000e+02 2.166486697764537922e-02
1.425000000000000000e+02 2.154528057975148986e-02
1.430000000000000000e+02 2.180545316275510348e-02
1.435000000000000000e+02 2.155918919236053319e-02
1.440000000000000000e+02 2.158562564536370409e-02
1.445000000000000000e+02 2.126694591823481001e-02
1.450000000000000000e+02 2.096062473731677422e-02
1.455000000000000000e+02 2.033256785232309682e-02
1.460000000000000000e+02 2.009177343931664930e-02
1.465000000000000000e+02 1.931619753548474358e-02
1.470000000000000000e+02 1.922495324714965440e-02
1.475000000000000000e+02 1.826407027034330360e-02
1.480000000000000000e+02 1.749089512853577166e-02
1.485000000000000000e+02 1.671833169399728272e-02
1.490000000000000000e+02 1.604779144786240563e-02
1.495000000000000000e+02 1.536145236260948350e-02
1.500000000000000000e+02 1.507793240646231568e-02
1.505000000000000000e+02 1.442307614191874754e-02
1.510000000000000000e+02 1.381432816733493309e-02
1.515000000000000000e+02 1.324437743059661381e-02
1.520000000000000000e+02 1.288715957559954592e-02
1.525000000000000000e+02 1.213436977179607051e-02
1.530000000000000000e+02 1.177308358619716909e-02
1.535000000000000000e+02 1.121415639057767900e-02
1.540000000000000000e+02 1.083831672722083798e-02
1.545000000000000000e+02 1.030769743310129376e-02
1.550000000000000000e+02 9.807387619122504008e-03
1.555000000000000000e+02 9.359137331969663576e-03
1.560000000000000000e+02 8.838482581226906817e-03
1.565000000000000000e+02 7.963611989017954987e-03
1.570000000000000000e+02 7.750301094745384520e-03
1.575000000000000000e+02 6.902329440615127300e-03
1.580000000000000000e+02 6.558131486451428648e-03
1.585000000000000000e+02 5.922601466324580941e-03
1.590000000000000000e+02 5.089170782761925221e-03
1.595000000000000000e+02 4.297049430442870417e-03
1.600000000000000000e+02 4.070299203930273155e-03
1.605000000000000000e+02 3.254854492348763489e-03
1.610000000000000000e+02 3.196462862257410612e-03
1.615000000000000000e+02 3.178228486270810900e-03
1.620000000000000000e+02 2.735518728241603456e-03
1.625000000000000000e+02 2.401951672803988996e-03
1.630000000000000000e+02 2.021046700234568113e-03
1.635000000000000000e+02 1.600228087065774059e-03
1.640000000000000000e+02 1.433081411994417426e-03
1.645000000000000000e+02 1.395008170137176364e-03
1.650000000000000000e+02 1.367918528778312454e-03
1.655000000000000000e+02 1.281063805354901294e-03
1.660000000000000000e+02 1.010218157422113332e-03
1.665000000000000000e+02 8.785043184148560091e-04
1.670000000000000000e+02 5.190589540570133805e-04
1.675000000000000000e+02 1.086750704719667429e-03
1.680000000000000000e+02 5.566016731264833645e-04
1.685000000000000000e+02 3.394759324002694046e-04
1.690000000000000000e+02 6.562354443974649206e-04
1.695000000000000000e+02 5.934735112702420323e-04
1.700000000000000000e+02 4.915489512216707300e-04
1.705000000000000000e+02 5.619450900579107825e-04
1.710000000000000000e+02 4.110760473977338150e-04
1.715000000000000000e+02 3.437966567187131011e-04
1.720000000000000000e+02 4.208194677994535359e-04
1.725000000000000000e+02 2.004228287716971980e-04
1.730000000000000000e+02 5.205266755012429372e-04
1.735000000000000000e+02 2.297702548816580334e-04
1.740000000000000000e+02 8.474458649699910604e-05
1.745000000000000000e+02 -2.558629935176234406e-05
1.750000000000000000e+02 1.732089134669170154e-04
1.755000000000000000e+02 2.351414931752512244e-04
1.760000000000000000e+02 -8.125750281600776820e-05
1.765000000000000000e+02 4.112907728005519323e-04
1.770000000000000000e+02 1.591055136915620204e-05
1.775000000000000000e+02 -1.625246243371605208e-04
1.780000000000000000e+02 2.406664893966988146e-04
1.785000000000000000e+02 6.227688465273158809e-05
1.790000000000000000e+02 7.711468064951639792e-05
1.795000000000000000e+02 1.623236411195279067e-05
1.800000000000000000e+02 2.777683927932490045e-04
1.805000000000000000e+02 1.983678398240397856e-04
1.810000000000000000e+02 5.603619792031521536e-04
1.815000000000000000e+02 2.262203260328381909e-04
1.820000000000000000e+02 5.528407106190388453e-04
1.825000000000000000e+02 1.588554821884566532e-04
1.830000000000000000e+02 5.404041530353426159e-04
1.835000000000000000e+02 3.779801540821115273e-04
1.840000000000000000e+02 2.869447401526514308e-04
1.845000000000000000e+02 4.517584729914700674e-04
1.850000000000000000e+02 5.009965775090751468e-04
1.855000000000000000e+02 7.912227533988929222e-04
1.860000000000000000e+02 7.038030579571062607e-04
1.865000000000000000e+02 7.075937554577173922e-04
1.870000000000000000e+02 7.135218599085429731e-04
1.875000000000000000e+02 5.667532516489533299e-04
1.880000000000000000e+02 5.220337275753658213e-04
1.885000000000000000e+02 6.465867846449294262e-04
1.890000000000000000e+02 1.208362214296907411e-03
1.895000000000000000e+02 8.064653891670348854e-04
1.900000000000000000e+02 1.254616394258789742e-03
1.905000000000000000e+02 7.840016211403726338e-04
1.910000000000000000e+02 9.267920708647253963e-04
1.915000000000000000e+02 1.151581264735886904e-03
1.920000000000000000e+02 8.678259674532169503e-04
1.925000000000000000e+02 1.004539129207635082e-03
1.930000000000000000e+02 1.032094092008475818e-03
1.935000000000000000e+02 9.929367628245227683e-04
1.940000000000000000e+02 8.605438216597663392e-04
1.945000000000000000e+02 6.340338588098678313e-04
1.950000000000000000e+02 1.123739320272175869e-03
1.955000000000000000e+02 8.366923706372061389e-04
1.960000000000000000e+02 1.062850981213807420e-03
1.965000000000000000e+02 8.427211874206246445e-04
1.970000000000000000e+02 6.851010452101944466e-04
1.975000000000000000e+02 8.899150596360025367e-04
1.980000000000000000e+02 6.020385294209568876e-04
1.985000000000000000e+02 4.456663254601948170e-04
1.990000000000000000e+02 1.850625252046262336e-04
1.995000000000000000e+02 4.768238333731786511e-04
2.000000000000000000e+02 6.226361306622637572e-04
2.005000000000000000e+02 3.709692521381861624e-04
2.010000000000000000e+02 3.114528291249277171e-04
2.015000000000000000e+02 3.841985776779668058e-04
2.020000000000000000e+02 6.740842544322936804e-05
2.025000000000000000e+02 5.109448163437919823e-04
2.030000000000000000e+02 9.917129284461150549e-05
2.035000000000000000e+02 5.802265179380418586e-05
2.040000000000000000e+02 -3.468008700433342529e-05
2.045000000000000000e+02 3.361194555939835176e-05
2.050000000000000000e+02 1.253460026401860864e-04
2.055000000000000000e+02 6.701510442036659433e-05
2.060000000000000000e+02 -9.721401429209643153e-05
2.065000000000000000e+02 -2.135260106572180704e-04
2.070000000000000000e+02 1.895683079405218895e-04
2.075000000000000000e+02 2.026668626767581273e-04
2.080000000000000000e+02 -9.767154702385245132e-05
2.085000000000000000e+02 -5.599305463382451935e-04
2.090000000000000000e+02 -7.874507208810469991e-04
2.095000000000000000e+02 -7.773876700202395290e-04
2.100000000000000000e+02 -3.724079390718232330e-04
2.105000000000000000e+02 -3.535424530149944245e-04
2.110000000000000000e+02 -5.375994734897989510e-04
2.115000000000000000e+02 -1.645569978640865820e-04
2.120000000000000000e+02 -1.938164633572519839e-04
2.125000000000000000e+02 -1.293190624064832468e-04
2.130000000000000000e+02 -1.247849264239714892e-04
2.135000000000000000e+02 -2.661043754891272844e-04
2.140000000000000000e+02 -2.541551553077819837e-04
2.145000000000000000e+02 -2.737283303090120678e-04
2.150000000000000000e+02 -3.239016142206091356e-04
2.155000000000000000e+02 -1.054925014555810307e-05
2.160000000000000000e+02 -1.679059208996310870e-04
2.165000000000000000e+02 -6.503344841556486654e-06
2.170000000000000000e+02 -5.985297594574662364e-05
2.175000000000000000e+02 -3.936440381313963566e-05
2.180000000000000000e+02 1.491471232038393293e-04
2.185000000000000000e+02 -2.450399140790066694e-04
2.190000000000000000e+02 -6.614356124033687239e-05
2.195000000000000000e+02 -2.093790670902350489e-04
2.200000000000000000e+02 1.135833906389943101e-04
