1.100000000000000000e+02 8.459016324960699773e-02
1.105000000000000000e+02 -1.695140054202441508e-03
1.110000000000000000e+02 -2.179243163248306345e-02
1.115000000000000000e+02 -6.335423383532284847e-02
1.120000000000000000e+02 1.108071650237688471e-01
1.125000000000000000e+02 -9.920145160008993906e-04
1.130000000000000000e+02 -3.418641981860000983e-02
1.135000000000000000e+02 -1.019032757552267437e-01
1.140000000000000000e+02 5.748956575123971291e-01
1.145000000000000000e+02 3.330753787898050322e-01
1.150000000000000000e+02 3.295533155368450817e-01
1.155000000000000000e+02 3.215133049061323911e-01
1.160000000000000000e+02 3.211508222235608945e-01
1.165000000000000000e+02 3.187563501980323344e-01
1.170000000000000000e+02 3.174547918008951974e-01
1.175000000000000000e+02 3.164308196777275706e-01
1.180000000000000000e+02 3.171914337421437580e-01
1.185000000000000000e+02 3.133667648517284299e-01
1.190000000000000000e+02 3.114590601786820234e-01
1.195000000000000000e+02 3.096542106717061205e-01
1.200000000000000000e+02 3.059223427804485529e-01
1.205000000000000000e+02 3.005869028566572343e-01
1.210000000000000000e+02 2.985739037984415090e-01
1.215000000000000000e+02 2.937806418442228118e-01
1.220000000000000000e+02 2.892751751357652279e-01
1.225000000000000000e+02 2.823157216675913350e-01
1.230000000000000000e+02 2.757188895097651415e-01
1.235000000000000000e+02 2.699026619738111310e-01
1.240000000000000000e+02 2.629847463296027810e-01
1.245000000000000000e+02 2.545621024280675937e-01
1.250000000000000000e+02 2.481037601191498632e-01
1.255000000000000000e+02 2.402485874190363746e-01
1.260000000000000000e+02 2.339669083138304906e-01
1.265000000000000000e+02 2.280852855813761682e-01
1.270000000000000000e+02 2.205360003254403511e-01
1.275000000000000000e+02 2.155339806578037698e-01
1.280000000000000000e+02 2.105982775020999731e-01
1.285000000000000000e+02 2.058857996185879113e-01
1.290000000000000000e+02 2.020313726695164014e-01
1.295000000000000000e+02 1.989520240269384843e-01
1.300000000000000000e+02 1.966152590056093608e-01
1.305000000000000000e+02 1.949059146160466438e-01
1.310000000000000000e+02 1.941533400608594084e-01
1.315000000000000000e+02 1.935109444999178197e-01
1.320000000000000000e+02 1.940525586226438393e-01
1.325000000000000000e+02 1.962048310161370324e-01
1.330000000000000000e+02 1.986039684164137009e-01
1.335000000000000000e+02 2.022965311626398199e-01
1.340000000000000000e+02 2.069151141304684249e-01
1.345000000000000000e+02 2.123466609326180310e-01
1.350000000000000000e+02 2.191517788283207091e-01
1.355000000000000000e+02 2.262621625720847851e-01
1.360000000000000000e+02 2.349411695004216816e-01
1.365000000000000000e+02 2.442526539031316113e-01
1.370000000000000000e+02 2.548399089579545529e-01
1.375000000000000000e+02 2.661598874448750651e-01
1.380000000000000000e+02 2.778248434236073594e-01
1.385000000000000000e+02 2.899142978497115664e-01
1.390000000000000000e+02 3.016971901996804428e-01
1.395000000000000000e+02 3.124937272255090548e-01
1.400000000000000000e+02 3.223845702636599642e-01
1.405000000000000000e+02 3.303089863170705076e-01
1.410000000000000000e+02 3.366064627080651572e-01
1.415000000000000000e+02 3.412100992297109059e-01
1.420000000000000000e+02 3.451200742071002248e-01
1.425000000000000000e+02 3.478259145915422734e-01
1.430000000000000000e+02 3.491201642262775628e-01
1.435000000000000000e+02 3.494266300666681313e-01
1.440000000000000000e+02 3.482620761570121015e-01
1.445000000000000000e+02 3.449629183959438961e-01
1.450000000000000000e+02 3.408580802924608411e-01
1.455000000000000000e+02 3.346858572641318030e-01
1.460000000000000000e+02 3.274970784673519320e-01
1.465000000000000000e+02 3.181364678382808120e-01
1.470000000000000000e+02 3.079846147388728417e-01
1.475000000000000000e+02 2.967810444760024535e-01
1.480000000000000000e+02 2.849192322779318109e-01
1.485000000000000000e+02 2.732286613830471889e-01
1.490000000000000000e+02 2.627350209513532597e-01
1.495000000000000000e+02 2.521238597562461825e-01
1.500000000000000000e+02 2.414139026649611830e-01
1.505000000000000000e+02 2.315815711783879016e-01
1.510000000000000000e+02 2.215598505722830569e-01
1.515000000000000000e+02 2.119692867378484280e-01
1.520000000000000000e+02 2.028846194250944479e-01
1.525000000000000000e+02 1.941770786030551643e-01
1.530000000000000000e+02 1.865287512228354094e-01
1.535000000000000000e+02 1.786935218434423100e-01
1.540000000000000000e+02 1.712442267729225864e-01
1.545000000000000000e+02 1.629965747155447953e-01
1.550000000000000000e+02 1.549177402852693342e-01
1.555000000000000000e+02 1.458563125390497928e-01
1.560000000000000000e+02 1.363847657628722010e-01
1.565000000000000000e+02 1.270457278419762359e-01
1.570000000000000000e+02 1.173914220249027696e-01
1.575000000000000000e+02 1.077371610988547695e-01
1.580000000000000000e+02 9.786414459402371924e-02
1.585000000000000000e+02 8.779969334074050336e-02
1.590000000000000000e+02 7.740891887954438888e-02
1.595000000000000000e+02 6.797597043879803624e-02
1.600000000000000000e+02 5.809111669688935692e-02
1.605000000000000000e+02 4.923632234049486051e-02
1.610000000000000000e+02 4.032873975903893127e-02
1.615000000000000000e+02 3.275241573424698960e-02
1.620000000000000000e+02 2.637993713054795006e-02
1.625000000000000000e+02 2.057494991327098177e-02
1.630000000000000000e+02 1.606716074498313121e-02
1.635000000000000000e+02 1.205504605460414394e-02
1.640000000000000000e+02 8.669375386521346177e-03
1.645000000000000000e+02 5.786109148808773681e-03
1.650000000000000000e+02 4.078135603411347891e-03
1.655000000000000000e+02 1.813738360511286257e-03
1.660000000000000000e+02 6.811625697951961822e-04
1.665000000000000000e+02 3.450961303889206797e-05
1.670000000000000000e+02 -1.071851654594721277e-03
1.675000000000000000e+02 -1.848799986942606778e-03
1.680000000000000000e+02 -2.437917108133064083e-03
1.685000000000000000e+02 -3.117743407315444037e-03
1.690000000000000000e+02 -3.865768733516982726e-03
1.695000000000000000e+02 -4.106655975612046733e-03
1.700000000000000000e+02 -4.374426357582608324e-03
1.705000000000000000e+02 -4.350584458085764855e-03
1.710000000000000000e+02 -4.991286927931464466e-03
1.715000000000000000e+02 -5.325225545778571913e-03
1.720000000000000000e+02 -5.371763519623932309e-03
1.725000000000000000e+02 -5.613419603545326264e-03
1.730000000000000000e+02 -5.706658414464695940e-03
1.735000000000000000e+02 -5.947164116011341602e-03
1.740000000000000000e+02 -5.825950235386959802e-03
1.745000000000000000e+02 -6.391186410110985192e-03
1.750000000000000000e+02 -6.488416780034964894e-03
1.755000000000000000e+02 -6.339800393101622036e-03
1.760000000000000000e+02 -6.275397394161550887e-03
1.765000000000000000e+02 -6.132503093248952916e-03
1.770000000000000000e+02 -6.340691386917292338e-03
1.775000000000000000e+02 -6.391664880534627009e-03
1.780000000000000000e+02 -6.342828064688888802e-03
1.785000000000000000e+02 -6.510012674255915774e-03
1.790000000000000000e+02 -6.225196051438760918e-03
1.795000000000000000e+02 -6.228776301905285598e-03
1.800000000000000000e+02 -6.110646535716784261e-03
1.805000000000000000e+02 -5.876219963415735444e-03
1.810000000000000000e+02 -5.577616736782168780e-03
1.815000000000000000e+02 -5.583036191883969206e-03
1.820000000000000000e+02 -5.788201503566338564e-03
1.825000000000000000e+02 -5.520734403104420734e-03
1.830000000000000000e+02 -5.301024964411108799e-03
1.835000000000000000e+02 -5.138244491520288157e-03
1.840000000000000000e+02 -4.726764510636841457e-03
1.845000000000000000e+02 -4.758955409530947825e-03
1.850000000000000000e+02 -4.403693592211453678e-03
1.855000000000000000e+02 -4.468152894550768070e-03
1.860000000000000000e+02 -4.192199687081366380e-03
1.865000000000000000e+02 -3.939263795465017780e-03
1.870000000000000000e+02 -3.826567951722789889e-03
1.875000000000000000e+02 -3.785636613908806812e-03
1.880000000000000000e+02 -3.720029050589694457e-03
1.885000000000000000e+02 -3.608708017961670313e-03
1.890000000000000000e+02 -3.392461631949046739e-03
1.895000000000000000e+02 -3.307763686846644687e-03
1.900000000000000000e+02 -3.237187332236923180e-03
1.905000000000000000e+02 -2.890072075753489893e-03
1.910000000000000000e+02 -3.415440228200431697e-03
1.915000000000000000e+02 -3.098103573861725555e-03
1.920000000000000000e+02 -3.176670799930069160e-03
1.925000000000000000e+02 -3.197225262828152191e-03
1.930000000000000000e+02 -3.284181562165797152e-03
1.935000000000000000e+02 -3.432535765482371947e-03
1.940000000000000000e+02 -3.587405335087132194e-03
1.945000000000000000e+02 -3.653207933377103801e-03
1.950000000000000000e+02 -3.981256918311299256e-03
1.955000000000000000e+02 -4.167386686085106616e-03
1.960000000000000000e+02 -4.602321844827253657e-03
1.965000000000000000e+02 -5.076266752305591372e-03
1.970000000000000000e+02 -5.451284357547925112e-03
1.975000000000000000e+02 -5.746876874587051806e-03
1.980000000000000000e+02 -5.832027906564857082e-03
1.985000000000000000e+02 -6.156735624180042707e-03
1.990000000000000000e+02 -6.584190935577032694e-03
1.995000000000000000e+02 -6.629943595933505789e-03
2.000000000000000000e+02 -6.804303108742063358e-03
2.005000000000000000e+02 -6.537380595342669014e-03
2.010000000000000000e+02 -6.629149744731127440e-03
2.015000000000000000e+02 -6.780784349182659987e-03
2.020000000000000000e+02 -6.802211027036587226e-03
2.025000000000000000e+02 -7.064906322661552995e-03
2.030000000000000000e+02 -6.690722297457723025e-03
2.035000000000000000e+02 -6.810072474853821542e-03
2.040000000000000000e+02 -6.538259343386968424e-03
2.045000000000000000e+02 -6.841231344970122481e-03
2.050000000000000000e+02 -6.847225110915270210e-03
2.055000000000000000e+02 -7.640205387665769017e-03
2.060000000000000000e+02 -7.714726065000839655e-03
2.065000000000000000e+02 -7.664057308054578535e-03
2.070000000000000000e+02 -7.389343269767277567e-03
2.075000000000000000e+02 -7.457878307840803446e-03
2.080000000000000000e+02 -7.538284239198234267e-03
2.085000000000000000e+02 -7.342018744452383922e-03
2.090000000000000000e+02 -7.068952915208999606e-03
2.095000000000000000e+02 -7.213455135313594224e-03
2.100000000000000000e+02 -7.310132810653877794e-03
2.105000000000000000e+02 -7.398693567319545097e-03
2.110000000000000000e+02 -7.425928199838712461e-03
2.115000000000000000e+02 -7.118859090994943302e-03
2.120000000000000000e+02 -7.351826374477854649e-03
2.125000000000000000e+02 -7.281039661082830405e-03
2.130000000000000000e+02 -7.029183119908312925e-03
2.135000000000000000e+02 -7.360110424272162978e-03
2.140000000000000000e+02 -7.202255282207708012e-03
2.145000000000000000e+02 -6.979479436072367690e-03
2.150000000000000000e+02 -6.975230234753115183e-03
2.155000000000000000e+02 -6.842198169342829546e-03
2.160000000000000000e+02 -6.886572322582234888e-03
2.165000000000000000e+02 -6.755654082505760730e-03
2.170000000000000000e+02 -6.465054238979431322e-03
2.175000000000000000e+02 -6.594261877334469529e-03
2.180000000000000000e+02 -6.609047367432836599e-03
2.185000000000000000e+02 -6.694801813642780978e-03
2.190000000000000000e+02 -6.621460271661491932e-03
2.195000000000000000e+02 -6.667581629932175548e-03
2.200000000000000000e+02 -6.694517545933372817e-03
