1.100000000000000000e+02 -3.277135156047521203e-02
1.105000000000000000e+02 -4.117114305791192558e-02
1.110000000000000000e+02 -9.509956813472218370e-03
1.115000000000000000e+02 -6.985132647181076238e-02
1.120000000000000000e+02 6.646824272786591714e-02
1.125000000000000000e+02 5.221057438024233333e-02
1.130000000000000000e+02 1.157209137697807685e-02
1.135000000000000000e+02 -1.176844179672582869e-01
1.140000000000000000e+02 1.580488688562637356e-01
1.145000000000000000e+02 1.319016568700128733e-01
1.150000000000000000e+02 1.289313524320763460e-01
1.155000000000000000e+02 1.232691078122086781e-01
1.160000000000000000e+02 1.212400611431218855e-01
1.165000000000000000e+02 1.215225581812357791e-01
1.170000000000000000e+02 1.223580707614705387e-01
1.175000000000000000e+02 1.221532254905042247e-01
1.180000000000000000e+02 1.210227605439698345e-01
1.185000000000000000e+02 1.228389704074674127e-01
1.190000000000000000e+02 1.200367649501158651e-01
1.195000000000000000e+02 1.204251789585313870e-01
1.200000000000000000e+02 1.204644212875032455e-01
1.205000000000000000e+02 1.177389247278519124e-01
1.210000000000000000e+02 1.176599859787994529e-01
1.215000000000000000e+02 1.147417825642265132e-01
1.220000000000000000e+02 1.135752478084502970e-01
1.225000000000000000e+02 1.106281137680813487e-01
1.230000000000000000e+02 1.094082092479441159e-01
1.235000000000000000e+02 1.057406306549589364e-01
1.240000000000000000e+02 1.030471530315647810e-01
1.245000000000000000e+02 1.006182399882993850e-01
1.250000000000000000e+02 9.776898548085583007e-02
1.255000000000000000e+02 9.549446007329659425e-02
1.260000000000000000e+02 9.216576784119993870e-02
1.265000000000000000e+02 8.936223126450537624e-02
1.270000000000000000e+02 8.694990273335105602e-02
1.275000000000000000e+02 8.461048937865453534e-02
1.280000000000000000e+02 8.321719282295217401e-02
1.285000000000000000e+02 8.162871496171708596e-02
1.290000000000000000e+02 8.028756816533802465e-02
1.295000000000000000e+02 7.921753305506659681e-02
1.300000000000000000e+02 7.860350695701519286e-02
1.305000000000000000e+02 7.834728154177569848e-02
1.310000000000000000e+02 7.853358908846425068e-02
1.315000000000000000e+02 7.799553450096138874e-02
1.320000000000000000e+02 7.838605247997539049e-02
1.325000000000000000e+02 7.977553185942017067e-02
1.330000000000000000e+02 8.096657879561033888e-02
1.335000000000000000e+02 8.239124861237205610e-02
1.340000000000000000e+02 8.471550329224145082e-02
1.345000000000000000e+02 8.684949235890600250e-02
1.350000000000000000e+02 9.002384352591445704e-02
1.355000000000000000e+02 9.349034647753522165e-02
1.360000000000000000e+02 9.659863391950783418e-02
1.365000000000000000e+02 1.011847243418944192e-01
1.370000000000000000e+02 1.060283271800576271e-01
1.375000000000000000e+02 1.110266822564990458e-01
1.380000000000000000e+02 1.157748170836250534e-01
1.385000000000000000e+02 1.213788223021505935e-01
1.390000000000000000e+02 1.272004838744679178e-01
1.395000000000000000e+02 1.318987772374018985e-01
1.400000000000000000e+02 1.363899412711135350e-01
1.405000000000000000e+02 1.405895594172732188e-01
1.410000000000000000e+02 1.441016488644653870e-01
1.415000000000000000e+02 1.464475434205517179e-01
1.420000000000000000e+02 1.486946376374210232e-01
1.425000000000000000e+02 1.506361119984750974e-01
1.430000000000000000e+02 1.520999733052965097e-01
1.435000000000000000e+02 1.529219871602590930e-01
1.440000000000000000e+02 1.533072205221111262e-01
1.445000000000000000e+02 1.522987966471192611e-01
1.450000000000000000e+02 1.510554978181922192e-01
1.455000000000000000e+02 1.491901744607583014e-01
1.460000000000000000e+02 1.465798723857822949e-01
1.465000000000000000e+02 1.427853296258341786e-01
1.470000000000000000e+02 1.386571254121259922e-01
1.475000000000000000e+02 1.344171507659533138e-01
1.480000000000000000e+02 1.296151019793931602e-01
1.485000000000000000e+02 1.245425196948428542e-01
1.490000000000000000e+02 1.201112321315246506e-01
1.495000000000000000e+02 1.155999399765372110e-01
1.500000000000000000e+02 1.112274551702693293e-01
1.505000000000000000e+02 1.071206232866323826e-01
1.510000000000000000e+02 1.028982749840634953e-01
1.515000000000000000e+02 9.867082361585195749e-02
1.520000000000000000e+02 9.505163366809916969e-02
1.525000000000000000e+02 9.120459810358150232e-02
1.530000000000000000e+02 8.785568862047515859e-02
1.535000000000000000e+02 8.508502417566515819e-02
1.540000000000000000e+02 8.177499259062875892e-02
1.545000000000000000e+02 7.816679977793536405e-02
1.550000000000000000e+02 7.415796218797980621e-02
1.555000000000000000e+02 7.025490014565151375e-02
1.560000000000000000e+02 6.618102627833415130e-02
1.565000000000000000e+02 6.178261100911319748e-02
1.570000000000000000e+02 5.634571878686518015e-02
1.575000000000000000e+02 5.226909007503694610e-02
1.580000000000000000e+02 4.759918678859191565e-02
1.585000000000000000e+02 4.261077227606342027e-02
1.590000000000000000e+02 3.826302516474663906e-02
1.595000000000000000e+02 3.369056746988854933e-02
1.600000000000000000e+02 2.950055062485051199e-02
1.605000000000000000e+02 2.516171519365136347e-02
1.610000000000000000e+02 2.109741737747974216e-02
1.615000000000000000e+02 1.756728093396258544e-02
1.620000000000000000e+02 1.484671874161665357e-02
1.625000000000000000e+02 1.207665230771490066e-02
1.630000000000000000e+02 1.027736431473930123e-02
1.635000000000000000e+02 8.177593105772968871e-03
1.640000000000000000e+02 6.989881904540224712e-03
1.645000000000000000e+02 5.732164053449301938e-03
1.650000000000000000e+02 4.690287752817569149e-03
1.655000000000000000e+02 4.036286486739259181e-03
1.660000000000000000e+02 3.791605812644529769e-03
1.665000000000000000e+02 3.282771316700979977e-03
1.670000000000000000e+02 3.032961566948259857e-03
1.675000000000000000e+02 2.837603274505327497e-03
1.680000000000000000e+02 2.199988701431780224e-03
1.685000000000000000e+02 1.666304420059855134e-03
1.690000000000000000e+02 1.598669381539405149e-03
1.695000000000000000e+02 1.705254754878317855e-03
1.700000000000000000e+02 1.391220675300072459e-03
1.705000000000000000e+02 1.482056589047238112e-03
1.710000000000000000e+02 1.420209145546703997e-03
1.715000000000000000e+02 1.136061554992679476e-03
1.720000000000000000e+02 8.876564650011941390e-04
1.725000000000000000e+02 9.805720076896276647e-04
1.730000000000000000e+02 8.347625711839272650e-04
1.735000000000000000e+02 5.281422421901813208e-04
1.740000000000000000e+02 4.652870012600142748e-04
1.745000000000000000e+02 2.017376297884579937e-04
1.750000000000000000e+02 2.153853362920100391e-04
1.755000000000000000e+02 4.713719732450138739e-04
1.760000000000000000e+02 2.161851052835872186e-04
1.765000000000000000e+02 5.701879012796999546e-04
1.770000000000000000e+02 2.272454028421587436e-04
1.775000000000000000e+02 6.617284593445348388e-04
1.780000000000000000e+02 4.272897943077204764e-04
1.785000000000000000e+02 4.375056714364750294e-04
1.790000000000000000e+02 7.970022828478365122e-04
1.795000000000000000e+02 7.342282632044220885e-04
1.800000000000000000e+02 4.898140725238203739e-04
1.805000000000000000e+02 9.181600577299129772e-04
1.810000000000000000e+02 1.068198004409430524e-03
1.815000000000000000e+02 1.001110943886359414e-03
1.820000000000000000e+02 9.093701179239905077e-04
1.825000000000000000e+02 1.116261153831490200e-03
1.830000000000000000e+02 1.486730639749638807e-03
1.835000000000000000e+02 1.700691205678251392e-03
1.840000000000000000e+02 1.859568693697511354e-03
1.845000000000000000e+02 1.937568754312164786e-03
1.850000000000000000e+02 2.341826620439648420e-03
1.855000000000000000e+02 2.173286914049775073e-03
1.860000000000000000e+02 2.355940173823323300e-03
1.865000000000000000e+02 2.543145751709858550e-03
1.870000000000000000e+02 2.654277923536534165e-03
1.875000000000000000e+02 2.614359332241454961e-03
1.880000000000000000e+02 2.711482631862762935e-03
1.885000000000000000e+02 2.956681743339404853e-03
1.890000000000000000e+02 2.993581603370168431e-03
1.895000000000000000e+02 3.326745881666937684e-03
1.900000000000000000e+02 2.933166410047934047e-03
1.905000000000000000e+02 2.947887435145382998e-03
1.910000000000000000e+02 3.038069874639322352e-03
1.915000000000000000e+02 3.195217280814986478e-03
1.920000000000000000e+02 2.736575146520986088e-03
1.925000000000000000e+02 3.081016870618368854e-03
1.930000000000000000e+02 2.854905383416546372e-03
1.935000000000000000e+02 2.662373317913287272e-03
1.940000000000000000e+02 2.742609148191515502e-03
1.945000000000000000e+02 3.035231452995390978e-03
1.950000000000000000e+02 2.946860882161986619e-03
1.955000000000000000e+02 2.512316093379705993e-03
1.960000000000000000e+02 2.225912451398147189e-03
1.965000000000000000e+02 1.971958158822608061e-03
1.970000000000000000e+02 1.377019834762184449e-03
1.975000000000000000e+02 1.175795229149039466e-03
1.980000000000000000e+02 9.605715095712442659e-04
1.985000000000000000e+02 7.444263524198049993e-04
1.990000000000000000e+02 6.731857390748383031e-04
1.995000000000000000e+02 5.837310725114990689e-04
2.000000000000000000e+02 4.512741793916360297e-04
2.005000000000000000e+02 5.160154364425445245e-04
2.010000000000000000e+02 4.645392980730231108e-04
2.015000000000000000e+02 3.089995694684292949e-04
2.020000000000000000e+02 4.349342959860281067e-04
2.025000000000000000e+02 1.725073790549766907e-04
2.030000000000000000e+02 2.122954085111849077e-04
2.035000000000000000e+02 3.467250392134210691e-04
2.040000000000000000e+02 6.468521514204259547e-04
2.045000000000000000e+02 -1.540077811831354088e-04
2.050000000000000000e+02 3.946189035620578249e-05
2.055000000000000000e+02 -1.120033785516945938e-04
2.060000000000000000e+02 9.046014989290426605e-05
2.065000000000000000e+02 1.238912549260745501e-04
2.070000000000000000e+02 2.332849134364147750e-05
2.075000000000000000e+02 1.710855399397775598e-04
2.080000000000000000e+02 -1.132927338153563382e-04
2.085000000000000000e+02 -7.607378522804821923e-06
2.090000000000000000e+02 5.041616014783748510e-04
2.095000000000000000e+02 4.201834053502396193e-04
2.100000000000000000e+02 1.860373558154190473e-04
2.105000000000000000e+02 1.194695318395187723e-04
2.110000000000000000e+02 -2.161400058794490483e-05
2.115000000000000000e+02 2.856640765416012715e-05
2.120000000000000000e+02 3.699994096998724226e-04
2.125000000000000000e+02 5.504525591823772627e-04
2.130000000000000000e+02 2.013509447372912068e-04
2.135000000000000000e+02 1.517863868313877227e-04
2.140000000000000000e+02 -1.715350326187984806e-04
2.145000000000000000e+02 4.465508791616860365e-04
2.150000000000000000e+02 3.283860824938062296e-04
2.155000000000000000e+02 2.697630234611752349e-04
2.160000000000000000e+02 4.042366496685890370e-04
2.165000000000000000e+02 3.379808727823248055e-04
2.170000000000000000e+02 6.376224550145247714e-04
2.175000000000000000e+02 2.628001710440959785e-04
2.180000000000000000e+02 -3.804102470128400580e-04
2.185000000000000000e+02 -1.329783386935737700e-04
2.190000000000000000e+02 -3.106223976265810025e-05
2.195000000000000000e+02 -3.279306565522957517e-04
2.200000000000000000e+02 -1.329891512630061593e-04
