1.100000000000000000e+02 4.106686855437589184e-02
1.105000000000000000e+02 -1.574003479449781820e-02
1.110000000000000000e+02 -2.813247808750811083e-02
1.115000000000000000e+02 5.683808952464280279e-02
1.120000000000000000e+02 4.336385919053305921e-02
1.125000000000000000e+02 3.485419770182063282e-02
1.130000000000000000e+02 -3.932758819820519197e-02
1.135000000000000000e+02 -8.650555042424670771e-02
1.140000000000000000e+02 8.105794066778844176e-01
1.145000000000000000e+02 4.896826473735872987e-01
1.150000000000000000e+02 4.626618585503075032e-01
1.155000000000000000e+02 4.555610650947896634e-01
1.160000000000000000e+02 4.537679348944033131e-01
1.165000000000000000e+02 4.476750299608629469e-01
1.170000000000000000e+02 4.429797043829608039e-01
1.175000000000000000e+02 4.407208363924632888e-01
1.180000000000000000e+02 4.403488638755516105e-01
1.185000000000000000e+02 4.347442398255129126e-01
1.190000000000000000e+02 4.315188250563055106e-01
1.195000000000000000e+02 4.276586453498378293e-01
1.200000000000000000e+02 4.224017595054482821e-01
1.205000000000000000e+02 4.166276117853511818e-01
1.210000000000000000e+02 4.104836400379821559e-01
1.215000000000000000e+02 4.040549656195697725e-01
1.220000000000000000e+02 3.957839942504655650e-01
1.225000000000000000e+02 3.872055645805152491e-01
1.230000000000000000e+02 3.791795739551356292e-01
1.235000000000000000e+02 3.705619678315115739e-01
1.240000000000000000e+02 3.618114989727171382e-01
1.245000000000000000e+02 3.531816848155348576e-01
1.250000000000000000e+02 3.433900806001635164e-01
1.255000000000000000e+02 3.356196917129284918e-01
1.260000000000000000e+02 3.269091173441866505e-01
1.265000000000000000e+02 3.184271246086646245e-01
1.270000000000000000e+02 3.107686128961024696e-01
1.275000000000000000e+02 3.038958540866745772e-01
1.280000000000000000e+02 2.969559061861278271e-01
1.285000000000000000e+02 2.910546660367778204e-01
1.290000000000000000e+02 2.858756534755506062e-01
1.295000000000000000e+02 2.811443288576290223e-01
1.300000000000000000e+02 2.767226270264987464e-01
1.305000000000000000e+02 2.735002666934051585e-01
1.310000000000000000e+02 2.708501532353809749e-01
1.315000000000000000e+02 2.690995244859769597e-01
1.320000000000000000e+02 2.683246315834845741e-01
1.325000000000000000e+02 2.683644708515192656e-01
1.330000000000000000e+02 2.691679378687513724e-01
1.335000000000000000e+02 2.711377410345515715e-01
1.340000000000000000e+02 2.743963138615675978e-01
1.345000000000000000e+02 2.781900607377392198e-01
1.350000000000000000e+02 2.840804606595639936e-01
1.355000000000000000e+02 2.906670874727448339e-01
1.360000000000000000e+02 2.989760314339525715e-01
1.365000000000000000e+02 3.084807758871068728e-01
1.370000000000000000e+02 3.191840326985793674e-01
1.375000000000000000e+02 3.308248436422844274e-01
1.380000000000000000e+02 3.429414019365053523e-01
1.381999999999999886e+02 3.458278881935542559e-01
1.384000000000000057e+02 3.508263345938948952e-01
1.385999999999999943e+02 3.555826593884889864e-01
1.388000000000000114e+02 3.599164392323597195e-01
1.390000000000000000e+02 3.644755499439677471e-01
1.391999999999999886e+02 3.690823261025987789e-01
1.394000000000000057e+02 3.740575922577217827e-01
1.395999999999999943e+02 3.783874717642242147e-01
1.398000000000000114e+02 3.822187070579582402e-01
1.400000000000000000e+02 3.857793514449341932e-01
1.401999999999999886e+02 3.894281319673747466e-01
1.404000000000000057e+02 3.931707358608462211e-01
1.405999999999999943e+02 3.962407598735981362e-01
1.408000000000000114e+02 3.990669012985905706e-01
1.410000000000000000e+02 4.022413925825402137e-01
1.411999999999999886e+02 4.048734592106321695e-01
1.414000000000000057e+02 4.074780933961629770e-01
1.415999999999999943e+02 4.098935348747186347e-01
1.418000000000000114e+02 4.125156013693137558e-01
1.420000000000000000e+02 4.138348623776323953e-01
1.421999999999999886e+02 4.167640255593715870e-01
1.424000000000000057e+02 4.174180040577361583e-01
1.425999999999999943e+02 4.192446906734108025e-01
1.428000000000000114e+02 4.202918305923114550e-01
1.430000000000000000e+02 4.207792018332205397e-01
1.431999999999999886e+02 4.222155285913788414e-01
1.434000000000000057e+02 4.229910179100943024e-01
1.435999999999999943e+02 4.223111835856609986e-01
1.438000000000000114e+02 4.225475518671258923e-01
1.440000000000000000e+02 4.214002207911353159e-01
1.441999999999999886e+02 4.209447676849703002e-01
1.444000000000000057e+02 4.192141921476691957e-01
1.445999999999999943e+02 4.178324323670485896e-01
1.448000000000000114e+02 4.161813296346383306e-01
1.450000000000000000e+02 4.140263932618089560e-01
1.451999999999999886e+02 4.116839827982544109e-01
1.454000000000000057e+02 4.094742767570004882e-01
1.455999999999999943e+02 4.068733356151843505e-01
1.458000000000000114e+02 4.034088331282189577e-01
1.460000000000000000e+02 3.995693517402376105e-01
1.461999999999999886e+02 3.963710962020488560e-01
1.464000000000000057e+02 3.926532043325514088e-01
1.465999999999999943e+02 3.880109964908318165e-01
1.468000000000000114e+02 3.831998545125444577e-01
1.470000000000000000e+02 3.797529644782244307e-01
1.471999999999999886e+02 3.741501218172673116e-01
1.474000000000000057e+02 3.693812592485924418e-01
1.475999999999999943e+02 3.645173143751985756e-01
1.478000000000000114e+02 3.586208567372973777e-01
1.480000000000000000e+02 3.540874603972469781e-01
1.481999999999999886e+02 3.485940018685522168e-01
1.484000000000000057e+02 3.434066217315090430e-01
1.485999999999999943e+02 3.386457358188178501e-01
1.488000000000000114e+02 3.336730777011646665e-01
1.490000000000000000e+02 3.285473109385501633e-01
1.491999999999999886e+02 3.238978689383947285e-01
1.494000000000000057e+02 3.194425732779280214e-01
1.495999999999999943e+02 3.149592847991102840e-01
1.498000000000000114e+02 3.102082851697515742e-01
1.500000000000000000e+02 3.048620511183322002e-01
1.505000000000000000e+02 2.947610392888326825e-01
1.510000000000000000e+02 2.833321943688366651e-01
1.515000000000000000e+02 2.717580621277457809e-01
1.520000000000000000e+02 2.610768874558080932e-01
1.525000000000000000e+02 2.507810956463764063e-01
1.530000000000000000e+02 2.410022529041146166e-01
1.535000000000000000e+02 2.308776061287333703e-01
1.540000000000000000e+02 2.204768772787882303e-01
1.545000000000000000e+02 2.095506458901941482e-01
1.550000000000000000e+02 1.979958023703124459e-01
1.555000000000000000e+02 1.856340043723478384e-01
1.560000000000000000e+02 1.726141837576228300e-01
1.565000000000000000e+02 1.587732275270431759e-01
1.570000000000000000e+02 1.446864467615631422e-01
1.575000000000000000e+02 1.317037881029839430e-01
1.580000000000000000e+02 1.183132895998982581e-01
1.585000000000000000e+02 1.042884736744806584e-01
1.590000000000000000e+02 9.063465951160201706e-02
1.595000000000000000e+02 7.837727445407181859e-02
1.600000000000000000e+02 6.523785795346409566e-02
1.605000000000000000e+02 5.411492566253985753e-02
1.610000000000000000e+02 4.463959924649881644e-02
1.615000000000000000e+02 3.572731732171815361e-02
1.620000000000000000e+02 2.797022387043695060e-02
1.625000000000000000e+02 2.173071183448174390e-02
1.630000000000000000e+02 1.607884657727231756e-02
1.635000000000000000e+02 1.261390609092985678e-02
1.640000000000000000e+02 8.537349219685626961e-03
1.645000000000000000e+02 5.701487190867388609e-03
1.650000000000000000e+02 3.237577622245086783e-03
1.655000000000000000e+02 1.553958826857297941e-03
1.660000000000000000e+02 5.411074319461973921e-05
1.665000000000000000e+02 -7.166539852128549128e-04
1.670000000000000000e+02 -1.814172170691031151e-03
1.675000000000000000e+02 -2.963386528727965201e-03
1.680000000000000000e+02 -4.046007780656177624e-03
1.685000000000000000e+02 -3.884094222501227774e-03
1.690000000000000000e+02 -4.603767106315800710e-03
1.695000000000000000e+02 -4.173961179451449698e-03
1.700000000000000000e+02 -4.143384599907856854e-03
1.705000000000000000e+02 -4.291606850026436284e-03
1.710000000000000000e+02 -5.193889469162123358e-03
1.715000000000000000e+02 -5.113041236269897337e-03
1.720000000000000000e+02 -5.749400091113304398e-03
1.725000000000000000e+02 -5.370257750249663418e-03
1.730000000000000000e+02 -4.978881606475086402e-03
1.735000000000000000e+02 -4.958289761977306177e-03
1.740000000000000000e+02 -5.404189485435435987e-03
1.745000000000000000e+02 -5.168543713623028994e-03
1.750000000000000000e+02 -4.402033378820376618e-03
1.755000000000000000e+02 -4.276744409389684337e-03
1.760000000000000000e+02 -4.202486568746787582e-03
1.765000000000000000e+02 -4.332901498696551182e-03
1.770000000000000000e+02 -4.207363483456421152e-03
1.775000000000000000e+02 -4.145467411293276248e-03
1.780000000000000000e+02 -3.976825111271425905e-03
1.785000000000000000e+02 -3.294005915313421868e-03
1.790000000000000000e+02 -2.792678885297279756e-03
1.795000000000000000e+02 -2.475467524445060154e-03
1.800000000000000000e+02 -2.595205277675764061e-03
1.805000000000000000e+02 -1.876397516862592573e-03
1.810000000000000000e+02 -1.207420439093523324e-03
1.815000000000000000e+02 -9.615616315204740354e-04
1.820000000000000000e+02 -1.113705838328859880e-03
1.825000000000000000e+02 -5.013148210108601998e-04
1.830000000000000000e+02 -4.077912482541736871e-04
1.835000000000000000e+02 6.257443848120370711e-04
1.840000000000000000e+02 6.858647871904692810e-04
1.845000000000000000e+02 1.437892151037419627e-03
1.850000000000000000e+02 2.511384543279893480e-03
1.855000000000000000e+02 3.421859755339739725e-03
1.860000000000000000e+02 3.708237692679381813e-03
1.865000000000000000e+02 3.505227379727396311e-03
1.870000000000000000e+02 3.534775071437658289e-03
1.875000000000000000e+02 4.744387716162522597e-03
1.880000000000000000e+02 5.167688617403519077e-03
1.885000000000000000e+02 5.290264745338164702e-03
1.890000000000000000e+02 5.914452742128234464e-03
1.895000000000000000e+02 6.047441741197273450e-03
1.900000000000000000e+02 6.272558205014635603e-03
1.905000000000000000e+02 5.997707145062485153e-03
1.910000000000000000e+02 5.799060076542021831e-03
1.915000000000000000e+02 5.714964224088473800e-03
1.920000000000000000e+02 5.854161691161829245e-03
1.925000000000000000e+02 6.089180072258081056e-03
1.930000000000000000e+02 5.616812763976904849e-03
1.935000000000000000e+02 5.654739327446192329e-03
1.940000000000000000e+02 4.756151209357868843e-03
1.945000000000000000e+02 4.049600627461922252e-03
1.950000000000000000e+02 3.068297057145530707e-03
1.955000000000000000e+02 1.331404764639680573e-03
1.960000000000000000e+02 1.119849222471718149e-03
1.965000000000000000e+02 6.758172716060000581e-04
1.970000000000000000e+02 2.429664266868345780e-04
1.975000000000000000e+02 -8.776290565484282623e-04
1.980000000000000000e+02 -7.242444253645183207e-04
1.985000000000000000e+02 -1.697934662108742084e-03
1.990000000000000000e+02 -2.435046818940024473e-03
1.995000000000000000e+02 -2.480860698457036662e-03
2.000000000000000000e+02 -1.974242888579495325e-03
2.005000000000000000e+02 -2.798585360856874898e-03
2.010000000000000000e+02 -2.592121354661961873e-03
2.015000000000000000e+02 -2.808974009532218437e-03
2.020000000000000000e+02 -2.882369423358786473e-03
2.025000000000000000e+02 -3.231630630240576833e-03
2.030000000000000000e+02 -2.835811857401191859e-03
2.035000000000000000e+02 -2.490878442300600414e-03
2.040000000000000000e+02 -2.778158537667341828e-03
2.045000000000000000e+02 -2.952536149892185866e-03
2.050000000000000000e+02 -2.816610644257951448e-03
2.055000000000000000e+02 -3.632464161151419645e-03
2.060000000000000000e+02 -2.930127678174906675e-03
2.065000000000000000e+02 -3.103193032534084551e-03
2.070000000000000000e+02 -3.029537724389809537e-03
2.075000000000000000e+02 -2.887120849370082478e-03
2.080000000000000000e+02 -2.872635372663187320e-03
2.085000000000000000e+02 -2.568411691127768775e-03
2.090000000000000000e+02 -2.824102812881090340e-03
2.095000000000000000e+02 -3.098494135202042518e-03
2.100000000000000000e+02 -2.593206571056167441e-03
2.105000000000000000e+02 -3.154580808254942286e-03
2.110000000000000000e+02 -2.586152048235512788e-03
2.115000000000000000e+02 -3.063547665783335813e-03
2.120000000000000000e+02 -3.125245258832860112e-03
2.125000000000000000e+02 -3.119630053930943885e-03
2.130000000000000000e+02 -2.963188912634773155e-03
2.135000000000000000e+02 -2.977752510944800535e-03
2.140000000000000000e+02 -3.133628018818608845e-03
2.145000000000000000e+02 -2.460095313189773845e-03
2.150000000000000000e+02 -2.430477206463301214e-03
2.155000000000000000e+02 -2.340919716441267322e-03
2.160000000000000000e+02 -2.043835523351173085e-03
2.165000000000000000e+02 -2.295318232229227352e-03
2.170000000000000000e+02 -2.179471431959673425e-03
2.175000000000000000e+02 -2.054244565811307304e-03
2.180000000000000000e+02 -2.064196171360334689e-03
2.185000000000000000e+02 -2.268730307669945996e-03
2.190000000000000000e+02 -2.248843321562381693e-03
2.195000000000000000e+02 -2.203732641069118276e-03
2.200000000000000000e+02 -2.249201110879289409e-03
