1.100000000000000000e+02 -3.811584938741987560e-01
1.105000000000000000e+02 -1.247293532761720170e-01
1.110000000000000000e+02 -3.967535954289425626e-01
1.115000000000000000e+02 -5.519646797937204363e-01
1.120000000000000000e+02 -5.641715734650275538e-01
1.125000000000000000e+02 nan
1.130000000000000000e+02 -9.893312355975464323e-01
1.135000000000000000e+02 -1.648597648101864710e+00
1.140000000000000000e+02 nan
1.145000000000000000e+02 1.036739422999915172e+00
1.150000000000000000e+02 9.475879950372095850e-01
1.155000000000000000e+02 9.033463644605455034e-01
1.160000000000000000e+02 8.937160060024981201e-01
1.165000000000000000e+02 8.793555141836714162e-01
1.170000000000000000e+02 8.791615880674464867e-01
1.175000000000000000e+02 8.740262299773178256e-01
1.180000000000000000e+02 8.630002552604595367e-01
1.185000000000000000e+02 8.601642512145308839e-01
1.190000000000000000e+02 8.522459316343085067e-01
1.195000000000000000e+02 8.439194858247183184e-01
1.200000000000000000e+02 8.307558420343742478e-01
1.205000000000000000e+02 8.208444595801019927e-01
1.210000000000000000e+02 8.053562288351808762e-01
1.215000000000000000e+02 7.959950209834204538e-01
1.220000000000000000e+02 7.790389923980769460e-01
1.225000000000000000e+02 7.617277862042109993e-01
1.230000000000000000e+02 7.433448692348849640e-01
1.235000000000000000e+02 7.264739662160786260e-01
1.240000000000000000e+02 7.076288316149381696e-01
1.245000000000000000e+02 6.889636816697018995e-01
1.250000000000000000e+02 6.702164594946120602e-01
1.255000000000000000e+02 6.524446195490177791e-01
1.260000000000000000e+02 6.353580410402758227e-01
1.265000000000000000e+02 6.190497993646658648e-01
1.270000000000000000e+02 6.041820866856922878e-01
1.275000000000000000e+02 5.903713117019007139e-01
1.280000000000000000e+02 5.786413287747493861e-01
1.285000000000000000e+02 5.676280869664130924e-01
1.290000000000000000e+02 5.582648137826518031e-01
1.295000000000000000e+02 5.507174470254788679e-01
1.300000000000000000e+02 5.457762920706332732e-01
1.305000000000000000e+02 5.418044815994846886e-01
1.310000000000000000e+02 5.402329632389749614e-01
1.315000000000000000e+02 5.401977189954689784e-01
1.320000000000000000e+02 5.421964069342436465e-01
1.325000000000000000e+02 5.468951170382718718e-01
1.330000000000000000e+02 5.539593785007399518e-01
1.335000000000000000e+02 5.630111264651568304e-01
1.340000000000000000e+02 5.751391226417382763e-01
1.345000000000000000e+02 5.894598940867720183e-01
1.350000000000000000e+02 6.060561582135783887e-01
1.355000000000000000e+02 6.253552205769220551e-01
1.360000000000000000e+02 6.471852637521856577e-01
1.365000000000000000e+02 6.713227206641798617e-01
1.370000000000000000e+02 6.976126670566099586e-01
1.375000000000000000e+02 7.266022028632745933e-01
1.380000000000000000e+02 7.565691057084362736e-01
1.381999999999999886e+02 7.684220055628604440e-01
1.384000000000000057e+02 7.803917732014183928e-01
1.385999999999999943e+02 7.913905066966674395e-01
1.388000000000000114e+02 8.031601442720059936e-01
1.390000000000000000e+02 8.144184484535232915e-01
1.391999999999999886e+02 8.245021871794816493e-01
1.394000000000000057e+02 8.352439988439019913e-01
1.395999999999999943e+02 8.448845882615115821e-01
1.398000000000000114e+02 8.537749022818038602e-01
1.400000000000000000e+02 8.621628872920721331e-01
1.401999999999999886e+02 8.701420101576780031e-01
1.404000000000000057e+02 8.773279722122097057e-01
1.405999999999999943e+02 8.834182506929900702e-01
1.408000000000000114e+02 8.889360282592327911e-01
1.410000000000000000e+02 8.941171760438046956e-01
1.411999999999999886e+02 8.989464670104135857e-01
1.414000000000000057e+02 9.024579665224443659e-01
1.415999999999999943e+02 9.060709357450001944e-01
1.418000000000000114e+02 9.092890036054804836e-01
1.420000000000000000e+02 9.121118410982375080e-01
1.421999999999999886e+02 9.146475748821889518e-01
1.424000000000000057e+02 9.163007522857377074e-01
1.425999999999999943e+02 9.178090153757302305e-01
1.428000000000000114e+02 9.187223036767990791e-01
1.430000000000000000e+02 9.191680514453042239e-01
1.431999999999999886e+02 9.188916102951251164e-01
1.434000000000000057e+02 9.185600668104222377e-01
1.435999999999999943e+02 9.163918273793403291e-01
1.438000000000000114e+02 9.146388652991331858e-01
1.440000000000000000e+02 9.109780327108280007e-01
1.441999999999999886e+02 9.069048630381224552e-01
1.444000000000000057e+02 9.021808760704118635e-01
1.445999999999999943e+02 8.968268272370931715e-01
1.448000000000000114e+02 8.914513889639251731e-01
1.450000000000000000e+02 8.849278434317330300e-01
1.451999999999999886e+02 8.780696943620102113e-01
1.454000000000000057e+02 8.701939084865903951e-01
1.455999999999999943e+02 8.618669999786928715e-01
1.458000000000000114e+02 8.530521633612958565e-01
1.460000000000000000e+02 8.434978215700849047e-01
1.461999999999999886e+02 8.338658286370277395e-01
1.464000000000000057e+02 8.227783785107692927e-01
1.465999999999999943e+02 8.116742295883029312e-01
1.468000000000000114e+02 8.003427545503775109e-01
1.470000000000000000e+02 7.882596502687095885e-01
1.471999999999999886e+02 7.757253375894063163e-01
1.474000000000000057e+02 7.624269754868280291e-01
1.475999999999999943e+02 7.494835862516623370e-01
1.478000000000000114e+02 7.362391006943639349e-01
1.480000000000000000e+02 7.231441141718710774e-01
1.481999999999999886e+02 7.098160733558537272e-01
1.484000000000000057e+02 6.976697694511084791e-01
1.485999999999999943e+02 6.858545515898102352e-01
1.488000000000000114e+02 6.744834953856598814e-01
1.490000000000000000e+02 6.632506453940173463e-01
1.491999999999999886e+02 6.525841144522405157e-01
1.494000000000000057e+02 6.413565196611831221e-01
1.495999999999999943e+02 6.305820823164348665e-01
1.498000000000000114e+02 6.194825600087541240e-01
1.500000000000000000e+02 6.094642267906893451e-01
1.505000000000000000e+02 5.841516709301749488e-01
1.510000000000000000e+02 5.583890816747633101e-01
1.515000000000000000e+02 5.333331020745262219e-01
1.520000000000000000e+02 5.095157688946622132e-01
1.525000000000000000e+02 4.874016069892689873e-01
1.530000000000000000e+02 4.673432622743002307e-01
1.535000000000000000e+02 4.470292604539843895e-01
1.540000000000000000e+02 4.264719789402083294e-01
1.545000000000000000e+02 4.038904285127926097e-01
1.550000000000000000e+02 3.806326269789323535e-01
1.555000000000000000e+02 3.571372585528174159e-01
1.560000000000000000e+02 3.317306107577339125e-01
1.565000000000000000e+02 3.062543730081544457e-01
1.570000000000000000e+02 2.806311799622648318e-01
1.575000000000000000e+02 2.548616602714779966e-01
1.580000000000000000e+02 2.289965935708693223e-01
1.585000000000000000e+02 2.026122221653575695e-01
1.590000000000000000e+02 1.766216384927102589e-01
1.595000000000000000e+02 1.516405476586297207e-01
1.600000000000000000e+02 1.275655487539444632e-01
1.605000000000000000e+02 1.053541225997875197e-01
1.610000000000000000e+02 8.580001816943924609e-02
1.615000000000000000e+02 6.880969270121688186e-02
1.620000000000000000e+02 5.407575205831212373e-02
1.625000000000000000e+02 4.218753725869944099e-02
1.630000000000000000e+02 3.280828089026119332e-02
1.635000000000000000e+02 2.475014798194616339e-02
1.640000000000000000e+02 1.872060397244631677e-02
1.645000000000000000e+02 1.398034662777006797e-02
1.650000000000000000e+02 1.088194140014060556e-02
1.655000000000000000e+02 7.892014549379646957e-03
1.660000000000000000e+02 5.471647762448253460e-03
1.665000000000000000e+02 4.418324746567987502e-03
1.670000000000000000e+02 3.157943483263071349e-03
1.675000000000000000e+02 2.427840660062107955e-03
1.680000000000000000e+02 1.712069042295443063e-03
1.685000000000000000e+02 1.184393532984938683e-03
1.690000000000000000e+02 6.267053620775275445e-04
1.695000000000000000e+02 6.612487156318054646e-04
1.700000000000000000e+02 7.089462180061297620e-04
1.705000000000000000e+02 4.183630545615830000e-04
1.710000000000000000e+02 5.253212596777285734e-04
1.715000000000000000e+02 2.863721367697895197e-04
1.720000000000000000e+02 2.680363457705015184e-05
1.725000000000000000e+02 6.699599871887591514e-04
1.730000000000000000e+02 -5.323531685850534323e-05
1.735000000000000000e+02 3.097629987069930205e-04
1.740000000000000000e+02 1.157756843507599346e-04
1.745000000000000000e+02 3.535775572695154653e-04
1.750000000000000000e+02 9.077522873120837978e-04
1.755000000000000000e+02 8.381940871317377023e-04
1.760000000000000000e+02 1.105471463568222668e-03
1.765000000000000000e+02 9.362055576303590556e-04
1.770000000000000000e+02 1.656120169755373461e-03
1.775000000000000000e+02 1.564439590158620908e-03
1.780000000000000000e+02 2.046219137081804838e-03
1.785000000000000000e+02 2.629923079040592370e-03
1.790000000000000000e+02 2.623324366500363707e-03
1.795000000000000000e+02 2.886077636898890311e-03
1.800000000000000000e+02 3.232643800425547779e-03
1.805000000000000000e+02 3.177369486237665349e-03
1.810000000000000000e+02 4.360056541409414871e-03
1.815000000000000000e+02 5.533549420952891922e-03
1.820000000000000000e+02 5.387666837983138765e-03
1.825000000000000000e+02 5.966749766694200673e-03
1.830000000000000000e+02 6.475155685006778530e-03
1.835000000000000000e+02 6.957059966894207741e-03
1.840000000000000000e+02 7.152151167234505579e-03
1.845000000000000000e+02 7.219271254708748212e-03
1.850000000000000000e+02 7.458826319328362361e-03
1.855000000000000000e+02 8.417525532329491605e-03
1.860000000000000000e+02 8.463347910722278378e-03
1.865000000000000000e+02 9.443494792989145029e-03
1.870000000000000000e+02 9.514704379567114415e-03
1.875000000000000000e+02 9.485860501327696842e-03
1.880000000000000000e+02 1.041627973254726468e-02
1.885000000000000000e+02 1.061117435714556238e-02
1.890000000000000000e+02 1.089129177060474234e-02
1.895000000000000000e+02 1.099585285862971981e-02
1.900000000000000000e+02 1.082592347967422340e-02
1.905000000000000000e+02 1.055940738156643972e-02
1.910000000000000000e+02 1.061033956392582432e-02
1.915000000000000000e+02 1.076414661026251288e-02
1.920000000000000000e+02 1.023543214216345205e-02
1.925000000000000000e+02 1.060736422523976367e-02
1.930000000000000000e+02 9.989917669777189507e-03
1.935000000000000000e+02 9.962346371386062924e-03
1.940000000000000000e+02 9.673055178434857015e-03
1.945000000000000000e+02 8.760873195270182587e-03
1.950000000000000000e+02 8.150267624045776094e-03
1.955000000000000000e+02 7.299419641110443946e-03
1.960000000000000000e+02 6.389392112879570956e-03
1.965000000000000000e+02 5.767473167555832447e-03
1.970000000000000000e+02 5.024142043578958688e-03
1.975000000000000000e+02 4.432205465001627306e-03
1.980000000000000000e+02 3.829429689318313446e-03
1.985000000000000000e+02 2.667745322894526233e-03
1.990000000000000000e+02 2.262588272658875785e-03
1.995000000000000000e+02 1.014266989633015072e-03
2.000000000000000000e+02 1.341059826249580821e-03
2.005000000000000000e+02 7.719229086884833724e-04
2.010000000000000000e+02 1.066830006253519352e-03
2.015000000000000000e+02 3.699325491930116594e-04
2.020000000000000000e+02 -5.168213898938607179e-05
2.025000000000000000e+02 2.433095828228709764e-04
2.030000000000000000e+02 7.747554189814708197e-05
2.035000000000000000e+02 2.206209849382032744e-04
2.040000000000000000e+02 -1.113405571398476721e-04
2.045000000000000000e+02 -2.396965383380155400e-04
2.050000000000000000e+02 7.526983512307850658e-05
2.055000000000000000e+02 -9.365347935960477519e-04
2.060000000000000000e+02 -1.252140354115420637e-04
2.065000000000000000e+02 -3.748077553761878199e-04
2.070000000000000000e+02 -1.903647831384940991e-04
2.075000000000000000e+02 -1.539532574433385330e-04
2.080000000000000000e+02 -5.968718936463833589e-04
2.085000000000000000e+02 -3.997060277741394316e-04
2.090000000000000000e+02 -1.310663792032764133e-04
2.095000000000000000e+02 -2.786791507796187637e-04
2.100000000000000000e+02 -1.200902542813263118e-04
2.105000000000000000e+02 -5.224897290473791119e-04
2.110000000000000000e+02 -2.051256624939876594e-04
2.115000000000000000e+02 -4.895779181437475997e-04
2.120000000000000000e+02 -7.779309552176532131e-05
2.125000000000000000e+02 -4.531398691011950634e-04
2.130000000000000000e+02 -5.230114264414984166e-04
2.135000000000000000e+02 -3.938728856520922177e-04
2.140000000000000000e+02 -5.393084699185899961e-04
2.145000000000000000e+02 -5.339542462000775817e-04
2.150000000000000000e+02 -6.975421487247318543e-04
2.155000000000000000e+02 -4.529017369640644464e-04
2.160000000000000000e+02 -2.897244271217479564e-04
2.165000000000000000e+02 9.514802728183718069e-05
2.170000000000000000e+02 4.617203392800205185e-04
2.175000000000000000e+02 5.563678914991698364e-04
2.180000000000000000e+02 4.666105493497399123e-04
2.185000000000000000e+02 7.157437842819272924e-04
2.190000000000000000e+02 2.273958522048320123e-04
2.195000000000000000e+02 4.072957726866311594e-04
2.200000000000000000e+02 2.964626242229843325e-04
