1.100000000000000000e+02 -3.502754806765074891e-01
1.105000000000000000e+02 -2.110799963636323662e-01
1.110000000000000000e+02 -4.506845350568318698e-01
1.115000000000000000e+02 -5.414416405914670438e-01
1.120000000000000000e+02 -5.064045910692456243e-01
1.125000000000000000e+02 nan
1.130000000000000000e+02 -9.495270660464727452e-01
1.135000000000000000e+02 -1.566441069096012217e+00
1.140000000000000000e+02 4.216542250677852155e-01
1.145000000000000000e+02 2.034325108786234626e-01
1.150000000000000000e+02 1.929317595927475260e-01
1.155000000000000000e+02 1.889269337063722853e-01
1.160000000000000000e+02 1.888385705552598770e-01
1.165000000000000000e+02 1.870588188552278208e-01
1.170000000000000000e+02 1.857173329527099515e-01
1.175000000000000000e+02 1.834490244781150914e-01
1.180000000000000000e+02 1.806713524578860419e-01
1.185000000000000000e+02 1.813590489079085488e-01
1.190000000000000000e+02 1.800923048814738192e-01
1.195000000000000000e+02 1.782132215068207015e-01
1.200000000000000000e+02 1.761405771803072617e-01
1.205000000000000000e+02 1.731755573886149813e-01
1.210000000000000000e+02 1.704229313544906588e-01
1.215000000000000000e+02 1.678236121988596063e-01
1.220000000000000000e+02 1.643276041699346379e-01
1.225000000000000000e+02 1.612617888219683993e-01
1.230000000000000000e+02 1.561781411798812413e-01
1.235000000000000000e+02 1.526017388845843925e-01
1.240000000000000000e+02 1.487685169695210641e-01
1.245000000000000000e+02 1.440575289589483277e-01
1.250000000000000000e+02 1.398196210644503668e-01
1.255000000000000000e+02 1.359166699485585550e-01
1.260000000000000000e+02 1.322670093341438147e-01
1.265000000000000000e+02 1.281410907789255482e-01
1.270000000000000000e+02 1.250058019053631453e-01
1.275000000000000000e+02 1.219079715728329238e-01
1.280000000000000000e+02 1.191876100376200870e-01
1.285000000000000000e+02 1.169859915440867870e-01
1.290000000000000000e+02 1.153119527269825390e-01
1.295000000000000000e+02 1.134960032154763987e-01
1.300000000000000000e+02 1.123759576483258638e-01
1.305000000000000000e+02 1.118196886817788838e-01
1.310000000000000000e+02 1.113625781704690315e-01
1.315000000000000000e+02 1.115766437510262443e-01
1.320000000000000000e+02 1.124586213304885340e-01
1.325000000000000000e+02 1.139343572367429447e-01
1.330000000000000000e+02 1.158241978285933227e-01
1.335000000000000000e+02 1.181826073442891062e-01
1.340000000000000000e+02 1.213173184734881171e-01
1.345000000000000000e+02 1.251139201169590431e-01
1.350000000000000000e+02 1.290590656699845407e-01
1.355000000000000000e+02 1.341787723168842983e-01
1.360000000000000000e+02 1.399015617308368709e-01
1.365000000000000000e+02 1.457650812509425631e-01
1.370000000000000000e+02 1.525614518806737152e-01
1.375000000000000000e+02 1.599350447939976716e-01
1.380000000000000000e+02 1.676363879276514535e-01
1.381999999999999886e+02 1.706795971839780157e-01
1.384000000000000057e+02 1.734850866674149950e-01
1.385999999999999943e+02 1.763813332547374824e-01
1.388000000000000114e+02 1.794942287478551723e-01
1.390000000000000000e+02 1.829673729166726992e-01
1.391999999999999886e+02 1.857554945907439192e-01
1.394000000000000057e+02 1.885143417015666123e-01
1.395999999999999943e+02 1.907017025895164919e-01
1.398000000000000114e+02 1.937345423548333945e-01
1.400000000000000000e+02 1.966209721749199724e-01
1.401999999999999886e+02 1.985658141171272872e-01
1.404000000000000057e+02 2.006672720984460090e-01
1.405999999999999943e+02 2.027719843101398745e-01
1.408000000000000114e+02 2.044271285458390264e-01
1.410000000000000000e+02 2.059518854593733461e-01
1.411999999999999886e+02 2.076275015026601278e-01
1.414000000000000057e+02 2.085370696381939892e-01
1.415999999999999943e+02 2.102270042814592399e-01
1.418000000000000114e+02 2.115148707622377666e-01
1.420000000000000000e+02 2.128519657239894280e-01
1.421999999999999886e+02 2.139770138842828351e-01
1.424000000000000057e+02 2.150708004880235169e-01
1.425999999999999943e+02 2.158672567049833013e-01
1.428000000000000114e+02 2.165441782266619153e-01
1.430000000000000000e+02 2.176582875945209106e-01
1.431999999999999886e+02 2.179672834379331181e-01
1.434000000000000057e+02 2.186119728016737151e-01
1.435999999999999943e+02 2.182307937614996751e-01
1.438000000000000114e+02 2.189109768963252711e-01
1.440000000000000000e+02 2.180303702887501638e-01
1.441999999999999886e+02 2.176266623496915242e-01
1.444000000000000057e+02 2.168417184821206656e-01
1.445999999999999943e+02 2.161166962791851442e-01
1.448000000000000114e+02 2.158625682940955026e-01
1.450000000000000000e+02 2.148498627633511626e-01
1.451999999999999886e+02 2.135358938317038768e-01
1.454000000000000057e+02 2.122678561560377708e-01
1.455999999999999943e+02 2.104899115470644788e-01
1.458000000000000114e+02 2.087159442834472800e-01
1.460000000000000000e+02 2.065825479354320982e-01
1.461999999999999886e+02 2.051850434484349672e-01
1.464000000000000057e+02 2.032398164578119171e-01
1.465999999999999943e+02 2.007022294145087704e-01
1.468000000000000114e+02 1.982843477045496128e-01
1.470000000000000000e+02 1.955349060981322051e-01
1.471999999999999886e+02 1.929099118811419267e-01
1.474000000000000057e+02 1.900452144380379849e-01
1.475999999999999943e+02 1.870592308857406405e-01
1.478000000000000114e+02 1.845558743843790372e-01
1.480000000000000000e+02 1.811965894830994683e-01
1.481999999999999886e+02 1.779302829234809535e-01
1.484000000000000057e+02 1.751858317780056462e-01
1.485999999999999943e+02 1.719999338576680137e-01
1.488000000000000114e+02 1.700405206870429786e-01
1.490000000000000000e+02 1.672655024647190236e-01
1.491999999999999886e+02 1.652709777014600423e-01
1.494000000000000057e+02 1.628043819231958789e-01
1.495999999999999943e+02 1.607240553444245212e-01
1.498000000000000114e+02 1.580869261252095537e-01
1.500000000000000000e+02 1.564365304396501399e-01
1.505000000000000000e+02 1.526572265583195642e-01
1.510000000000000000e+02 1.467139496666655385e-01
1.515000000000000000e+02 1.411143102523948756e-01
1.520000000000000000e+02 1.359111835374659238e-01
1.525000000000000000e+02 1.309406097483404585e-01
1.530000000000000000e+02 1.262261324427360609e-01
1.535000000000000000e+02 1.220353591917542752e-01
1.540000000000000000e+02 1.170371785488398542e-01
1.545000000000000000e+02 1.122382818409892041e-01
1.550000000000000000e+02 1.066491714352312825e-01
1.555000000000000000e+02 1.014014331182400697e-01
1.560000000000000000e+02 9.563772512229407052e-02
1.565000000000000000e+02 8.931775415690675068e-02
1.570000000000000000e+02 8.337563499122960242e-02
1.575000000000000000e+02 7.722337995015240986e-02
1.580000000000000000e+02 7.048752742419001072e-02
1.585000000000000000e+02 6.408221305256260603e-02
1.590000000000000000e+02 5.794059484644174113e-02
1.595000000000000000e+02 5.114246582692570653e-02
1.600000000000000000e+02 4.461262997770115007e-02
1.605000000000000000e+02 3.856240461245664247e-02
1.610000000000000000e+02 3.326020579508914138e-02
1.615000000000000000e+02 2.872529186908227838e-02
1.620000000000000000e+02 2.412258239895813741e-02
1.625000000000000000e+02 2.094286377808310048e-02
1.630000000000000000e+02 1.794190005673387128e-02
1.635000000000000000e+02 1.537028380446313174e-02
1.640000000000000000e+02 1.332508592513527088e-02
1.645000000000000000e+02 1.209718478429768797e-02
1.650000000000000000e+02 1.030135399090719578e-02
1.655000000000000000e+02 9.716796215067097578e-03
1.660000000000000000e+02 8.872681416240264796e-03
1.665000000000000000e+02 8.289299769620095057e-03
1.670000000000000000e+02 7.859708790875923751e-03
1.675000000000000000e+02 7.574145148089591814e-03
1.680000000000000000e+02 6.939603675468821418e-03
1.685000000000000000e+02 6.845211893345927098e-03
1.690000000000000000e+02 6.358449842168909655e-03
1.695000000000000000e+02 6.485361916455518495e-03
1.700000000000000000e+02 6.340597339283026053e-03
1.705000000000000000e+02 5.773950835020537006e-03
1.710000000000000000e+02 6.046032465298744642e-03
1.715000000000000000e+02 6.355815563719073059e-03
1.720000000000000000e+02 5.703285708280336069e-03
1.725000000000000000e+02 5.983107314543104766e-03
1.730000000000000000e+02 5.497125027167591368e-03
1.735000000000000000e+02 5.695964450612049819e-03
1.740000000000000000e+02 5.563627188609433435e-03
1.745000000000000000e+02 5.560076209190177934e-03
1.750000000000000000e+02 5.968458550767986176e-03
1.755000000000000000e+02 5.738134036113549420e-03
1.760000000000000000e+02 5.680137813991027393e-03
1.765000000000000000e+02 5.830635034623273677e-03
1.770000000000000000e+02 5.514645025484347582e-03
1.775000000000000000e+02 6.047201426360021385e-03
1.780000000000000000e+02 5.869373563359284347e-03
1.785000000000000000e+02 6.371390320194163064e-03
1.790000000000000000e+02 5.934538966055875539e-03
1.795000000000000000e+02 6.127501844746354072e-03
1.800000000000000000e+02 6.256532646070858683e-03
1.805000000000000000e+02 5.908978434966256216e-03
1.810000000000000000e+02 6.950497259361186966e-03
1.815000000000000000e+02 7.319662367896537236e-03
1.820000000000000000e+02 7.178381012663007099e-03
1.825000000000000000e+02 8.145798421954819277e-03
1.830000000000000000e+02 7.748867113640015361e-03
1.835000000000000000e+02 7.941858458949515101e-03
1.840000000000000000e+02 7.702054316447820050e-03
1.845000000000000000e+02 7.897222039840324365e-03
1.850000000000000000e+02 7.626307066286168966e-03
1.855000000000000000e+02 8.412452520703675440e-03
1.860000000000000000e+02 8.274254943520202923e-03
1.865000000000000000e+02 8.581680978046884317e-03
1.870000000000000000e+02 8.701491300258965694e-03
1.875000000000000000e+02 8.160083866065608385e-03
1.880000000000000000e+02 7.924714709124518891e-03
1.885000000000000000e+02 8.291609150467959405e-03
1.890000000000000000e+02 8.443327018124544003e-03
1.895000000000000000e+02 8.151754713210135686e-03
1.900000000000000000e+02 8.927916661129655512e-03
1.905000000000000000e+02 8.355787686334215092e-03
1.910000000000000000e+02 8.243122645653060826e-03
1.915000000000000000e+02 8.571284149759697893e-03
1.920000000000000000e+02 7.710347400053144465e-03
1.925000000000000000e+02 8.241121458028478550e-03
1.930000000000000000e+02 8.349482805760742934e-03
1.935000000000000000e+02 8.329805970428162329e-03
1.940000000000000000e+02 8.176427924904087347e-03
1.945000000000000000e+02 7.224695972179159820e-03
1.950000000000000000e+02 6.967510163587724639e-03
1.955000000000000000e+02 6.946928338495508316e-03
1.960000000000000000e+02 6.350416462113492658e-03
1.965000000000000000e+02 6.217431291598336449e-03
1.970000000000000000e+02 6.243075911444758916e-03
1.975000000000000000e+02 6.271416622811123998e-03
1.980000000000000000e+02 6.201141616116620688e-03
1.985000000000000000e+02 6.033980489026734458e-03
1.990000000000000000e+02 5.435584723849864845e-03
1.995000000000000000e+02 5.037554642967057711e-03
2.000000000000000000e+02 5.280970878890034817e-03
2.005000000000000000e+02 4.982222533635892112e-03
2.010000000000000000e+02 5.326735808786795326e-03
2.015000000000000000e+02 5.110165508904842592e-03
2.020000000000000000e+02 4.706086000661214089e-03
2.025000000000000000e+02 4.753346637777430134e-03
2.030000000000000000e+02 4.852191739016905453e-03
2.035000000000000000e+02 4.785196965820117700e-03
2.040000000000000000e+02 5.043380967976343263e-03
2.045000000000000000e+02 4.873537290870939148e-03
2.050000000000000000e+02 5.061424668566748102e-03
2.055000000000000000e+02 4.502278318434635614e-03
2.060000000000000000e+02 4.785361913685439068e-03
2.065000000000000000e+02 4.465813290543817204e-03
2.070000000000000000e+02 4.690014751704531248e-03
2.075000000000000000e+02 4.834140060115116669e-03
2.080000000000000000e+02 4.255556332060293073e-03
2.085000000000000000e+02 4.545324607739625877e-03
2.090000000000000000e+02 4.632832045028053257e-03
2.095000000000000000e+02 4.646691024775919700e-03
2.100000000000000000e+02 4.577555838121003667e-03
2.105000000000000000e+02 4.421256331650832809e-03
2.110000000000000000e+02 4.647887302761701846e-03
2.115000000000000000e+02 4.334327815211490992e-03
2.120000000000000000e+02 4.453384917949672339e-03
2.125000000000000000e+02 4.569656253063530266e-03
2.130000000000000000e+02 4.301365077733523314e-03
2.135000000000000000e+02 4.370059900316688312e-03
2.140000000000000000e+02 4.161413141710623362e-03
2.145000000000000000e+02 4.421739054332624388e-03
2.150000000000000000e+02 3.976144987373741828e-03
2.155000000000000000e+02 4.202361099811545257e-03
2.160000000000000000e+02 4.773273505795648172e-03
2.165000000000000000e+02 4.766566780577649251e-03
2.170000000000000000e+02 4.978037423989753289e-03
2.175000000000000000e+02 5.107571302463293980e-03
2.180000000000000000e+02 4.963604421847390286e-03
2.185000000000000000e+02 5.159233611304807170e-03
2.190000000000000000e+02 5.150012640316157554e-03
2.195000000000000000e+02 5.164407130044314058e-03
2.200000000000000000e+02 5.245803226359392439e-03
