1.100000000000000000e+02 nan
1.105000000000000000e+02 4.585089485963127903e-02
1.110000000000000000e+02 2.452271566042450029e-02
1.115000000000000000e+02 8.845658223119147456e-02
1.120000000000000000e+02 6.396644664406417324e-02
1.125000000000000000e+02 5.870596961349055370e-02
1.130000000000000000e+02 3.571806243142702786e-02
1.135000000000000000e+02 -3.214467874508854153e-03
1.140000000000000000e+02 nan
1.145000000000000000e+02 4.166936737439326799e-01
1.150000000000000000e+02 3.827277653873615848e-01
1.155000000000000000e+02 3.825229206350401201e-01
1.160000000000000000e+02 3.777339612725825191e-01
1.165000000000000000e+02 3.773003550360913838e-01
1.170000000000000000e+02 3.745901912691778635e-01
1.175000000000000000e+02 3.706936348394219150e-01
1.180000000000000000e+02 3.720757760247591639e-01
1.185000000000000000e+02 3.669541285221484817e-01
1.190000000000000000e+02 3.640953787852884704e-01
1.195000000000000000e+02 3.618877672837081394e-01
1.200000000000000000e+02 3.587545484239860749e-01
1.205000000000000000e+02 3.544010881548110281e-01
1.210000000000000000e+02 3.496039661364360174e-01
1.215000000000000000e+02 3.448878422829886325e-01
1.220000000000000000e+02 3.378209146836457788e-01
1.225000000000000000e+02 3.307489852309115075e-01
1.230000000000000000e+02 3.224221899513651235e-01
1.235000000000000000e+02 3.140921531539914713e-01
1.240000000000000000e+02 3.074137393201095692e-01
1.245000000000000000e+02 2.973308364522354030e-01
1.250000000000000000e+02 2.889379373048321931e-01
1.255000000000000000e+02 2.806263893085333971e-01
1.260000000000000000e+02 2.720531950024805412e-01
1.265000000000000000e+02 2.640183736665241976e-01
1.270000000000000000e+02 2.573065739711867805e-01
1.275000000000000000e+02 2.506790882146410770e-01
1.280000000000000000e+02 2.447769930474442968e-01
1.285000000000000000e+02 2.397577949877401637e-01
1.290000000000000000e+02 2.359408425972071288e-01
1.295000000000000000e+02 2.328817437214555086e-01
1.300000000000000000e+02 2.303791930448393643e-01
1.305000000000000000e+02 2.287907660305147362e-01
1.310000000000000000e+02 2.278643567636612355e-01
1.315000000000000000e+02 2.282130272829547279e-01
1.320000000000000000e+02 2.297855009498147583e-01
1.325000000000000000e+02 2.319688268193937086e-01
1.330000000000000000e+02 2.355327400529548532e-01
1.335000000000000000e+02 2.403537143230085882e-01
1.340000000000000000e+02 2.465723844962522948e-01
1.345000000000000000e+02 2.535226083912908712e-01
1.350000000000000000e+02 2.619752511360857183e-01
1.355000000000000000e+02 2.713356905616273740e-01
1.360000000000000000e+02 2.821251487654761192e-01
1.365000000000000000e+02 2.931926736259132249e-01
1.370000000000000000e+02 3.058632208842832489e-01
1.375000000000000000e+02 3.198592290800809645e-01
1.380000000000000000e+02 3.341378925657441101e-01
1.385000000000000000e+02 3.487606219859056833e-01
1.390000000000000000e+02 3.629056201887864708e-01
1.395000000000000000e+02 3.758107372959963444e-01
1.400000000000000000e+02 3.873277438587807153e-01
1.405000000000000000e+02 3.966887695157603200e-01
1.410000000000000000e+02 4.038099992256768411e-01
1.415000000000000000e+02 4.089783316024091508e-01
1.420000000000000000e+02 4.126836280897041020e-01
1.425000000000000000e+02 4.150018280994967057e-01
1.430000000000000000e+02 4.162113939123323614e-01
1.435000000000000000e+02 4.156863699567217019e-01
1.440000000000000000e+02 4.134196128588049635e-01
1.445000000000000000e+02 4.092589367493585928e-01
1.450000000000000000e+02 4.035413199195873046e-01
1.455000000000000000e+02 3.959319409437945247e-01
1.460000000000000000e+02 3.868893852333897265e-01
1.465000000000000000e+02 3.758487442500151876e-01
1.470000000000000000e+02 3.631986077630841026e-01
1.475000000000000000e+02 3.492479810571427756e-01
1.480000000000000000e+02 3.344059703158379082e-01
1.485000000000000000e+02 3.206965213194238884e-01
1.490000000000000000e+02 3.075552656011618646e-01
1.495000000000000000e+02 2.951141690693732111e-01
1.500000000000000000e+02 2.825950408205920583e-01
1.505000000000000000e+02 2.702095696389920088e-01
1.510000000000000000e+02 2.585518286550652634e-01
1.515000000000000000e+02 2.464320224748013655e-01
1.520000000000000000e+02 2.355265630596209137e-01
1.525000000000000000e+02 2.254499767925467746e-01
1.530000000000000000e+02 2.161683238901510873e-01
1.535000000000000000e+02 2.076168463712421419e-01
1.540000000000000000e+02 1.987248495401852388e-01
1.545000000000000000e+02 1.892432759891165273e-01
1.550000000000000000e+02 1.796655024628566744e-01
1.555000000000000000e+02 1.696238077012107437e-01
1.560000000000000000e+02 1.589787953082075489e-01
1.565000000000000000e+02 1.482747045973067945e-01
1.570000000000000000e+02 1.372914917287783310e-01
1.575000000000000000e+02 1.266648857652466487e-01
1.580000000000000000e+02 1.153370843662463868e-01
1.585000000000000000e+02 1.039638672322213131e-01
1.590000000000000000e+02 9.224324619896155653e-02
1.595000000000000000e+02 8.103451231963640367e-02
1.600000000000000000e+02 6.997809117521572309e-02
1.605000000000000000e+02 5.952759507397430844e-02
1.610000000000000000e+02 4.968753899476522490e-02
1.615000000000000000e+02 4.080103635464853162e-02
1.620000000000000000e+02 3.296035065161883465e-02
1.625000000000000000e+02 2.620253909023930253e-02
1.630000000000000000e+02 2.049707439911710449e-02
1.635000000000000000e+02 1.587851007313229382e-02
1.640000000000000000e+02 1.189598309703310611e-02
1.645000000000000000e+02 8.948957035721041148e-03
1.650000000000000000e+02 6.299097576005659865e-03
1.655000000000000000e+02 4.080389441334500433e-03
1.660000000000000000e+02 2.418892069741067265e-03
1.665000000000000000e+02 1.210652324634427192e-03
1.670000000000000000e+02 9.366929893802285515e-05
1.675000000000000000e+02 -6.691989893980895788e-04
1.680000000000000000e+02 -1.230205534393663059e-03
1.685000000000000000e+02 -2.143864943584676205e-03
1.690000000000000000e+02 -2.784947882638660367e-03
1.695000000000000000e+02 -3.001662044362576106e-03
1.700000000000000000e+02 -3.311235740317273676e-03
1.705000000000000000e+02 -3.617734216954551600e-03
1.710000000000000000e+02 -4.212588580236452385e-03
1.715000000000000000e+02 -4.463019546039274921e-03
1.720000000000000000e+02 -4.868048848181367842e-03
1.725000000000000000e+02 -4.723209967085520954e-03
1.730000000000000000e+02 -4.857825602255822980e-03
1.735000000000000000e+02 -4.976177429390432963e-03
1.740000000000000000e+02 -5.082459906833278716e-03
1.745000000000000000e+02 -5.133258644192487466e-03
1.750000000000000000e+02 -5.087995890861033051e-03
1.755000000000000000e+02 -5.116523417636124026e-03
1.760000000000000000e+02 -4.870301699109908476e-03
1.765000000000000000e+02 -5.027236275054835710e-03
1.770000000000000000e+02 -4.278127544608174154e-03
1.775000000000000000e+02 -4.288492941107413005e-03
1.780000000000000000e+02 -4.544443066827046074e-03
1.785000000000000000e+02 -4.272242445119481952e-03
1.790000000000000000e+02 -3.923166359851252595e-03
1.795000000000000000e+02 -3.929146723804459625e-03
1.800000000000000000e+02 -3.880816805913569426e-03
1.805000000000000000e+02 -3.632110327120923691e-03
1.810000000000000000e+02 -3.555786099820807886e-03
1.815000000000000000e+02 -3.492863501946638031e-03
1.820000000000000000e+02 -3.360616756276743784e-03
1.825000000000000000e+02 -3.348474920865208027e-03
1.830000000000000000e+02 -3.343500064797424488e-03
1.835000000000000000e+02 -3.122522421564351541e-03
1.840000000000000000e+02 -3.192558893276924506e-03
1.845000000000000000e+02 -2.950105672435416986e-03
1.850000000000000000e+02 -2.713187401333981390e-03
1.855000000000000000e+02 -2.502421523488324202e-03
1.860000000000000000e+02 -2.694743329502885792e-03
1.865000000000000000e+02 -2.259818291473355677e-03
1.870000000000000000e+02 -2.031448376296266650e-03
1.875000000000000000e+02 -1.804064263810340298e-03
1.880000000000000000e+02 -1.687998841724732899e-03
1.885000000000000000e+02 -1.769911693975973572e-03
1.890000000000000000e+02 -1.831784078184786049e-03
1.895000000000000000e+02 -1.903188522786854273e-03
1.900000000000000000e+02 -1.977066910471138566e-03
1.905000000000000000e+02 -1.765380848733730853e-03
1.910000000000000000e+02 -1.771651358556166050e-03
1.915000000000000000e+02 -1.771426140894369512e-03
1.920000000000000000e+02 -1.775927945664785906e-03
1.925000000000000000e+02 -1.834405795481862562e-03
1.930000000000000000e+02 -1.703867424133663488e-03
1.935000000000000000e+02 -1.847977850306820394e-03
1.940000000000000000e+02 -1.768979857340564595e-03
1.945000000000000000e+02 -1.899012861616659149e-03
1.950000000000000000e+02 -1.982007750621347236e-03
1.955000000000000000e+02 -1.992413672281761680e-03
1.960000000000000000e+02 -2.317126119562735662e-03
1.965000000000000000e+02 -2.408906004035464392e-03
1.970000000000000000e+02 -2.392357896085422781e-03
1.975000000000000000e+02 -3.087074344901743865e-03
1.980000000000000000e+02 -3.368486649224394693e-03
1.985000000000000000e+02 -3.814381192054362366e-03
1.990000000000000000e+02 -3.906242263049400712e-03
1.995000000000000000e+02 -4.519017798441108541e-03
2.000000000000000000e+02 -4.671789598237428322e-03
2.005000000000000000e+02 -4.765542638555569747e-03
2.010000000000000000e+02 -5.196940834598625172e-03
2.015000000000000000e+02 -5.174715169670023561e-03
2.020000000000000000e+02 -5.366353239239477976e-03
2.025000000000000000e+02 -5.083170930285449071e-03
2.030000000000000000e+02 -5.318020135061853754e-03
2.035000000000000000e+02 -5.553328119531370649e-03
2.040000000000000000e+02 -5.565599454093265661e-03
2.045000000000000000e+02 -5.748072286797707882e-03
2.050000000000000000e+02 -5.737798044416262018e-03
2.055000000000000000e+02 -5.507918799873516916e-03
2.060000000000000000e+02 -5.566806072198186330e-03
2.065000000000000000e+02 -5.527114704391039926e-03
2.070000000000000000e+02 -5.490686145108458066e-03
2.075000000000000000e+02 -5.566475687657538099e-03
2.080000000000000000e+02 -5.631057852003344688e-03
2.085000000000000000e+02 -5.448970784204522529e-03
2.090000000000000000e+02 -5.470371209755861032e-03
2.095000000000000000e+02 -5.577554780460652027e-03
2.100000000000000000e+02 -5.585329058802543552e-03
2.105000000000000000e+02 -5.434568359526908109e-03
2.110000000000000000e+02 -5.139823883997438579e-03
2.115000000000000000e+02 -5.354459193397440205e-03
2.120000000000000000e+02 -5.180096906523228364e-03
2.125000000000000000e+02 -5.341718581120478634e-03
2.130000000000000000e+02 -5.187980898553127759e-03
2.135000000000000000e+02 -5.052660746154158909e-03
2.140000000000000000e+02 -5.101272877272994277e-03
2.145000000000000000e+02 -5.082425782215869124e-03
2.150000000000000000e+02 -4.816489426593976476e-03
2.155000000000000000e+02 -5.115397813262697463e-03
2.160000000000000000e+02 -5.154681187235289272e-03
2.165000000000000000e+02 -5.032443554504272519e-03
2.170000000000000000e+02 -4.990261105501927683e-03
2.175000000000000000e+02 -4.920909726710088160e-03
2.180000000000000000e+02 -4.812598848635211979e-03
2.185000000000000000e+02 -4.795422659424072344e-03
2.190000000000000000e+02 -4.867394776449505099e-03
2.195000000000000000e+02 -4.804813476426627109e-03
2.200000000000000000e+02 -4.770087712245143184e-03
