1.100000000000000000e+02 -4.607647167772940811e-02
1.105000000000000000e+02 -3.820823592886964798e-02
1.110000000000000000e+02 -3.070729618205682299e-02
1.115000000000000000e+02 -6.716295553497985023e-03
1.120000000000000000e+02 7.401657114430240658e-02
1.125000000000000000e+02 1.502066829842154672e-01
1.130000000000000000e+02 4.669924939180414986e-02
1.135000000000000000e+02 -9.070361045114505583e-02
1.140000000000000000e+02 2.178484865441860374e-01
1.145000000000000000e+02 1.773883450461514466e-01
1.150000000000000000e+02 1.732993148873878675e-01
1.155000000000000000e+02 1.715718027920443700e-01
1.160000000000000000e+02 1.698492188128092606e-01
1.165000000000000000e+02 1.703288323902257262e-01
1.170000000000000000e+02 1.674690247959490508e-01
1.175000000000000000e+02 1.678496338547354194e-01
1.180000000000000000e+02 1.667125966026183903e-01
1.185000000000000000e+02 1.635903411836788501e-01
1.190000000000000000e+02 1.641738310378894339e-01
1.195000000000000000e+02 1.625617371593798544e-01
1.200000000000000000e+02 1.608790370298540662e-01
1.205000000000000000e+02 1.587420229760393431e-01
1.210000000000000000e+02 1.576754867303113983e-01
1.215000000000000000e+02 1.544290410064610708e-01
1.220000000000000000e+02 1.512866570058434557e-01
1.225000000000000000e+02 1.484481989494185195e-01
1.230000000000000000e+02 1.457913770221126448e-01
1.235000000000000000e+02 1.426743832664561229e-01
1.240000000000000000e+02 1.392768014163120183e-01
1.245000000000000000e+02 1.356307426917848780e-01
1.250000000000000000e+02 1.320661272792332808e-01
1.255000000000000000e+02 1.290910711170361047e-01
1.260000000000000000e+02 1.255970282245831293e-01
1.265000000000000000e+02 1.221536282027956694e-01
1.270000000000000000e+02 1.190725884039991606e-01
1.275000000000000000e+02 1.166319521937425746e-01
1.280000000000000000e+02 1.136041261884765952e-01
1.285000000000000000e+02 1.113752791554255966e-01
1.290000000000000000e+02 1.098138373695560221e-01
1.295000000000000000e+02 1.081476984479685377e-01
1.300000000000000000e+02 1.065567240954138212e-01
1.305000000000000000e+02 1.052600347931318542e-01
1.310000000000000000e+02 1.048444629240586762e-01
1.315000000000000000e+02 1.042688462453389836e-01
1.320000000000000000e+02 1.046262807313911719e-01
1.325000000000000000e+02 1.051494381954781593e-01
1.330000000000000000e+02 1.053591169128164501e-01
1.335000000000000000e+02 1.068577836265291736e-01
1.340000000000000000e+02 1.086503237842964542e-01
1.345000000000000000e+02 1.102150054353398939e-01
1.350000000000000000e+02 1.134903201286147634e-01
1.355000000000000000e+02 1.166099318954404301e-01
1.360000000000000000e+02 1.204646201078115736e-01
1.365000000000000000e+02 1.250148660914928433e-01
1.370000000000000000e+02 1.299144599609483031e-01
1.375000000000000000e+02 1.356679185228490958e-01
1.380000000000000000e+02 1.409875946644817135e-01
1.381999999999999886e+02 1.416115409492128274e-01
1.384000000000000057e+02 1.440684354340584505e-01
1.385999999999999943e+02 1.462823523576542162e-01
1.388000000000000114e+02 1.482799150449895520e-01
1.390000000000000000e+02 1.501154497351013528e-01
1.391999999999999886e+02 1.522726595901303104e-01
1.394000000000000057e+02 1.549486563794675864e-01
1.395999999999999943e+02 1.568883043974860780e-01
1.398000000000000114e+02 1.587790037871446847e-01
1.400000000000000000e+02 1.607111925245987838e-01
1.401999999999999886e+02 1.625591141482589652e-01
1.404000000000000057e+02 1.647803359426615599e-01
1.405999999999999943e+02 1.661289210479401923e-01
1.408000000000000114e+02 1.675880437986400628e-01
1.410000000000000000e+02 1.691213147689510365e-01
1.411999999999999886e+02 1.705021366256007087e-01
1.414000000000000057e+02 1.721290196260322480e-01
1.415999999999999943e+02 1.738571880427881022e-01
1.418000000000000114e+02 1.751376001488917644e-01
1.420000000000000000e+02 1.758423993952099307e-01
1.421999999999999886e+02 1.778206688650538214e-01
1.424000000000000057e+02 1.782923927296918842e-01
1.425999999999999943e+02 1.800093439068115309e-01
1.428000000000000114e+02 1.806485409354097738e-01
1.430000000000000000e+02 1.810249817297419350e-01
1.431999999999999886e+02 1.822339997597540728e-01
1.434000000000000057e+02 1.827425642370079095e-01
1.435999999999999943e+02 1.826115937763267694e-01
1.438000000000000114e+02 1.834825346610283459e-01
1.440000000000000000e+02 1.831524677896913533e-01
1.441999999999999886e+02 1.838968321534371064e-01
1.444000000000000057e+02 1.831751502134191800e-01
1.445999999999999943e+02 1.827323562689855962e-01
1.448000000000000114e+02 1.829363684848480942e-01
1.450000000000000000e+02 1.819781946957254593e-01
1.451999999999999886e+02 1.817724035303952823e-01
1.454000000000000057e+02 1.812253902256802385e-01
1.455999999999999943e+02 1.809858128709455893e-01
1.458000000000000114e+02 1.788898346813962981e-01
1.460000000000000000e+02 1.783115939990028986e-01
1.461999999999999886e+02 1.769841174692745600e-01
1.464000000000000057e+02 1.753330434872965027e-01
1.465999999999999943e+02 1.734500570862359259e-01
1.468000000000000114e+02 1.719473873789294227e-01
1.470000000000000000e+02 1.710294463926449182e-01
1.471999999999999886e+02 1.683726165994342827e-01
1.474000000000000057e+02 1.670670496348856671e-01
1.475999999999999943e+02 1.656373090129198977e-01
1.478000000000000114e+02 1.627759084590991445e-01
1.480000000000000000e+02 1.615097248854950596e-01
1.481999999999999886e+02 1.592433718848332846e-01
1.484000000000000057e+02 1.574076137054023217e-01
1.485999999999999943e+02 1.554434522757863757e-01
1.488000000000000114e+02 1.533550650466785625e-01
1.490000000000000000e+02 1.517533880429694504e-01
1.491999999999999886e+02 1.495900016108298314e-01
1.494000000000000057e+02 1.482041834085744969e-01
1.495999999999999943e+02 1.464454289749983484e-01
1.498000000000000114e+02 1.448303451220308291e-01
1.500000000000000000e+02 1.424664782120573792e-01
1.505000000000000000e+02 1.397929661388089273e-01
1.510000000000000000e+02 1.351439698406784184e-01
1.515000000000000000e+02 1.309023184914980820e-01
1.520000000000000000e+02 1.268375937166284217e-01
1.525000000000000000e+02 1.227165189261549272e-01
1.530000000000000000e+02 1.190416094478621845e-01
1.535000000000000000e+02 1.149372687726395031e-01
1.540000000000000000e+02 1.104395442027578111e-01
1.545000000000000000e+02 1.061136068503842900e-01
1.550000000000000000e+02 1.019158055985909389e-01
1.555000000000000000e+02 9.656019233075582853e-02
1.560000000000000000e+02 9.080634771426288054e-02
1.565000000000000000e+02 8.539950949044339268e-02
1.570000000000000000e+02 7.882386588882597800e-02
1.575000000000000000e+02 7.356350210328384265e-02
1.580000000000000000e+02 6.735007216777227912e-02
1.585000000000000000e+02 6.085339264737728987e-02
1.590000000000000000e+02 5.465360055811853413e-02
1.595000000000000000e+02 4.922988675006471221e-02
1.600000000000000000e+02 4.235310574735937778e-02
1.605000000000000000e+02 3.743221874455800874e-02
1.610000000000000000e+02 3.278024382143115284e-02
1.615000000000000000e+02 2.855682431639325336e-02
1.620000000000000000e+02 2.459530650233021642e-02
1.625000000000000000e+02 2.174743390132075072e-02
1.630000000000000000e+02 1.865967398991813173e-02
1.635000000000000000e+02 1.618271892344932614e-02
1.640000000000000000e+02 1.427636718416031882e-02
1.645000000000000000e+02 1.272305537218970314e-02
1.650000000000000000e+02 1.133619890230845237e-02
1.655000000000000000e+02 1.083536822085454619e-02
1.660000000000000000e+02 9.312528567141837438e-03
1.665000000000000000e+02 8.897631143819462879e-03
1.670000000000000000e+02 8.959881475415532731e-03
1.675000000000000000e+02 7.847194458195967323e-03
1.680000000000000000e+02 6.838315540067830059e-03
1.685000000000000000e+02 6.766317521987780248e-03
1.690000000000000000e+02 6.486195643408501112e-03
1.695000000000000000e+02 7.004488372503223266e-03
1.700000000000000000e+02 7.149447964480805731e-03
1.705000000000000000e+02 7.224210346225978449e-03
1.710000000000000000e+02 6.461833403508399597e-03
1.715000000000000000e+02 6.125899106751255159e-03
1.720000000000000000e+02 5.950395259459785938e-03
1.725000000000000000e+02 6.120666568536548002e-03
1.730000000000000000e+02 6.282599096413863694e-03
1.735000000000000000e+02 6.001466351899742424e-03
1.740000000000000000e+02 5.799631609260861784e-03
1.745000000000000000e+02 5.850891899501130256e-03
1.750000000000000000e+02 6.700928044157177139e-03
1.755000000000000000e+02 6.006081127475456326e-03
1.760000000000000000e+02 5.778130061175007146e-03
1.765000000000000000e+02 5.618647744738111509e-03
1.770000000000000000e+02 5.859707711805218523e-03
1.775000000000000000e+02 5.858943900880827539e-03
1.780000000000000000e+02 6.168927989044246073e-03
1.785000000000000000e+02 6.275570475564779677e-03
1.790000000000000000e+02 6.831218603034417552e-03
1.795000000000000000e+02 6.659927269859712215e-03
1.800000000000000000e+02 6.425009136591736808e-03
1.805000000000000000e+02 7.092667342009655387e-03
1.810000000000000000e+02 7.798880024334456547e-03
1.815000000000000000e+02 7.640884888236585543e-03
1.820000000000000000e+02 7.747113716779197544e-03
1.825000000000000000e+02 8.381908352905304352e-03
1.830000000000000000e+02 8.633151827107476625e-03
1.835000000000000000e+02 8.735613276143840145e-03
1.840000000000000000e+02 8.756821684134793657e-03
1.845000000000000000e+02 9.676549563452261846e-03
1.850000000000000000e+02 1.037268690926534086e-02
1.855000000000000000e+02 1.097383740369090900e-02
1.860000000000000000e+02 1.138327052293640687e-02
1.865000000000000000e+02 1.095687297150698195e-02
1.870000000000000000e+02 1.149508521534100755e-02
1.875000000000000000e+02 1.157704800089331444e-02
1.880000000000000000e+02 1.274843048579813766e-02
1.885000000000000000e+02 1.303549218747159476e-02
1.890000000000000000e+02 1.340531896086734343e-02
1.895000000000000000e+02 1.296606807518757565e-02
1.900000000000000000e+02 1.371161907013717339e-02
1.905000000000000000e+02 1.397011108004126041e-02
1.910000000000000000e+02 1.329440482857980471e-02
1.915000000000000000e+02 1.318096542488022757e-02
1.920000000000000000e+02 1.341870202614040691e-02
1.925000000000000000e+02 1.404748165122840335e-02
1.930000000000000000e+02 1.363737994771697416e-02
1.935000000000000000e+02 1.371941434029924287e-02
1.940000000000000000e+02 1.241593552438209104e-02
1.945000000000000000e+02 1.236163922541791242e-02
1.950000000000000000e+02 1.134854547634739017e-02
1.955000000000000000e+02 1.010755584597176036e-02
1.960000000000000000e+02 1.031218110176904471e-02
1.965000000000000000e+02 9.226128377032271830e-03
1.970000000000000000e+02 9.139832318074400663e-03
1.975000000000000000e+02 8.324473497028870086e-03
1.980000000000000000e+02 7.991289530633528815e-03
1.985000000000000000e+02 7.679999972616677155e-03
1.990000000000000000e+02 7.354059442694518660e-03
1.995000000000000000e+02 6.657594726845464210e-03
2.000000000000000000e+02 7.330589149867398208e-03
2.005000000000000000e+02 6.055250597430200665e-03
2.010000000000000000e+02 5.948291084767453989e-03
2.015000000000000000e+02 5.938838491240585639e-03
2.020000000000000000e+02 5.516809327896001272e-03
2.025000000000000000e+02 5.116423089999457691e-03
2.030000000000000000e+02 5.468894703022485898e-03
2.035000000000000000e+02 5.904132511834004303e-03
2.040000000000000000e+02 4.974547685702238216e-03
2.045000000000000000e+02 5.380999834292326221e-03
2.050000000000000000e+02 5.626520579817554518e-03
2.055000000000000000e+02 5.249896672190754870e-03
2.060000000000000000e+02 5.057829121685584149e-03
2.065000000000000000e+02 5.470112739954663579e-03
2.070000000000000000e+02 4.995142366526538445e-03
2.075000000000000000e+02 5.377030185526774156e-03
2.080000000000000000e+02 5.271062001403000082e-03
2.085000000000000000e+02 5.413112420035983731e-03
2.090000000000000000e+02 5.146627288323189948e-03
2.095000000000000000e+02 5.198177851654108353e-03
2.100000000000000000e+02 5.086401931179157163e-03
2.105000000000000000e+02 5.439664042194320391e-03
2.110000000000000000e+02 5.095935420120729226e-03
2.115000000000000000e+02 4.644702901251828928e-03
2.120000000000000000e+02 4.806258153388648889e-03
2.125000000000000000e+02 4.066684054828113501e-03
2.130000000000000000e+02 4.476249869758295620e-03
2.135000000000000000e+02 4.426430366043517840e-03
2.140000000000000000e+02 4.304966025396315607e-03
2.145000000000000000e+02 4.469086884005627099e-03
2.150000000000000000e+02 3.952563237812783438e-03
2.155000000000000000e+02 4.578935837988843370e-03
2.160000000000000000e+02 4.375890851447431125e-03
2.165000000000000000e+02 4.721464064633690630e-03
2.170000000000000000e+02 4.622128126268594192e-03
2.175000000000000000e+02 4.657487245017652953e-03
2.180000000000000000e+02 4.615280191492477507e-03
2.185000000000000000e+02 4.992689747784366354e-03
2.190000000000000000e+02 4.577679900277226328e-03
2.195000000000000000e+02 4.541575875807181070e-03
2.200000000000000000e+02 4.203436706957327379e-03
