1.100000000000000000e+02 4.258194752614408163e-02
1.105000000000000000e+02 8.164077915808327923e-02
1.110000000000000000e+02 -4.360870740814938584e-02
1.115000000000000000e+02 1.174022565750046029e-02
1.120000000000000000e+02 1.108807844062801966e-02
1.125000000000000000e+02 2.888328299758366469e-03
1.130000000000000000e+02 -8.740286167105522364e-02
1.135000000000000000e+02 -1.390303600937280726e-01
1.140000000000000000e+02 nan
1.145000000000000000e+02 8.008217533928525533e-01
1.150000000000000000e+02 7.465230221590831716e-01
1.155000000000000000e+02 7.292757432279377561e-01
1.160000000000000000e+02 7.314794873258974039e-01
1.165000000000000000e+02 7.195292377584535659e-01
1.170000000000000000e+02 7.143540260351556315e-01
1.175000000000000000e+02 7.096936428608535685e-01
1.180000000000000000e+02 7.052705510606254169e-01
1.185000000000000000e+02 7.013542466526060393e-01
1.190000000000000000e+02 6.912466194835001909e-01
1.195000000000000000e+02 6.865101757605163169e-01
1.200000000000000000e+02 6.757321128826642154e-01
1.205000000000000000e+02 6.671303418377084737e-01
1.210000000000000000e+02 6.558658901324178059e-01
1.215000000000000000e+02 6.457419613838698558e-01
1.220000000000000000e+02 6.338911914919437285e-01
1.225000000000000000e+02 6.194292523928680572e-01
1.230000000000000000e+02 6.079720016792180548e-01
1.235000000000000000e+02 5.934049170493682634e-01
1.240000000000000000e+02 5.794173452297185500e-01
1.245000000000000000e+02 5.649688328077412391e-01
1.250000000000000000e+02 5.513439515272001712e-01
1.255000000000000000e+02 5.374803955063820471e-01
1.260000000000000000e+02 5.241821325082087757e-01
1.265000000000000000e+02 5.118731024883917957e-01
1.270000000000000000e+02 4.989542736119552679e-01
1.275000000000000000e+02 4.879774004542934418e-01
1.280000000000000000e+02 4.776284080379553099e-01
1.285000000000000000e+02 4.677946493116962312e-01
1.290000000000000000e+02 4.598073534909926097e-01
1.295000000000000000e+02 4.528583622557174615e-01
1.300000000000000000e+02 4.463563135691064887e-01
1.305000000000000000e+02 4.415424583844078654e-01
1.310000000000000000e+02 4.373050512899692710e-01
1.315000000000000000e+02 4.351473902789056991e-01
1.320000000000000000e+02 4.341830366820574882e-01
1.325000000000000000e+02 4.350269410326540465e-01
1.330000000000000000e+02 4.370457686807692754e-01
1.335000000000000000e+02 4.406116783895155375e-01
1.340000000000000000e+02 4.465668815576274708e-01
1.345000000000000000e+02 4.536726681054676913e-01
1.350000000000000000e+02 4.634028678576710969e-01
1.355000000000000000e+02 4.747994406801213096e-01
1.360000000000000000e+02 4.880520091154638140e-01
1.365000000000000000e+02 5.034925106127409178e-01
1.370000000000000000e+02 5.211414663286204618e-01
1.375000000000000000e+02 5.403882722558046581e-01
1.380000000000000000e+02 5.598965693841913005e-01
1.381999999999999886e+02 5.656838125807761575e-01
1.384000000000000057e+02 5.739377679015646994e-01
1.385999999999999943e+02 5.813522699788201686e-01
1.388000000000000114e+02 5.884939752638924659e-01
1.390000000000000000e+02 5.958188767358969518e-01
1.391999999999999886e+02 6.033242788031386583e-01
1.394000000000000057e+02 6.107770006406291197e-01
1.395999999999999943e+02 6.171434831240520946e-01
1.398000000000000114e+02 6.236715917724785507e-01
1.400000000000000000e+02 6.299303098390971467e-01
1.401999999999999886e+02 6.353577993581311922e-01
1.404000000000000057e+02 6.410459523625504641e-01
1.405999999999999943e+02 6.459281774461380632e-01
1.408000000000000114e+02 6.506815058146139252e-01
1.410000000000000000e+02 6.553025022100162911e-01
1.411999999999999886e+02 6.594588825063829596e-01
1.414000000000000057e+02 6.632527643860427480e-01
1.415999999999999943e+02 6.665009747077127455e-01
1.418000000000000114e+02 6.705295955757011317e-01
1.420000000000000000e+02 6.727970379640272336e-01
1.421999999999999886e+02 6.766092598956745530e-01
1.424000000000000057e+02 6.785556693759092761e-01
1.425999999999999943e+02 6.805520296831651939e-01
1.428000000000000114e+02 6.821818157886889722e-01
1.430000000000000000e+02 6.832345090778410013e-01
1.431999999999999886e+02 6.846726214522748100e-01
1.434000000000000057e+02 6.856269077553202029e-01
1.435999999999999943e+02 6.848029701624648302e-01
1.438000000000000114e+02 6.847329753450164258e-01
1.440000000000000000e+02 6.827268628211432544e-01
1.441999999999999886e+02 6.817759809425650852e-01
1.444000000000000057e+02 6.789204090564897598e-01
1.445999999999999943e+02 6.763005255071736777e-01
1.448000000000000114e+02 6.735764861566810868e-01
1.450000000000000000e+02 6.696628910677466795e-01
1.451999999999999886e+02 6.656713000675156255e-01
1.454000000000000057e+02 6.623125107528440303e-01
1.455999999999999943e+02 6.574307754033820173e-01
1.458000000000000114e+02 6.523648176744112348e-01
1.460000000000000000e+02 6.466278529660212104e-01
1.461999999999999886e+02 6.406695458787746711e-01
1.464000000000000057e+02 6.344772416722788133e-01
1.465999999999999943e+02 6.273529765853128604e-01
1.468000000000000114e+02 6.200244403008798866e-01
1.470000000000000000e+02 6.134361149533594793e-01
1.471999999999999886e+02 6.049454652931793852e-01
1.474000000000000057e+02 5.972138572488171482e-01
1.475999999999999943e+02 5.891134100578383492e-01
1.478000000000000114e+02 5.799133920798642539e-01
1.480000000000000000e+02 5.718902806957050222e-01
1.481999999999999886e+02 5.634545227595818551e-01
1.484000000000000057e+02 5.551683394889755929e-01
1.485999999999999943e+02 5.475623435061657274e-01
1.488000000000000114e+02 5.397110085071932239e-01
1.490000000000000000e+02 5.324513392520214827e-01
1.491999999999999886e+02 5.248521667598247120e-01
1.494000000000000057e+02 5.178615254364420384e-01
1.495999999999999943e+02 5.101595485524088591e-01
1.498000000000000114e+02 5.031227012372975205e-01
1.500000000000000000e+02 4.947989750880270599e-01
1.505000000000000000e+02 4.770753108440486390e-01
1.510000000000000000e+02 4.580977655286711525e-01
1.515000000000000000e+02 4.401637370505517288e-01
1.520000000000000000e+02 4.222449625634908665e-01
1.525000000000000000e+02 4.057540739711396616e-01
1.530000000000000000e+02 3.908772463757425597e-01
1.535000000000000000e+02 3.748200021714720442e-01
1.540000000000000000e+02 3.586338651176526615e-01
1.545000000000000000e+02 3.407615261137101337e-01
1.550000000000000000e+02 3.226510221609077966e-01
1.555000000000000000e+02 3.027297732556420984e-01
1.560000000000000000e+02 2.821467635272326691e-01
1.565000000000000000e+02 2.608710368459375983e-01
1.570000000000000000e+02 2.391566680722550797e-01
1.575000000000000000e+02 2.183628192731574824e-01
1.580000000000000000e+02 1.967196776488677190e-01
1.585000000000000000e+02 1.748217843420210860e-01
1.590000000000000000e+02 1.532295037421579909e-01
1.595000000000000000e+02 1.334108546882784574e-01
1.600000000000000000e+02 1.133910425292795066e-01
1.605000000000000000e+02 9.541527388863170478e-02
1.610000000000000000e+02 8.010644414881840092e-02
1.615000000000000000e+02 6.575476155244382170e-02
1.620000000000000000e+02 5.390233900332686012e-02
1.625000000000000000e+02 4.344010690440520267e-02
1.630000000000000000e+02 3.536353888974612392e-02
1.635000000000000000e+02 2.872378704080177578e-02
1.640000000000000000e+02 2.349432755227138375e-02
1.645000000000000000e+02 1.917201075353825238e-02
1.650000000000000000e+02 1.583223024457808617e-02
1.655000000000000000e+02 1.298741481123207725e-02
1.660000000000000000e+02 1.052134204908001386e-02
1.665000000000000000e+02 9.011981305346071849e-03
1.670000000000000000e+02 8.413814219963436716e-03
1.675000000000000000e+02 6.832620029105078777e-03
1.680000000000000000e+02 5.462661650404355973e-03
1.685000000000000000e+02 4.971863337752036385e-03
1.690000000000000000e+02 4.525255555827864366e-03
1.695000000000000000e+02 4.923494721260733911e-03
1.700000000000000000e+02 4.891662927450247424e-03
1.705000000000000000e+02 4.449600313338712351e-03
1.710000000000000000e+02 3.599650569148409203e-03
1.715000000000000000e+02 2.839194526272332316e-03
1.720000000000000000e+02 2.916301364758581895e-03
1.725000000000000000e+02 2.992821131455078269e-03
1.730000000000000000e+02 3.029441494469880744e-03
1.735000000000000000e+02 2.822096766420138791e-03
1.740000000000000000e+02 2.129576835517977065e-03
1.745000000000000000e+02 2.384560137278806356e-03
1.750000000000000000e+02 2.575721945508924627e-03
1.755000000000000000e+02 2.496574595366108512e-03
1.760000000000000000e+02 2.803223394440409674e-03
1.765000000000000000e+02 2.350241828083451077e-03
1.770000000000000000e+02 3.012590467938741894e-03
1.775000000000000000e+02 2.765171164302393601e-03
1.780000000000000000e+02 3.441338580045760938e-03
1.785000000000000000e+02 3.572248011559174281e-03
1.790000000000000000e+02 3.693998584297582526e-03
1.795000000000000000e+02 4.299773903573433746e-03
1.800000000000000000e+02 4.072206448076050311e-03
1.805000000000000000e+02 5.002357767121152869e-03
1.810000000000000000e+02 5.305769495379866578e-03
1.815000000000000000e+02 5.339969487529580908e-03
1.820000000000000000e+02 5.875341547395530883e-03
1.825000000000000000e+02 6.069102598768798262e-03
1.830000000000000000e+02 7.072242732022819382e-03
1.835000000000000000e+02 7.386634168328806184e-03
1.840000000000000000e+02 7.966479656279024449e-03
1.845000000000000000e+02 8.642338427454097569e-03
1.850000000000000000e+02 9.283440098445731176e-03
1.855000000000000000e+02 1.046309384965199950e-02
1.860000000000000000e+02 1.098946537839105668e-02
1.865000000000000000e+02 1.112993972650336630e-02
1.870000000000000000e+02 1.143230397507055685e-02
1.875000000000000000e+02 1.175896345199372098e-02
1.880000000000000000e+02 1.268996767290939305e-02
1.885000000000000000e+02 1.348593971220665363e-02
1.890000000000000000e+02 1.390061107948270189e-02
1.895000000000000000e+02 1.377663025642429651e-02
1.900000000000000000e+02 1.344989759005174763e-02
1.905000000000000000e+02 1.380792789419292739e-02
1.910000000000000000e+02 1.285687064223231882e-02
1.915000000000000000e+02 1.284881956651028057e-02
1.920000000000000000e+02 1.317280740881338064e-02
1.925000000000000000e+02 1.320806249470147901e-02
1.930000000000000000e+02 1.263202668263821785e-02
1.935000000000000000e+02 1.257049536315860312e-02
1.940000000000000000e+02 1.075561652579806564e-02
1.945000000000000000e+02 1.001839633246399269e-02
1.950000000000000000e+02 8.295954611941470935e-03
1.955000000000000000e+02 6.628510309981317308e-03
1.960000000000000000e+02 6.075385908568551110e-03
1.965000000000000000e+02 4.860271720341658060e-03
1.970000000000000000e+02 3.531807217393435373e-03
1.975000000000000000e+02 2.540151931991961945e-03
1.980000000000000000e+02 1.799120561052947346e-03
1.985000000000000000e+02 8.263968911787100040e-04
1.990000000000000000e+02 4.936431159710757228e-04
1.995000000000000000e+02 -8.527308224583245383e-05
2.000000000000000000e+02 7.592344677150569398e-05
2.005000000000000000e+02 -8.083709761915987887e-04
2.010000000000000000e+02 -8.641659844410601006e-04
2.015000000000000000e+02 -9.399871712405084108e-04
2.020000000000000000e+02 -1.457116214698782677e-03
2.025000000000000000e+02 -1.761524566617458454e-03
2.030000000000000000e+02 -1.576589113023957149e-03
2.035000000000000000e+02 -1.297778605708476730e-03
2.040000000000000000e+02 -1.890539863210067770e-03
2.045000000000000000e+02 -1.453251144715184736e-03
2.050000000000000000e+02 -1.773855962475954368e-03
2.055000000000000000e+02 -1.742046617714625026e-03
2.060000000000000000e+02 -1.584606137652760840e-03
2.065000000000000000e+02 -1.351958780700895967e-03
2.070000000000000000e+02 -1.730000304276808811e-03
2.075000000000000000e+02 -1.651952833360370663e-03
2.080000000000000000e+02 -1.663804105498830005e-03
2.085000000000000000e+02 -1.325406336408131713e-03
2.090000000000000000e+02 -1.847924998688851806e-03
2.095000000000000000e+02 -2.284960508791237382e-03
2.100000000000000000e+02 -2.187370366901256885e-03
2.105000000000000000e+02 -2.250237943849668111e-03
2.110000000000000000e+02 -2.103180611405509621e-03
2.115000000000000000e+02 -2.884824540558598559e-03
2.120000000000000000e+02 -2.125425179125742681e-03
2.125000000000000000e+02 -2.952789682366458411e-03
2.130000000000000000e+02 -2.453018323227637316e-03
2.135000000000000000e+02 -2.647413753274121401e-03
2.140000000000000000e+02 -2.765109165434705835e-03
2.145000000000000000e+02 -2.682038677149578901e-03
2.150000000000000000e+02 -2.617217264668632738e-03
2.155000000000000000e+02 -2.674930242913434435e-03
2.160000000000000000e+02 -2.562942602931704474e-03
2.165000000000000000e+02 -2.349708495315168486e-03
2.170000000000000000e+02 -2.692936537647210547e-03
2.175000000000000000e+02 -2.777220263262239214e-03
2.180000000000000000e+02 -2.541829640749230373e-03
2.185000000000000000e+02 -2.956974245159099852e-03
2.190000000000000000e+02 -3.165190574510172525e-03
2.195000000000000000e+02 -2.893285894835361406e-03
2.200000000000000000e+02 -3.055855154146347712e-03
