1.100000000000000000e+02 -4.962114178324052161e-02
1.105000000000000000e+02 7.794287130286963079e-03
1.110000000000000000e+02 2.475090989004307893e-02
1.115000000000000000e+02 7.674910141813079574e-03
1.120000000000000000e+02 2.893531158076015700e-02
1.125000000000000000e+02 -8.962004535180091713e-02
1.130000000000000000e+02 4.179729652073941454e-02
1.135000000000000000e+02 -1.071998848948440067e-02
1.140000000000000000e+02 nan
1.145000000000000000e+02 8.330109761629151954e-01
1.150000000000000000e+02 7.765775219965284082e-01
1.155000000000000000e+02 7.584695965739237655e-01
1.160000000000000000e+02 7.522279601796461046e-01
1.165000000000000000e+02 7.460546773195427805e-01
1.170000000000000000e+02 7.367381939503416799e-01
1.175000000000000000e+02 7.319715530187953512e-01
1.180000000000000000e+02 7.246800023116244382e-01
1.185000000000000000e+02 7.177451081416466039e-01
1.190000000000000000e+02 7.173123852589575744e-01
1.195000000000000000e+02 7.075444916105800841e-01
1.200000000000000000e+02 6.981642945403337963e-01
1.205000000000000000e+02 6.890503541959523970e-01
1.210000000000000000e+02 6.778774669323213153e-01
1.215000000000000000e+02 6.641257759863568033e-01
1.220000000000000000e+02 6.509813685349146173e-01
1.225000000000000000e+02 6.372002121309005007e-01
1.230000000000000000e+02 6.239410657855205544e-01
1.235000000000000000e+02 6.098186092115560619e-01
1.240000000000000000e+02 5.935518277304110413e-01
1.245000000000000000e+02 5.783722754703701785e-01
1.250000000000000000e+02 5.637835710601365458e-01
1.255000000000000000e+02 5.485307366404514884e-01
1.260000000000000000e+02 5.343046235172433933e-01
1.265000000000000000e+02 5.216716030076333777e-01
1.270000000000000000e+02 5.085403195754012451e-01
1.275000000000000000e+02 4.973747360177041554e-01
1.280000000000000000e+02 4.864121037915962731e-01
1.285000000000000000e+02 4.771720478742834670e-01
1.290000000000000000e+02 4.688717799376942996e-01
1.295000000000000000e+02 4.619962348871066160e-01
1.300000000000000000e+02 4.564183248161780559e-01
1.305000000000000000e+02 4.517167485730977927e-01
1.310000000000000000e+02 4.485551023119013214e-01
1.315000000000000000e+02 4.463101842210879244e-01
1.320000000000000000e+02 4.468366046380088386e-01
1.325000000000000000e+02 4.488132796651508327e-01
1.330000000000000000e+02 4.522787939304050431e-01
1.335000000000000000e+02 4.574436697336575208e-01
1.340000000000000000e+02 4.647994561434218852e-01
1.345000000000000000e+02 4.738532145323013367e-01
1.350000000000000000e+02 4.843617957776057414e-01
1.355000000000000000e+02 4.977576896118917071e-01
1.360000000000000000e+02 5.129212384132860736e-01
1.365000000000000000e+02 5.304681370739811053e-01
1.370000000000000000e+02 5.495733631134651631e-01
1.375000000000000000e+02 5.709947267971892115e-01
1.380000000000000000e+02 5.930672955090749987e-01
1.381999999999999886e+02 5.998432951299224047e-01
1.384000000000000057e+02 6.084909274532211976e-01
1.385999999999999943e+02 6.175336848598004247e-01
1.388000000000000114e+02 6.254710879747797936e-01
1.390000000000000000e+02 6.340038030276834435e-01
1.391999999999999886e+02 6.416507625962586392e-01
1.394000000000000057e+02 6.493291929647846406e-01
1.395999999999999943e+02 6.567533310119010315e-01
1.398000000000000114e+02 6.634658380251132748e-01
1.400000000000000000e+02 6.710624648294053474e-01
1.401999999999999886e+02 6.772880169090726987e-01
1.404000000000000057e+02 6.830155326470871424e-01
1.405999999999999943e+02 6.885702978034041744e-01
1.408000000000000114e+02 6.929869493955169713e-01
1.410000000000000000e+02 6.972970365530403170e-01
1.411999999999999886e+02 7.010679886847204223e-01
1.414000000000000057e+02 7.050928835891268065e-01
1.415999999999999943e+02 7.084019871187380302e-01
1.418000000000000114e+02 7.117086039893917304e-01
1.420000000000000000e+02 7.141959190082505238e-01
1.421999999999999886e+02 7.169425961553579363e-01
1.424000000000000057e+02 7.190818578817893547e-01
1.425999999999999943e+02 7.208261101323110154e-01
1.428000000000000114e+02 7.219768636075374335e-01
1.430000000000000000e+02 7.233866799586284868e-01
1.431999999999999886e+02 7.233860318275840973e-01
1.434000000000000057e+02 7.235308325304112831e-01
1.435999999999999943e+02 7.231685200268461733e-01
1.438000000000000114e+02 7.222670487254229110e-01
1.440000000000000000e+02 7.206082089768708343e-01
1.441999999999999886e+02 7.181895339740054229e-01
1.444000000000000057e+02 7.152471078333526577e-01
1.445999999999999943e+02 7.116823626490283994e-01
1.448000000000000114e+02 7.083662442230849177e-01
1.450000000000000000e+02 7.033064885362042551e-01
1.451999999999999886e+02 6.989263636086170406e-01
1.454000000000000057e+02 6.940204607791323754e-01
1.455999999999999943e+02 6.880926590322071768e-01
1.458000000000000114e+02 6.830472539948266864e-01
1.460000000000000000e+02 6.750765931785072116e-01
1.461999999999999886e+02 6.685438219605140953e-01
1.464000000000000057e+02 6.616361072445461344e-01
1.465999999999999943e+02 6.540845620758977130e-01
1.468000000000000114e+02 6.452227896446280919e-01
1.470000000000000000e+02 6.374573091144630776e-01
1.471999999999999886e+02 6.278677611713837647e-01
1.474000000000000057e+02 6.190884743893739772e-01
1.475999999999999943e+02 6.095942181481800448e-01
1.478000000000000114e+02 6.003211028105112090e-01
1.480000000000000000e+02 5.902844152900605934e-01
1.481999999999999886e+02 5.812899778409079676e-01
1.484000000000000057e+02 5.723149126782052232e-01
1.485999999999999943e+02 5.637820011989127522e-01
1.488000000000000114e+02 5.552458314478964096e-01
1.490000000000000000e+02 5.470017455441434917e-01
1.491999999999999886e+02 5.386930253224293530e-01
1.494000000000000057e+02 5.308190496984159790e-01
1.495999999999999943e+02 5.227124674829393136e-01
1.498000000000000114e+02 5.148520182683693491e-01
1.500000000000000000e+02 5.066889830718704912e-01
1.505000000000000000e+02 4.876058219112649472e-01
1.510000000000000000e+02 4.680941724909535306e-01
1.515000000000000000e+02 4.485036400348151875e-01
1.520000000000000000e+02 4.302518743882741137e-01
1.525000000000000000e+02 4.131179757465262004e-01
1.530000000000000000e+02 3.971540353955926861e-01
1.535000000000000000e+02 3.810392915576239492e-01
1.540000000000000000e+02 3.640983919063798258e-01
1.545000000000000000e+02 3.464191726325823173e-01
1.550000000000000000e+02 3.280339959106167713e-01
1.555000000000000000e+02 3.082908569692301981e-01
1.560000000000000000e+02 2.878624288302674694e-01
1.565000000000000000e+02 2.668878451231666560e-01
1.570000000000000000e+02 2.456393756006930440e-01
1.575000000000000000e+02 2.239273228832776297e-01
1.580000000000000000e+02 2.022908947989974782e-01
1.585000000000000000e+02 1.801375990578852337e-01
1.590000000000000000e+02 1.586021697346582382e-01
1.595000000000000000e+02 1.378210746059028435e-01
1.600000000000000000e+02 1.177873861232005409e-01
1.605000000000000000e+02 9.950605172877675930e-02
1.610000000000000000e+02 8.341128753420012920e-02
1.615000000000000000e+02 6.916361296941166137e-02
1.620000000000000000e+02 5.703313679205002096e-02
1.625000000000000000e+02 4.616664945843813872e-02
1.630000000000000000e+02 3.791266565910563630e-02
1.635000000000000000e+02 3.166204127217571440e-02
1.640000000000000000e+02 2.619216170055540388e-02
1.645000000000000000e+02 2.173248865994653611e-02
1.650000000000000000e+02 1.831162339347640333e-02
1.655000000000000000e+02 1.551290999434715503e-02
1.660000000000000000e+02 1.345296999060005376e-02
1.665000000000000000e+02 1.178561916352108968e-02
1.670000000000000000e+02 1.041824960099011106e-02
1.675000000000000000e+02 9.397065380643113836e-03
1.680000000000000000e+02 8.357635212112518933e-03
1.685000000000000000e+02 7.866658791595206382e-03
1.690000000000000000e+02 7.175787663932247165e-03
1.695000000000000000e+02 6.305222290991625844e-03
1.700000000000000000e+02 6.234443984159942879e-03
1.705000000000000000e+02 5.929259147007591955e-03
1.710000000000000000e+02 5.412139746243292693e-03
1.715000000000000000e+02 5.547876773637053054e-03
1.720000000000000000e+02 4.527690195394813190e-03
1.725000000000000000e+02 4.359234369704662743e-03
1.730000000000000000e+02 4.054985180358775324e-03
1.735000000000000000e+02 4.031170183898818635e-03
1.740000000000000000e+02 3.966149862109792819e-03
1.745000000000000000e+02 3.361762462786138748e-03
1.750000000000000000e+02 3.564058733791422313e-03
1.755000000000000000e+02 3.188356298878894119e-03
1.760000000000000000e+02 3.442710080064775857e-03
1.765000000000000000e+02 3.396064696450021205e-03
1.770000000000000000e+02 3.635980205272426689e-03
1.775000000000000000e+02 4.006682316578614143e-03
1.780000000000000000e+02 4.549807273472971161e-03
1.785000000000000000e+02 4.560943389278201282e-03
1.790000000000000000e+02 4.662240075307744203e-03
1.795000000000000000e+02 4.365829747370241973e-03
1.800000000000000000e+02 4.885613998577479841e-03
1.805000000000000000e+02 4.984994743178795817e-03
1.810000000000000000e+02 5.118750711214137966e-03
1.815000000000000000e+02 5.395640657327390594e-03
1.820000000000000000e+02 5.719577825063185302e-03
1.825000000000000000e+02 5.323479687073523828e-03
1.830000000000000000e+02 5.092957885172149507e-03
1.835000000000000000e+02 5.891259360692731144e-03
1.840000000000000000e+02 5.835054524069854462e-03
1.845000000000000000e+02 6.333211245171719780e-03
1.850000000000000000e+02 7.013863155260569547e-03
1.855000000000000000e+02 6.828415262924911015e-03
1.860000000000000000e+02 6.870807939953912057e-03
1.865000000000000000e+02 7.351169603789132687e-03
1.870000000000000000e+02 7.650536378543394862e-03
1.875000000000000000e+02 7.679423670144049086e-03
1.880000000000000000e+02 7.686278936318123242e-03
1.885000000000000000e+02 8.113463984819040131e-03
1.890000000000000000e+02 8.721398571916585268e-03
1.895000000000000000e+02 8.371528658116130645e-03
1.900000000000000000e+02 8.643287572419245182e-03
1.905000000000000000e+02 8.213434319104239920e-03
1.910000000000000000e+02 7.997917342352462572e-03
1.915000000000000000e+02 7.921160426330130927e-03
1.920000000000000000e+02 7.837256847418169400e-03
1.925000000000000000e+02 7.734969693434782211e-03
1.930000000000000000e+02 7.445326399391734469e-03
1.935000000000000000e+02 6.856919180908679912e-03
1.940000000000000000e+02 6.658096502578543519e-03
1.945000000000000000e+02 5.856384592673299395e-03
1.950000000000000000e+02 4.831350623089290114e-03
1.955000000000000000e+02 3.981670436963621190e-03
1.960000000000000000e+02 3.682516879059907593e-03
1.965000000000000000e+02 2.864321869169135937e-03
1.970000000000000000e+02 2.074176976882672035e-03
1.975000000000000000e+02 1.845836094281499062e-03
1.980000000000000000e+02 1.372778498571673158e-03
1.985000000000000000e+02 1.849385427346571264e-04
1.990000000000000000e+02 2.676919120868088259e-04
1.995000000000000000e+02 -1.904373838016819298e-04
2.000000000000000000e+02 -4.985875233264041185e-04
2.005000000000000000e+02 -1.056667363510025315e-03
2.010000000000000000e+02 -9.219654917125302438e-04
2.015000000000000000e+02 -1.699608620650226980e-03
2.020000000000000000e+02 -1.370136956079347950e-03
2.025000000000000000e+02 -1.430479537674455648e-03
2.030000000000000000e+02 -1.255123604976068723e-03
2.035000000000000000e+02 -1.510429671359288240e-03
2.040000000000000000e+02 -1.696048888349906570e-03
2.045000000000000000e+02 -1.714506210381632227e-03
2.050000000000000000e+02 -2.062250555235454683e-03
2.055000000000000000e+02 -2.102588025895179083e-03
2.060000000000000000e+02 -2.016546204052551902e-03
2.065000000000000000e+02 -2.314827735062545324e-03
2.070000000000000000e+02 -2.524451344822025572e-03
2.075000000000000000e+02 -2.360178290654436819e-03
2.080000000000000000e+02 -2.796640032028011296e-03
2.085000000000000000e+02 -1.917732547827791061e-03
2.090000000000000000e+02 -1.847469950021644923e-03
2.095000000000000000e+02 -1.810288427631699540e-03
2.100000000000000000e+02 -1.639775496056331428e-03
2.105000000000000000e+02 -1.953385166161604198e-03
2.110000000000000000e+02 -1.574063304053110492e-03
2.115000000000000000e+02 -1.949883337068185124e-03
2.120000000000000000e+02 -1.796526509961230691e-03
2.125000000000000000e+02 -1.995985348466560762e-03
2.130000000000000000e+02 -2.428155794790235345e-03
2.135000000000000000e+02 -2.147409099293046304e-03
2.140000000000000000e+02 -2.454461554678423647e-03
2.145000000000000000e+02 -2.540632803832515874e-03
2.150000000000000000e+02 -2.281502852079417797e-03
2.155000000000000000e+02 -2.243772595817871383e-03
2.160000000000000000e+02 -2.378809436575080299e-03
2.165000000000000000e+02 -2.300894386468796578e-03
2.170000000000000000e+02 -2.336466282121830822e-03
2.175000000000000000e+02 -2.373034965253927563e-03
2.180000000000000000e+02 -2.655947239424841580e-03
2.185000000000000000e+02 -3.056149867855945286e-03
2.190000000000000000e+02 -2.986404309885081799e-03
2.195000000000000000e+02 -2.754145522520452197e-03
2.200000000000000000e+02 -2.555661609298954910e-03
