1.100000000000000000e+02 -6.423150826843739176e-03
1.105000000000000000e+02 -5.292171985717646077e-02
1.110000000000000000e+02 -1.373550074111841608e-02
1.115000000000000000e+02 -1.172387117940382473e-01
1.120000000000000000e+02 1.328229031895278127e-02
1.125000000000000000e+02 -5.479855202456363622e-02
1.130000000000000000e+02 -3.654792726319724266e-02
1.135000000000000000e+02 -1.527483777940125964e-01
1.140000000000000000e+02 1.196997967225304160e+00
1.145000000000000000e+02 5.852009212341018340e-01
1.150000000000000000e+02 5.473164848514400216e-01
1.155000000000000000e+02 5.373195776480663710e-01
1.160000000000000000e+02 5.298970844605851438e-01
1.165000000000000000e+02 5.246855812989785761e-01
1.170000000000000000e+02 5.234162794313558242e-01
1.175000000000000000e+02 5.180177195715208738e-01
1.180000000000000000e+02 5.112864785243145249e-01
1.185000000000000000e+02 5.079592802196869483e-01
1.190000000000000000e+02 5.039399561013748752e-01
1.195000000000000000e+02 4.985652481156973015e-01
1.200000000000000000e+02 4.928707103519312516e-01
1.205000000000000000e+02 4.856257747379846834e-01
1.210000000000000000e+02 4.792601826578792301e-01
1.215000000000000000e+02 4.699232626637572241e-01
1.220000000000000000e+02 4.614287038157427467e-01
1.225000000000000000e+02 4.533244680533112803e-01
1.230000000000000000e+02 4.419716932556266298e-01
1.235000000000000000e+02 4.329067344564244135e-01
1.240000000000000000e+02 4.226123288738610762e-01
1.245000000000000000e+02 4.131666469212827986e-01
1.250000000000000000e+02 4.024451755262909991e-01
1.255000000000000000e+02 3.924810546413700085e-01
1.260000000000000000e+02 3.838389937309594213e-01
1.265000000000000000e+02 3.739422639578273699e-01
1.270000000000000000e+02 3.664061443424388997e-01
1.275000000000000000e+02 3.574558287321945582e-01
1.280000000000000000e+02 3.504038144283933010e-01
1.285000000000000000e+02 3.438296301073443528e-01
1.290000000000000000e+02 3.379620721625204993e-01
1.295000000000000000e+02 3.326951105637683259e-01
1.300000000000000000e+02 3.281271726220717500e-01
1.305000000000000000e+02 3.246763973954686078e-01
1.310000000000000000e+02 3.220434715004695247e-01
1.315000000000000000e+02 3.195827363780575081e-01
1.320000000000000000e+02 3.190116820760904859e-01
1.325000000000000000e+02 3.196631704786701555e-01
1.330000000000000000e+02 3.207578144627502015e-01
1.335000000000000000e+02 3.232101459103389751e-01
1.340000000000000000e+02 3.273174197569341248e-01
1.345000000000000000e+02 3.321839434719130457e-01
1.350000000000000000e+02 3.388104257775361172e-01
1.355000000000000000e+02 3.468085478119198317e-01
1.360000000000000000e+02 3.563392250240384196e-01
1.365000000000000000e+02 3.673844576148836971e-01
1.370000000000000000e+02 3.800032658518661122e-01
1.375000000000000000e+02 3.934234491121803567e-01
1.380000000000000000e+02 4.077579546509578767e-01
1.381999999999999886e+02 4.140353110014508564e-01
1.384000000000000057e+02 4.197300846147524189e-01
1.385999999999999943e+02 4.252651614968681049e-01
1.388000000000000114e+02 4.308546169911666168e-01
1.390000000000000000e+02 4.363350861075003251e-01
1.391999999999999886e+02 4.414596324426057206e-01
1.394000000000000057e+02 4.466375076860761850e-01
1.395999999999999943e+02 4.514481298427141520e-01
1.398000000000000114e+02 4.563370469868058277e-01
1.400000000000000000e+02 4.611166976624039293e-01
1.401999999999999886e+02 4.655241311261481552e-01
1.404000000000000057e+02 4.696482561196103078e-01
1.405999999999999943e+02 4.735619500358099199e-01
1.408000000000000114e+02 4.773678865523890980e-01
1.410000000000000000e+02 4.807280241525679898e-01
1.411999999999999886e+02 4.839947245291522093e-01
1.414000000000000057e+02 4.873550521540676583e-01
1.415999999999999943e+02 4.901222175648125012e-01
1.418000000000000114e+02 4.929523251360254932e-01
1.420000000000000000e+02 4.953413706339419575e-01
1.421999999999999886e+02 4.976838263556406239e-01
1.424000000000000057e+02 4.999585199065164631e-01
1.425999999999999943e+02 5.017309525332414033e-01
1.428000000000000114e+02 5.034103987689091397e-01
1.430000000000000000e+02 5.046295999946502908e-01
1.431999999999999886e+02 5.056518929552882291e-01
1.434000000000000057e+02 5.064285949420561650e-01
1.435999999999999943e+02 5.066277389068952752e-01
1.438000000000000114e+02 5.067844188219198243e-01
1.440000000000000000e+02 5.062508346885882249e-01
1.441999999999999886e+02 5.056314457193076262e-01
1.444000000000000057e+02 5.044136965144134788e-01
1.445999999999999943e+02 5.026073311387829756e-01
1.448000000000000114e+02 5.007888446721308062e-01
1.450000000000000000e+02 4.987123294264765860e-01
1.451999999999999886e+02 4.959885900652688528e-01
1.454000000000000057e+02 4.931806201881567819e-01
1.455999999999999943e+02 4.901123059152712180e-01
1.458000000000000114e+02 4.868484829676406611e-01
1.460000000000000000e+02 4.834740665389315462e-01
1.461999999999999886e+02 4.793975989154050099e-01
1.464000000000000057e+02 4.753150830372593338e-01
1.465999999999999943e+02 4.707959416110014672e-01
1.468000000000000114e+02 4.660218384656772406e-01
1.470000000000000000e+02 4.609890749316795100e-01
1.471999999999999886e+02 4.559118835546278614e-01
1.474000000000000057e+02 4.501844449346781296e-01
1.475999999999999943e+02 4.441658708737680761e-01
1.478000000000000114e+02 4.383142578766846542e-01
1.480000000000000000e+02 4.322741084686875790e-01
1.481999999999999886e+02 4.263632771174717950e-01
1.484000000000000057e+02 4.208170221346834161e-01
1.485999999999999943e+02 4.151938646198974348e-01
1.488000000000000114e+02 4.098262393097449330e-01
1.490000000000000000e+02 4.047333248186640309e-01
1.491999999999999886e+02 3.993888328036470647e-01
1.494000000000000057e+02 3.944029845150548441e-01
1.495999999999999943e+02 3.889359083550208984e-01
1.498000000000000114e+02 3.838041379041150503e-01
1.500000000000000000e+02 3.782803849032626009e-01
1.505000000000000000e+02 3.650541149835563326e-01
1.510000000000000000e+02 3.517246489328748615e-01
1.515000000000000000e+02 3.381298442971309992e-01
1.520000000000000000e+02 3.251409934083405728e-01
1.525000000000000000e+02 3.130764718711273042e-01
1.530000000000000000e+02 3.014543446017175499e-01
1.535000000000000000e+02 2.894001881426253031e-01
1.540000000000000000e+02 2.771486649979592598e-01
1.545000000000000000e+02 2.636988449788881250e-01
1.550000000000000000e+02 2.498373767199598694e-01
1.555000000000000000e+02 2.350707617478758338e-01
1.560000000000000000e+02 2.197065466179249638e-01
1.565000000000000000e+02 2.033999522989747288e-01
1.570000000000000000e+02 1.870584790107433226e-01
1.575000000000000000e+02 1.708060433092186137e-01
1.580000000000000000e+02 1.541425799782427108e-01
1.585000000000000000e+02 1.378363594169310091e-01
1.590000000000000000e+02 1.214077061099364946e-01
1.595000000000000000e+02 1.057307168457467944e-01
1.600000000000000000e+02 9.064527395140650756e-02
1.605000000000000000e+02 7.691586439903987105e-02
1.610000000000000000e+02 6.474293214984273848e-02
1.615000000000000000e+02 5.360974739764056557e-02
1.620000000000000000e+02 4.433051908207764208e-02
1.625000000000000000e+02 3.610086418965935406e-02
1.630000000000000000e+02 2.936320348891581500e-02
1.635000000000000000e+02 2.401041079777702439e-02
1.640000000000000000e+02 1.969913198954987427e-02
1.645000000000000000e+02 1.632242845105217124e-02
1.650000000000000000e+02 1.342015688621440300e-02
1.655000000000000000e+02 1.107134047162875237e-02
1.660000000000000000e+02 9.375491532257076641e-03
1.665000000000000000e+02 7.737569161524699562e-03
1.670000000000000000e+02 6.437942806602758861e-03
1.675000000000000000e+02 5.240830537082559124e-03
1.680000000000000000e+02 4.430698989026006333e-03
1.685000000000000000e+02 3.687184673815115284e-03
1.690000000000000000e+02 3.051626602837690348e-03
1.695000000000000000e+02 2.685181456876847578e-03
1.700000000000000000e+02 2.269588528746072000e-03
1.705000000000000000e+02 1.875061380024312932e-03
1.710000000000000000e+02 1.601430187762170436e-03
1.715000000000000000e+02 1.388769420361236472e-03
1.720000000000000000e+02 1.277584438137578746e-03
1.725000000000000000e+02 1.014130235792144296e-03
1.730000000000000000e+02 9.089928171530826809e-04
1.735000000000000000e+02 7.090913760740797734e-04
1.740000000000000000e+02 6.256728880204419797e-04
1.745000000000000000e+02 6.238982318165177052e-04
1.750000000000000000e+02 7.538437120314331894e-04
1.755000000000000000e+02 7.765410530909298229e-04
1.760000000000000000e+02 7.710754319609164440e-04
1.765000000000000000e+02 9.947489644399913535e-04
1.770000000000000000e+02 1.045926928021698090e-03
1.775000000000000000e+02 1.451246250875796702e-03
1.780000000000000000e+02 1.427128838547051621e-03
1.785000000000000000e+02 1.663576931539298117e-03
1.790000000000000000e+02 1.630053679045573908e-03
1.795000000000000000e+02 1.968958721385612523e-03
1.800000000000000000e+02 2.417424913889862706e-03
1.805000000000000000e+02 2.487790324314519824e-03
1.810000000000000000e+02 2.600011374019807042e-03
1.815000000000000000e+02 2.983809055368592984e-03
1.820000000000000000e+02 3.089097080346697461e-03
1.825000000000000000e+02 3.268987361648720193e-03
1.830000000000000000e+02 3.560005391284756533e-03
1.835000000000000000e+02 3.700753374518232601e-03
1.840000000000000000e+02 3.815121323733868149e-03
1.845000000000000000e+02 3.950781844558719398e-03
1.850000000000000000e+02 4.291188298861142031e-03
1.855000000000000000e+02 4.489819106239289863e-03
1.860000000000000000e+02 4.658857682490985357e-03
1.865000000000000000e+02 4.964991368810195253e-03
1.870000000000000000e+02 5.107249383510224783e-03
1.875000000000000000e+02 5.189249540483841655e-03
1.880000000000000000e+02 5.547216411275253216e-03
1.885000000000000000e+02 5.773704136290414013e-03
1.890000000000000000e+02 5.902853048587001182e-03
1.895000000000000000e+02 6.025670021531268419e-03
1.900000000000000000e+02 6.064952112302134796e-03
1.905000000000000000e+02 6.107275491314495715e-03
1.910000000000000000e+02 5.802587426026311127e-03
1.915000000000000000e+02 5.534369894862177335e-03
1.920000000000000000e+02 5.876513221145417826e-03
1.925000000000000000e+02 5.783277808025214309e-03
1.930000000000000000e+02 5.613489881770893433e-03
1.935000000000000000e+02 5.371563582250150209e-03
1.940000000000000000e+02 5.000576501340143511e-03
1.945000000000000000e+02 4.641492732320606600e-03
1.950000000000000000e+02 3.863349800487409294e-03
1.955000000000000000e+02 3.543841090729715673e-03
1.960000000000000000e+02 3.056510510196905252e-03
1.965000000000000000e+02 2.845202693708731752e-03
1.970000000000000000e+02 2.428028479184361939e-03
1.975000000000000000e+02 1.959600785778100283e-03
1.980000000000000000e+02 1.820615095650732597e-03
1.985000000000000000e+02 1.288097261290153993e-03
1.990000000000000000e+02 9.147143515864232348e-04
1.995000000000000000e+02 4.935595869278941667e-04
2.000000000000000000e+02 3.447067140831930917e-04
2.005000000000000000e+02 1.161866626969104904e-06
2.010000000000000000e+02 -1.676857194452559653e-04
2.015000000000000000e+02 -1.842099320516126589e-04
2.020000000000000000e+02 -3.459829913422802876e-04
2.025000000000000000e+02 -4.410766179392411617e-04
2.030000000000000000e+02 -4.015021973233468770e-04
2.035000000000000000e+02 -3.848125949915064234e-04
2.040000000000000000e+02 -5.121347995748676057e-04
2.045000000000000000e+02 -5.433723447043200747e-04
2.050000000000000000e+02 -4.997579589706000651e-04
2.055000000000000000e+02 -4.153001766655861431e-04
2.060000000000000000e+02 -3.323376179564451697e-04
2.065000000000000000e+02 -3.457393635236075016e-04
2.070000000000000000e+02 -2.492631620762366025e-04
2.075000000000000000e+02 -2.600897370323775352e-04
2.080000000000000000e+02 8.098882773551888462e-05
2.085000000000000000e+02 -2.147109714551386042e-05
2.090000000000000000e+02 2.661538368657271250e-05
2.095000000000000000e+02 1.041998432567224208e-04
2.100000000000000000e+02 6.238713427872283617e-05
2.105000000000000000e+02 -3.072276676003607399e-05
2.110000000000000000e+02 -4.872228597597809928e-05
2.115000000000000000e+02 -1.606149138063956284e-04
2.120000000000000000e+02 -3.595408648907738473e-06
2.125000000000000000e+02 -2.005526873122938033e-04
2.130000000000000000e+02 -1.060979781254487299e-04
2.135000000000000000e+02 -2.039489704296752498e-04
2.140000000000000000e+02 -1.544839363662264906e-04
2.145000000000000000e+02 -2.540616085714608361e-04
2.150000000000000000e+02 -6.494326797770268221e-05
2.155000000000000000e+02 -3.102260946365577397e-04
2.160000000000000000e+02 -1.916768230330029622e-05
2.165000000000000000e+02 -4.078178028865651092e-04
2.170000000000000000e+02 -3.023506950643223994e-04
2.175000000000000000e+02 -2.836198557763691848e-04
2.180000000000000000e+02 -2.833254643000055763e-04
2.185000000000000000e+02 -2.847376739032754902e-04
2.190000000000000000e+02 -5.254066347156690926e-04
2.195000000000000000e+02 -3.617917643751701801e-04
2.200000000000000000e+02 -1.637378144428105369e-04
