1.100000000000000000e+02 2.612028794818451599e-02
1.105000000000000000e+02 -3.705197599941456588e-02
1.110000000000000000e+02 -2.431806834574147883e-02
1.115000000000000000e+02 1.212140883985752121e-01
1.120000000000000000e+02 -1.071778048663416145e-02
1.125000000000000000e+02 -3.799068765991955258e-03
1.130000000000000000e+02 7.769226874235320157e-02
1.135000000000000000e+02 2.544287439394964101e-02
1.140000000000000000e+02 1.678118534985094223e+00
1.145000000000000000e+02 5.107118193826967190e-01
1.150000000000000000e+02 4.936489227266548929e-01
1.155000000000000000e+02 4.852357754497038100e-01
1.160000000000000000e+02 4.834532727561822174e-01
1.165000000000000000e+02 4.815849830131749276e-01
1.170000000000000000e+02 4.780778694816422147e-01
1.175000000000000000e+02 4.784481292854414480e-01
1.180000000000000000e+02 4.769147592769280575e-01
1.185000000000000000e+02 4.697646937003253642e-01
1.190000000000000000e+02 4.674830699719997318e-01
1.195000000000000000e+02 4.627451929503868522e-01
1.200000000000000000e+02 4.591071253580653599e-01
1.205000000000000000e+02 4.545077002886474538e-01
1.210000000000000000e+02 4.476712745076635858e-01
1.215000000000000000e+02 4.402611496094001042e-01
1.220000000000000000e+02 4.316209767037173517e-01
1.225000000000000000e+02 4.224750065863609461e-01
1.230000000000000000e+02 4.120875950163789270e-01
1.235000000000000000e+02 4.017718037608731807e-01
1.240000000000000000e+02 3.912884651543192538e-01
1.245000000000000000e+02 3.810134867403360825e-01
1.250000000000000000e+02 3.706814859861350397e-01
1.255000000000000000e+02 3.602832469618986178e-01
1.260000000000000000e+02 3.512322673738065837e-01
1.265000000000000000e+02 3.418815085142383192e-01
1.270000000000000000e+02 3.330491895372293953e-01
1.275000000000000000e+02 3.254948836751148100e-01
1.280000000000000000e+02 3.186724350350531032e-01
1.285000000000000000e+02 3.129311633938920978e-01
1.290000000000000000e+02 3.081328965223346650e-01
1.295000000000000000e+02 3.035808116170372606e-01
1.300000000000000000e+02 3.007974143528266975e-01
1.305000000000000000e+02 2.987476497583120838e-01
1.310000000000000000e+02 2.977230525716502707e-01
1.315000000000000000e+02 2.974302404019676938e-01
1.320000000000000000e+02 2.986429502029210314e-01
1.325000000000000000e+02 3.013565622099936836e-01
1.330000000000000000e+02 3.049970953029620402e-01
1.335000000000000000e+02 3.105854081112999765e-01
1.340000000000000000e+02 3.170055177165150839e-01
1.345000000000000000e+02 3.250097855974019567e-01
1.350000000000000000e+02 3.339833377653003144e-01
1.355000000000000000e+02 3.449078548792902654e-01
1.360000000000000000e+02 3.571111585003786115e-01
1.365000000000000000e+02 3.702397943641560496e-01
1.370000000000000000e+02 3.853249497744243302e-01
1.375000000000000000e+02 4.015355132437794516e-01
1.380000000000000000e+02 4.181612006774332868e-01
1.381999999999999886e+02 4.244474117963584203e-01
1.384000000000000057e+02 4.314080432045258595e-01
1.385999999999999943e+02 4.378126837662235649e-01
1.388000000000000114e+02 4.442650765333038265e-01
1.390000000000000000e+02 4.505232892726389604e-01
1.391999999999999886e+02 4.568185420887060366e-01
1.394000000000000057e+02 4.628102854891398277e-01
1.395999999999999943e+02 4.686117034460034469e-01
1.398000000000000114e+02 4.743168223525392468e-01
1.400000000000000000e+02 4.787700933692147220e-01
1.401999999999999886e+02 4.838044494793946049e-01
1.404000000000000057e+02 4.879769543526528142e-01
1.405999999999999943e+02 4.915120322703235844e-01
1.408000000000000114e+02 4.955065301875550832e-01
1.410000000000000000e+02 4.983747560297571710e-01
1.411999999999999886e+02 5.012480396587942755e-01
1.414000000000000057e+02 5.035680654503386089e-01
1.415999999999999943e+02 5.060813037124796132e-01
1.418000000000000114e+02 5.080246063708757642e-01
1.420000000000000000e+02 5.096363360941379428e-01
1.421999999999999886e+02 5.116518598848982524e-01
1.424000000000000057e+02 5.127576056469055343e-01
1.425999999999999943e+02 5.137553034165293075e-01
1.428000000000000114e+02 5.145261070094793165e-01
1.430000000000000000e+02 5.152372557922060281e-01
1.431999999999999886e+02 5.151441565346198681e-01
1.434000000000000057e+02 5.154030034686207795e-01
1.435999999999999943e+02 5.144112286779343179e-01
1.438000000000000114e+02 5.133875144773570876e-01
1.440000000000000000e+02 5.121331280300183142e-01
1.441999999999999886e+02 5.097482793033447646e-01
1.444000000000000057e+02 5.076134437038035685e-01
1.445999999999999943e+02 5.051236566853152254e-01
1.448000000000000114e+02 5.017157027519332235e-01
1.450000000000000000e+02 4.982995198933724557e-01
1.451999999999999886e+02 4.945012312374540420e-01
1.454000000000000057e+02 4.900197081968521995e-01
1.455999999999999943e+02 4.857210640837311133e-01
1.458000000000000114e+02 4.810109946936114156e-01
1.460000000000000000e+02 4.758929711795464312e-01
1.461999999999999886e+02 4.701636281908676551e-01
1.464000000000000057e+02 4.645271608292134147e-01
1.465999999999999943e+02 4.584469424032239226e-01
1.468000000000000114e+02 4.522978811260176535e-01
1.470000000000000000e+02 4.454090648898202387e-01
1.471999999999999886e+02 4.387785820777159174e-01
1.474000000000000057e+02 4.315190699694687049e-01
1.475999999999999943e+02 4.242327354065522083e-01
1.478000000000000114e+02 4.167760062410943434e-01
1.480000000000000000e+02 4.094722784036660679e-01
1.481999999999999886e+02 4.022064801306738380e-01
1.484000000000000057e+02 3.949147106196873591e-01
1.485999999999999943e+02 3.885489607229135056e-01
1.488000000000000114e+02 3.821285874638343238e-01
1.490000000000000000e+02 3.754926263077085213e-01
1.491999999999999886e+02 3.693573018079763237e-01
1.494000000000000057e+02 3.631783609719467787e-01
1.495999999999999943e+02 3.568839245597871246e-01
1.498000000000000114e+02 3.510636255182537635e-01
1.500000000000000000e+02 3.441824463555186453e-01
1.505000000000000000e+02 3.295239250738660752e-01
1.510000000000000000e+02 3.149196186779127937e-01
1.515000000000000000e+02 3.007376170027774576e-01
1.520000000000000000e+02 2.873803195160946622e-01
1.525000000000000000e+02 2.746654608271743014e-01
1.530000000000000000e+02 2.635270558387242112e-01
1.535000000000000000e+02 2.519663376964729751e-01
1.540000000000000000e+02 2.401208116065350895e-01
1.545000000000000000e+02 2.282634109760396379e-01
1.550000000000000000e+02 2.157040788366506034e-01
1.555000000000000000e+02 2.024359037532222627e-01
1.560000000000000000e+02 1.891492221535547302e-01
1.565000000000000000e+02 1.747008008073275276e-01
1.570000000000000000e+02 1.604632400025701178e-01
1.575000000000000000e+02 1.458697552080548965e-01
1.580000000000000000e+02 1.316928759444150610e-01
1.585000000000000000e+02 1.171097827906094901e-01
1.590000000000000000e+02 1.022879834706894309e-01
1.595000000000000000e+02 8.839668984765720883e-02
1.600000000000000000e+02 7.468387509728391382e-02
1.605000000000000000e+02 6.199030404387921578e-02
1.610000000000000000e+02 5.089883446452844740e-02
1.615000000000000000e+02 4.110741709303175617e-02
1.620000000000000000e+02 3.242329207173716421e-02
1.625000000000000000e+02 2.515904429243974449e-02
1.630000000000000000e+02 1.945724223516344387e-02
1.635000000000000000e+02 1.398253024310995574e-02
1.640000000000000000e+02 1.037972622672410188e-02
1.645000000000000000e+02 7.313591212352395579e-03
1.650000000000000000e+02 4.817964641316607559e-03
1.655000000000000000e+02 2.993324918285205152e-03
1.660000000000000000e+02 9.954757363774594491e-04
1.665000000000000000e+02 7.216629807112415218e-05
1.670000000000000000e+02 -8.711880392157614512e-04
1.675000000000000000e+02 -1.840270188291889862e-03
1.680000000000000000e+02 -2.340950059921675756e-03
1.685000000000000000e+02 -2.953749046206502471e-03
1.690000000000000000e+02 -3.064546740400487038e-03
1.695000000000000000e+02 -3.374768895685286568e-03
1.700000000000000000e+02 -3.973969507027746116e-03
1.705000000000000000e+02 -3.893441170014911527e-03
1.710000000000000000e+02 -4.323089269458377064e-03
1.715000000000000000e+02 -4.360864059536036577e-03
1.720000000000000000e+02 -4.394808760959091794e-03
1.725000000000000000e+02 -4.624339262160809434e-03
1.730000000000000000e+02 -4.197124692326194631e-03
1.735000000000000000e+02 -4.730072211298617588e-03
1.740000000000000000e+02 -4.457203436984586396e-03
1.745000000000000000e+02 -4.710986757865365422e-03
1.750000000000000000e+02 -4.678230134598738640e-03
1.755000000000000000e+02 -4.134265714117797696e-03
1.760000000000000000e+02 -4.184050105788843753e-03
1.765000000000000000e+02 -4.280326702403319632e-03
1.770000000000000000e+02 -4.002750514840153380e-03
1.775000000000000000e+02 -3.941736118116877761e-03
1.780000000000000000e+02 -3.690636858380364361e-03
1.785000000000000000e+02 -3.079361593622713996e-03
1.790000000000000000e+02 -2.466234829575815034e-03
1.795000000000000000e+02 -2.356644665934172576e-03
1.800000000000000000e+02 -1.519610985997814226e-03
1.805000000000000000e+02 -1.634054068476282606e-03
1.810000000000000000e+02 -1.368176694680907010e-03
1.815000000000000000e+02 -1.193399886714316491e-03
1.820000000000000000e+02 -2.577715782941448932e-04
1.825000000000000000e+02 -5.403579217365972486e-05
1.830000000000000000e+02 2.965866191931139872e-04
1.835000000000000000e+02 7.795312978770372735e-05
1.840000000000000000e+02 8.000925364930326937e-04
1.845000000000000000e+02 1.527793824767652124e-03
1.850000000000000000e+02 1.624185156176209330e-03
1.855000000000000000e+02 1.720073722370362226e-03
1.860000000000000000e+02 2.301944000429010772e-03
1.865000000000000000e+02 2.642788884615611747e-03
1.870000000000000000e+02 3.116131113220582498e-03
1.875000000000000000e+02 3.640464031085678676e-03
1.880000000000000000e+02 3.579059652589774206e-03
1.885000000000000000e+02 3.949533395392586591e-03
1.890000000000000000e+02 4.200966890113101704e-03
1.895000000000000000e+02 4.693388602218584622e-03
1.900000000000000000e+02 5.272190897973749561e-03
1.905000000000000000e+02 5.548220694149840447e-03
1.910000000000000000e+02 5.215442281263044794e-03
1.915000000000000000e+02 5.264038336518292796e-03
1.920000000000000000e+02 5.209673237100990485e-03
1.925000000000000000e+02 5.187859432136444210e-03
1.930000000000000000e+02 5.206096497559234600e-03
1.935000000000000000e+02 4.997966245200789748e-03
1.940000000000000000e+02 4.556402326440409621e-03
1.945000000000000000e+02 4.023193564769882331e-03
1.950000000000000000e+02 3.427764078397530032e-03
1.955000000000000000e+02 3.078506123225166567e-03
1.960000000000000000e+02 2.440355513232577486e-03
1.965000000000000000e+02 2.048310475767698910e-03
1.970000000000000000e+02 1.276190074981499705e-03
1.975000000000000000e+02 5.549450872839229755e-04
1.980000000000000000e+02 8.546073670123125344e-05
1.985000000000000000e+02 -1.159626770260670432e-04
1.990000000000000000e+02 -4.730212256774369802e-04
1.995000000000000000e+02 -1.133597007187782347e-03
2.000000000000000000e+02 -1.656156629989021228e-03
2.005000000000000000e+02 -1.794703450659944398e-03
2.010000000000000000e+02 -1.950075012350447386e-03
2.015000000000000000e+02 -2.210204032270924983e-03
2.020000000000000000e+02 -2.394922076727470581e-03
2.025000000000000000e+02 -2.260739659758740586e-03
2.030000000000000000e+02 -2.305382654910064465e-03
2.035000000000000000e+02 -2.434815787027998224e-03
2.040000000000000000e+02 -2.554211339992154030e-03
2.045000000000000000e+02 -2.733858688635666320e-03
2.050000000000000000e+02 -2.764331339745888620e-03
2.055000000000000000e+02 -2.694684774249906951e-03
2.060000000000000000e+02 -2.678743770251624558e-03
2.065000000000000000e+02 -2.349186482570945946e-03
2.070000000000000000e+02 -2.584045041076074058e-03
2.075000000000000000e+02 -2.859107349146137404e-03
2.080000000000000000e+02 -2.642156663565620092e-03
2.085000000000000000e+02 -2.752351448068461777e-03
2.090000000000000000e+02 -2.465359162651264285e-03
2.095000000000000000e+02 -2.713254164891910035e-03
2.100000000000000000e+02 -2.506786193691412298e-03
2.105000000000000000e+02 -2.309558519247693203e-03
2.110000000000000000e+02 -2.525817845348403770e-03
2.115000000000000000e+02 -2.492377022892707308e-03
2.120000000000000000e+02 -2.380618721993024104e-03
2.125000000000000000e+02 -2.561588617845974962e-03
2.130000000000000000e+02 -2.552991567399694184e-03
2.135000000000000000e+02 -2.478705921808610664e-03
2.140000000000000000e+02 -2.458337469604444849e-03
2.145000000000000000e+02 -2.289212537881737085e-03
2.150000000000000000e+02 -2.277456447426896066e-03
2.155000000000000000e+02 -2.219469234558811566e-03
2.160000000000000000e+02 -1.979458212425412242e-03
2.165000000000000000e+02 -1.880955738258813584e-03
2.170000000000000000e+02 -2.022099838740919458e-03
2.175000000000000000e+02 -1.525002381731990113e-03
2.180000000000000000e+02 -1.648334252845860782e-03
2.185000000000000000e+02 -1.597327015886998913e-03
2.190000000000000000e+02 -1.578737532594818053e-03
2.195000000000000000e+02 -1.481893261720713647e-03
2.200000000000000000e+02 -1.141236746881228638e-03
