1.100000000000000000e+02 -4.090126633933202638e-02
1.105000000000000000e+02 -9.069894248978313533e-02
1.110000000000000000e+02 -1.072196380905602875e-01
1.115000000000000000e+02 -3.724573081461964030e-02
1.120000000000000000e+02 -1.359708378479766895e-02
1.125000000000000000e+02 -1.123679664186527094e-01
1.130000000000000000e+02 -5.229983284143437106e-02
1.135000000000000000e+02 5.689139263141866111e-03
1.140000000000000000e+02 3.441115825487637836e-01
1.145000000000000000e+02 2.129384974342427572e-01
1.150000000000000000e+02 2.080228695759083757e-01
1.155000000000000000e+02 2.044853144537845946e-01
1.160000000000000000e+02 2.030432019376345598e-01
1.165000000000000000e+02 2.017405513605055878e-01
1.170000000000000000e+02 2.004973860373159555e-01
1.175000000000000000e+02 1.990174766979494192e-01
1.180000000000000000e+02 1.980893034710012046e-01
1.185000000000000000e+02 1.970013926424855066e-01
1.190000000000000000e+02 1.952521792614354823e-01
1.195000000000000000e+02 1.938292991701691947e-01
1.200000000000000000e+02 1.912194690675609876e-01
1.205000000000000000e+02 1.892968575502729234e-01
1.210000000000000000e+02 1.862198389953947375e-01
1.215000000000000000e+02 1.824711064663578630e-01
1.220000000000000000e+02 1.795319380111716212e-01
1.225000000000000000e+02 1.737777344820412850e-01
1.230000000000000000e+02 1.696572158482442250e-01
1.235000000000000000e+02 1.657594790757642711e-01
1.240000000000000000e+02 1.608374804527101798e-01
1.245000000000000000e+02 1.553372127596843177e-01
1.250000000000000000e+02 1.504848768541856285e-01
1.255000000000000000e+02 1.465358559398900751e-01
1.260000000000000000e+02 1.419886179605774068e-01
1.265000000000000000e+02 1.378042331094467832e-01
1.270000000000000000e+02 1.342929395066551068e-01
1.275000000000000000e+02 1.306621148785089004e-01
1.280000000000000000e+02 1.274400952953079480e-01
1.285000000000000000e+02 1.254669308116710125e-01
1.290000000000000000e+02 1.233247174268272267e-01
1.295000000000000000e+02 1.214395016464740740e-01
1.300000000000000000e+02 1.205356457353984057e-01
1.305000000000000000e+02 1.198547045646185111e-01
1.310000000000000000e+02 1.198279963604787779e-01
1.315000000000000000e+02 1.201030711684849123e-01
1.320000000000000000e+02 1.210523321498142707e-01
1.325000000000000000e+02 1.227503046927069935e-01
1.330000000000000000e+02 1.250524637291716978e-01
1.335000000000000000e+02 1.280613122289369910e-01
1.340000000000000000e+02 1.316217260894676500e-01
1.345000000000000000e+02 1.356416168615055540e-01
1.350000000000000000e+02 1.403990658674283409e-01
1.355000000000000000e+02 1.461730836137467016e-01
1.360000000000000000e+02 1.519350799089772830e-01
1.365000000000000000e+02 1.589096669403741446e-01
1.370000000000000000e+02 1.667474864441755578e-01
1.375000000000000000e+02 1.751249345119923750e-01
1.380000000000000000e+02 1.836229623345362327e-01
1.385000000000000000e+02 1.925509439202793271e-01
1.390000000000000000e+02 2.004953416183374026e-01
1.395000000000000000e+02 2.091562467731279962e-01
1.400000000000000000e+02 2.159785137113701958e-01
1.405000000000000000e+02 2.220147017609015450e-01
1.410000000000000000e+02 2.273919401452809408e-01
1.415000000000000000e+02 2.312658629383623765e-01
1.420000000000000000e+02 2.344539313879779319e-01
1.425000000000000000e+02 2.371991538509454767e-01
1.430000000000000000e+02 2.389007953860369793e-01
1.435000000000000000e+02 2.398958567784253981e-01
1.440000000000000000e+02 2.395218874712498336e-01
1.445000000000000000e+02 2.382462748800254215e-01
1.450000000000000000e+02 2.354728863783173143e-01
1.455000000000000000e+02 2.313404086927470793e-01
1.460000000000000000e+02 2.262755504089738467e-01
1.465000000000000000e+02 2.197904484486263577e-01
1.470000000000000000e+02 2.128433870049163956e-01
1.475000000000000000e+02 2.050098962640969358e-01
1.480000000000000000e+02 1.970718153801293004e-01
1.485000000000000000e+02 1.892381382945686752e-01
1.490000000000000000e+02 1.822114872964591126e-01
1.495000000000000000e+02 1.750057048807717730e-01
1.500000000000000000e+02 1.679763225256780679e-01
1.505000000000000000e+02 1.610958848154273593e-01
1.510000000000000000e+02 1.548361105572421959e-01
1.515000000000000000e+02 1.486548938591173985e-01
1.520000000000000000e+02 1.427792292709169075e-01
1.525000000000000000e+02 1.367890594399995552e-01
1.530000000000000000e+02 1.321912230570989888e-01
1.535000000000000000e+02 1.264731823147456913e-01
1.540000000000000000e+02 1.211971986347465113e-01
1.545000000000000000e+02 1.153082490330344656e-01
1.550000000000000000e+02 1.100699147528993449e-01
1.555000000000000000e+02 1.039771986731742731e-01
1.560000000000000000e+02 9.776014877228435263e-02
1.565000000000000000e+02 9.109915821381715795e-02
1.570000000000000000e+02 8.383848574184576963e-02
1.575000000000000000e+02 7.720489057976676062e-02
1.580000000000000000e+02 7.033205429196864866e-02
1.585000000000000000e+02 6.313645179719014344e-02
1.590000000000000000e+02 5.601767670798427079e-02
1.595000000000000000e+02 4.882054346208729301e-02
1.600000000000000000e+02 4.196471592846087728e-02
1.605000000000000000e+02 3.549357298124460047e-02
1.610000000000000000e+02 2.953328264279583143e-02
1.615000000000000000e+02 2.424928784614168928e-02
1.620000000000000000e+02 2.005665684734475943e-02
1.625000000000000000e+02 1.624790451327761190e-02
1.630000000000000000e+02 1.284621535616975799e-02
1.635000000000000000e+02 9.602548099312983865e-03
1.640000000000000000e+02 7.754259362855678121e-03
1.645000000000000000e+02 5.907188045103647228e-03
1.650000000000000000e+02 4.577790746779470711e-03
1.655000000000000000e+02 3.658589575052986417e-03
1.660000000000000000e+02 2.791244437630692118e-03
1.665000000000000000e+02 2.274939959889647929e-03
1.670000000000000000e+02 1.723355973445808318e-03
1.675000000000000000e+02 1.513945939437716251e-03
1.680000000000000000e+02 1.170638938383421201e-03
1.685000000000000000e+02 1.638075354912493613e-03
1.690000000000000000e+02 1.249236169157518644e-03
1.695000000000000000e+02 1.168898665297030169e-03
1.700000000000000000e+02 1.053695212230272744e-03
1.705000000000000000e+02 8.404000318836094040e-04
1.710000000000000000e+02 7.724388028165188498e-04
1.715000000000000000e+02 5.626151254697756617e-04
1.720000000000000000e+02 5.369651850521990752e-04
1.725000000000000000e+02 5.839717047361299906e-04
1.730000000000000000e+02 8.459904872492587588e-04
1.735000000000000000e+02 7.203776446135811730e-04
1.740000000000000000e+02 4.894223809251567513e-04
1.745000000000000000e+02 1.057641947742900008e-03
1.750000000000000000e+02 5.820759168570613417e-04
1.755000000000000000e+02 8.039582233419401191e-04
1.760000000000000000e+02 5.415678675453120244e-04
1.765000000000000000e+02 7.643483682413561167e-04
1.770000000000000000e+02 5.812887681685743315e-04
1.775000000000000000e+02 1.195576113915434871e-03
1.780000000000000000e+02 8.388542366151068366e-04
1.785000000000000000e+02 9.773409569615342570e-04
1.790000000000000000e+02 5.353918125994844160e-04
1.795000000000000000e+02 5.458875659760174630e-04
1.800000000000000000e+02 6.122411564074695719e-04
1.805000000000000000e+02 8.088497743341653036e-04
1.810000000000000000e+02 7.834447802159191093e-04
1.815000000000000000e+02 8.147755240699628863e-04
1.820000000000000000e+02 6.830971749288575548e-04
1.825000000000000000e+02 1.046968991034539706e-03
1.830000000000000000e+02 7.811862118895908456e-04
1.835000000000000000e+02 1.631311868297947521e-04
1.840000000000000000e+02 4.180034676109450984e-04
1.845000000000000000e+02 5.218763903148740651e-04
1.850000000000000000e+02 6.755962391849532978e-04
1.855000000000000000e+02 7.026207575654596282e-04
1.860000000000000000e+02 5.457345775629414593e-04
1.865000000000000000e+02 1.484033888648310590e-03
1.870000000000000000e+02 1.328895939611304420e-03
1.875000000000000000e+02 1.234626492680909911e-03
1.880000000000000000e+02 1.242879429382316931e-03
1.885000000000000000e+02 1.470298090408228954e-03
1.890000000000000000e+02 1.619093822522985971e-03
1.895000000000000000e+02 1.416150470570500235e-03
1.900000000000000000e+02 1.637122456964394679e-03
1.905000000000000000e+02 1.924595444778132375e-03
1.910000000000000000e+02 2.064084403210426737e-03
1.915000000000000000e+02 1.857296337973933596e-03
1.920000000000000000e+02 1.889325097555678021e-03
1.925000000000000000e+02 2.000753249789628731e-03
1.930000000000000000e+02 1.901973524348196968e-03
1.935000000000000000e+02 2.232053971584788653e-03
1.940000000000000000e+02 1.955518704972754925e-03
1.945000000000000000e+02 1.436404026225210004e-03
1.950000000000000000e+02 1.957042909454046777e-03
1.955000000000000000e+02 1.788239669325780625e-03
1.960000000000000000e+02 1.719343852211950878e-03
1.965000000000000000e+02 1.590090607073470436e-03
1.970000000000000000e+02 1.495703194948228704e-03
1.975000000000000000e+02 1.718112601659408213e-03
1.980000000000000000e+02 1.274261860875693488e-03
1.985000000000000000e+02 1.214428386605825513e-03
1.990000000000000000e+02 1.089818670206986907e-03
1.995000000000000000e+02 6.576743130076004350e-04
2.000000000000000000e+02 3.610336794839305715e-04
2.005000000000000000e+02 1.422024037897457176e-04
2.010000000000000000e+02 -2.338438060845238816e-04
2.015000000000000000e+02 -3.217114356685892821e-04
2.020000000000000000e+02 -6.046109230923316308e-05
2.025000000000000000e+02 -5.544214156802955602e-04
2.030000000000000000e+02 -4.828260704547479945e-04
2.035000000000000000e+02 -2.181125389659562441e-04
2.040000000000000000e+02 -5.172091492152583415e-04
2.045000000000000000e+02 -4.605388634140327353e-04
2.050000000000000000e+02 -8.616457433882979350e-04
2.055000000000000000e+02 -7.961103415824946497e-04
2.060000000000000000e+02 -8.826050611695222033e-04
2.065000000000000000e+02 -1.061152911627452665e-03
2.070000000000000000e+02 -1.240508578526237958e-03
2.075000000000000000e+02 -1.226174374510118894e-03
2.080000000000000000e+02 -1.226380402853021346e-03
2.085000000000000000e+02 -9.911320166131366849e-04
2.090000000000000000e+02 -1.180576058164756886e-03
2.095000000000000000e+02 -1.212556580096128952e-03
2.100000000000000000e+02 -1.211560475160301494e-03
2.105000000000000000e+02 -1.006383029416456050e-03
2.110000000000000000e+02 -1.173323539514500987e-03
2.115000000000000000e+02 -1.385018965608033215e-03
2.120000000000000000e+02 -1.598222029971838000e-03
2.125000000000000000e+02 -1.232613640804962937e-03
2.130000000000000000e+02 -1.305310674893884332e-03
2.135000000000000000e+02 -1.339798003496749232e-03
2.140000000000000000e+02 -1.134515649710218137e-03
2.145000000000000000e+02 -1.334623650954413912e-03
2.150000000000000000e+02 -1.243014990740995505e-03
2.155000000000000000e+02 -1.465007578422984798e-03
2.160000000000000000e+02 -1.536660013191759556e-03
2.165000000000000000e+02 -1.985324610283228149e-03
2.170000000000000000e+02 -1.636857096262989792e-03
2.175000000000000000e+02 -1.921273096671082632e-03
2.180000000000000000e+02 -1.682807025769471115e-03
2.185000000000000000e+02 -1.819522867528622790e-03
2.190000000000000000e+02 -1.536716678175837139e-03
2.195000000000000000e+02 -1.096069315121786384e-03
2.200000000000000000e+02 -9.539622529483899206e-04
