1.100000000000000000e+02 4.479030672095479781e-02
1.105000000000000000e+02 -1.052354522537573243e-02
1.110000000000000000e+02 5.077401292713103198e-02
1.115000000000000000e+02 6.906938685748080509e-02
1.120000000000000000e+02 -5.821924717459005250e-02
1.125000000000000000e+02 -1.165171867729700717e-01
1.130000000000000000e+02 5.749400247691593274e-02
1.135000000000000000e+02 -1.584643141806529876e-02
1.140000000000000000e+02 nan
1.145000000000000000e+02 7.295203227490912878e-01
1.150000000000000000e+02 6.848710342423326436e-01
1.155000000000000000e+02 6.700432352019970450e-01
1.160000000000000000e+02 6.665562357840718599e-01
1.165000000000000000e+02 6.602848194680968064e-01
1.170000000000000000e+02 6.561902002577902904e-01
1.175000000000000000e+02 6.518295023275421096e-01
1.180000000000000000e+02 6.449520934471222322e-01
1.185000000000000000e+02 6.414892255782109753e-01
1.190000000000000000e+02 6.378505743633025027e-01
1.195000000000000000e+02 6.293590447132119126e-01
1.200000000000000000e+02 6.236660894526463439e-01
1.205000000000000000e+02 6.131796812346377301e-01
1.210000000000000000e+02 6.075871431758359531e-01
1.215000000000000000e+02 5.963395188030081728e-01
1.220000000000000000e+02 5.844763662204105481e-01
1.225000000000000000e+02 5.741016985624716185e-01
1.230000000000000000e+02 5.593819007111736630e-01
1.235000000000000000e+02 5.459874362153802618e-01
1.240000000000000000e+02 5.324161470686553654e-01
1.245000000000000000e+02 5.198327468114258831e-01
1.250000000000000000e+02 5.054154546812908988e-01
1.255000000000000000e+02 4.931832648412476372e-01
1.260000000000000000e+02 4.798584839403179925e-01
1.265000000000000000e+02 4.686238618458045124e-01
1.270000000000000000e+02 4.565666309687337887e-01
1.275000000000000000e+02 4.461301177520196060e-01
1.280000000000000000e+02 4.375436885713022139e-01
1.285000000000000000e+02 4.287305144249353717e-01
1.290000000000000000e+02 4.220536357622772794e-01
1.295000000000000000e+02 4.158474148253678560e-01
1.300000000000000000e+02 4.102749501580016944e-01
1.305000000000000000e+02 4.073993752375872912e-01
1.310000000000000000e+02 4.054764240646793749e-01
1.315000000000000000e+02 4.038027722613071191e-01
1.320000000000000000e+02 4.045237455954406869e-01
1.325000000000000000e+02 4.067314544349251437e-01
1.330000000000000000e+02 4.110997102320510521e-01
1.335000000000000000e+02 4.161746977195495134e-01
1.340000000000000000e+02 4.239298902057875851e-01
1.345000000000000000e+02 4.332968820444865754e-01
1.350000000000000000e+02 4.438181991694366002e-01
1.355000000000000000e+02 4.568034381335996930e-01
1.360000000000000000e+02 4.714986186298924520e-01
1.365000000000000000e+02 4.879316800107099672e-01
1.370000000000000000e+02 5.055917761014212530e-01
1.375000000000000000e+02 5.254315699510307969e-01
1.380000000000000000e+02 5.462835999773651974e-01
1.385000000000000000e+02 5.668284877908907893e-01
1.390000000000000000e+02 5.871030675866621973e-01
1.395000000000000000e+02 6.050282535022146746e-01
1.400000000000000000e+02 6.211233500689036235e-01
1.405000000000000000e+02 6.346847435028643014e-01
1.410000000000000000e+02 6.455677493145528523e-01
1.415000000000000000e+02 6.541451709413381721e-01
1.420000000000000000e+02 6.608053834630370771e-01
1.425000000000000000e+02 6.661213372710976799e-01
1.430000000000000000e+02 6.690832402011027691e-01
1.435000000000000000e+02 6.694122594643050483e-01
1.440000000000000000e+02 6.659431051436109916e-01
1.445000000000000000e+02 6.592502468096795853e-01
1.450000000000000000e+02 6.496235757559144508e-01
1.455000000000000000e+02 6.379998304352213490e-01
1.460000000000000000e+02 6.233249119973663932e-01
1.465000000000000000e+02 6.058560341081467016e-01
1.470000000000000000e+02 5.864386620875874367e-01
1.475000000000000000e+02 5.644223366934008057e-01
1.480000000000000000e+02 5.419729594036367670e-01
1.485000000000000000e+02 5.201926706351135410e-01
1.490000000000000000e+02 5.006668524622974736e-01
1.495000000000000000e+02 4.815828126079064742e-01
1.500000000000000000e+02 4.628713183680830956e-01
1.505000000000000000e+02 4.438703604816789938e-01
1.510000000000000000e+02 4.252488780675161562e-01
1.515000000000000000e+02 4.074282207718855631e-01
1.520000000000000000e+02 3.906619334124081799e-01
1.525000000000000000e+02 3.748669318382534810e-01
1.530000000000000000e+02 3.605230852008385889e-01
1.535000000000000000e+02 3.455987090109468585e-01
1.540000000000000000e+02 3.302635238646581262e-01
1.545000000000000000e+02 3.142292103666944336e-01
1.550000000000000000e+02 2.975542730510604139e-01
1.555000000000000000e+02 2.800772840825785925e-01
1.560000000000000000e+02 2.614551482359448453e-01
1.565000000000000000e+02 2.419601951161353126e-01
1.570000000000000000e+02 2.229545532088704485e-01
1.575000000000000000e+02 2.033121805879735400e-01
1.580000000000000000e+02 1.835980470076866711e-01
1.585000000000000000e+02 1.640417491893769175e-01
1.590000000000000000e+02 1.446888212664142748e-01
1.595000000000000000e+02 1.253207978716727455e-01
1.600000000000000000e+02 1.069828298164923197e-01
1.605000000000000000e+02 9.120006714217246402e-02
1.610000000000000000e+02 7.553314662527557677e-02
1.615000000000000000e+02 6.223590302290115533e-02
1.620000000000000000e+02 5.127028928235152772e-02
1.625000000000000000e+02 4.170105606479441313e-02
1.630000000000000000e+02 3.438544799042630995e-02
1.635000000000000000e+02 2.839741852941706640e-02
1.640000000000000000e+02 2.327158173559104939e-02
1.645000000000000000e+02 1.976684133879392027e-02
1.650000000000000000e+02 1.695892962041723948e-02
1.655000000000000000e+02 1.440516551743700746e-02
1.660000000000000000e+02 1.269061917867132447e-02
1.665000000000000000e+02 1.085752348120471063e-02
1.670000000000000000e+02 9.905436250176877580e-03
1.675000000000000000e+02 9.053159493423734022e-03
1.680000000000000000e+02 8.281164422410777076e-03
1.685000000000000000e+02 7.323458448912124191e-03
1.690000000000000000e+02 6.822921364570523096e-03
1.695000000000000000e+02 6.511235294928972503e-03
1.700000000000000000e+02 6.478782387819529733e-03
1.705000000000000000e+02 5.640253238494228293e-03
1.710000000000000000e+02 4.943023623582338925e-03
1.715000000000000000e+02 4.599706789578298857e-03
1.720000000000000000e+02 4.032689653533792079e-03
1.725000000000000000e+02 3.349062014746639112e-03
1.730000000000000000e+02 3.688706597531698529e-03
1.735000000000000000e+02 3.277813985835173125e-03
1.740000000000000000e+02 3.631824491829845590e-03
1.745000000000000000e+02 2.669210515395206967e-03
1.750000000000000000e+02 2.754095197788686711e-03
1.755000000000000000e+02 3.350682141334967827e-03
1.760000000000000000e+02 2.920028085599766284e-03
1.765000000000000000e+02 3.503919580142389294e-03
1.770000000000000000e+02 3.006426717616346531e-03
1.775000000000000000e+02 3.234509201021230906e-03
1.780000000000000000e+02 3.627057082603342072e-03
1.785000000000000000e+02 4.297549833524942978e-03
1.790000000000000000e+02 4.009549774713382260e-03
1.795000000000000000e+02 3.507297321835029045e-03
1.800000000000000000e+02 3.901787214457132485e-03
1.805000000000000000e+02 4.680402427324415610e-03
1.810000000000000000e+02 5.108432031309393870e-03
1.815000000000000000e+02 5.372194706884299634e-03
1.820000000000000000e+02 5.876996372281468456e-03
1.825000000000000000e+02 5.275178692321873600e-03
1.830000000000000000e+02 6.030770950472076446e-03
1.835000000000000000e+02 6.370296601842282726e-03
1.840000000000000000e+02 6.290856186551314379e-03
1.845000000000000000e+02 6.922515692476080562e-03
1.850000000000000000e+02 7.849113775030031048e-03
1.855000000000000000e+02 7.776130214185810602e-03
1.860000000000000000e+02 8.068092504970062959e-03
1.865000000000000000e+02 8.107043938101254205e-03
1.870000000000000000e+02 8.425125288065020077e-03
1.875000000000000000e+02 8.654411811119764111e-03
1.880000000000000000e+02 8.984810166331323039e-03
1.885000000000000000e+02 9.721519346130261252e-03
1.890000000000000000e+02 1.000804092356992296e-02
1.895000000000000000e+02 1.000587932871984526e-02
1.900000000000000000e+02 1.013915178298068973e-02
1.905000000000000000e+02 9.806320649221014069e-03
1.910000000000000000e+02 9.485276656104836210e-03
1.915000000000000000e+02 1.007764980922744996e-02
1.920000000000000000e+02 9.451645646912641349e-03
1.925000000000000000e+02 9.201374387230341553e-03
1.930000000000000000e+02 9.444149925204295762e-03
1.935000000000000000e+02 8.986628267199928827e-03
1.940000000000000000e+02 8.687727340043496088e-03
1.945000000000000000e+02 7.422800541175382516e-03
1.950000000000000000e+02 6.198951686278626229e-03
1.955000000000000000e+02 5.363820249300259302e-03
1.960000000000000000e+02 4.296592201638075280e-03
1.965000000000000000e+02 3.896850150523452523e-03
1.970000000000000000e+02 3.169699192127988212e-03
1.975000000000000000e+02 3.352940048638772264e-03
1.980000000000000000e+02 2.028880257960732902e-03
1.985000000000000000e+02 1.887226089529603660e-03
1.990000000000000000e+02 1.850397059736525341e-03
1.995000000000000000e+02 1.814205172687615667e-03
2.000000000000000000e+02 1.002848179974003776e-03
2.005000000000000000e+02 8.875919000119884047e-04
2.010000000000000000e+02 8.314895655321606323e-04
2.015000000000000000e+02 9.244928592626664018e-04
2.020000000000000000e+02 7.391886774659151785e-04
2.025000000000000000e+02 5.946133700688847369e-04
2.030000000000000000e+02 2.697167042888071013e-04
2.035000000000000000e+02 1.757680606226981338e-04
2.040000000000000000e+02 2.990756949072316301e-04
2.045000000000000000e+02 3.528443260573626400e-04
2.050000000000000000e+02 -5.210901892373710125e-05
2.055000000000000000e+02 9.838566899433429569e-05
2.060000000000000000e+02 -7.424193626945200554e-04
2.065000000000000000e+02 -4.629778140031393438e-05
2.070000000000000000e+02 -1.660306818182101887e-04
2.075000000000000000e+02 -4.958558028802938396e-04
2.080000000000000000e+02 -2.506098034917525149e-04
2.085000000000000000e+02 -3.963016676326819396e-04
2.090000000000000000e+02 -4.078488297975412153e-04
2.095000000000000000e+02 -5.630240841916782282e-04
2.100000000000000000e+02 -1.479658677916850654e-04
2.105000000000000000e+02 -6.480813176776355038e-04
2.110000000000000000e+02 -4.005996581722190550e-04
2.115000000000000000e+02 -4.120871621037454119e-04
2.120000000000000000e+02 -6.948710856464832952e-04
2.125000000000000000e+02 -5.136804637310237972e-05
2.130000000000000000e+02 -7.500392150864384325e-06
2.135000000000000000e+02 -3.709370781352038627e-05
2.140000000000000000e+02 -1.046732268058985307e-04
2.145000000000000000e+02 -2.259709201239769495e-05
2.150000000000000000e+02 2.675739872748329325e-05
2.155000000000000000e+02 2.164228338465603175e-04
2.160000000000000000e+02 -2.486263863330344663e-04
2.165000000000000000e+02 -2.676329619902583553e-04
2.170000000000000000e+02 -2.201792692258822365e-04
2.175000000000000000e+02 -1.068414238742591404e-04
2.180000000000000000e+02 1.948185735617531634e-04
2.185000000000000000e+02 -2.698784486357688685e-04
2.190000000000000000e+02 1.987747247419598166e-07
2.195000000000000000e+02 -2.290661740081217056e-04
2.200000000000000000e+02 -6.577750276182226332e-05
