1.100000000000000000e+02 5.073863411863893669e-02
1.105000000000000000e+02 -2.898415867561779727e-02
1.110000000000000000e+02 -3.989345294902624239e-02
1.115000000000000000e+02 1.216657674446955106e-01
1.120000000000000000e+02 -2.144183896556662444e-02
1.125000000000000000e+02 4.075963037512874559e-02
1.130000000000000000e+02 1.509177811120918956e-02
1.135000000000000000e+02 -2.327259153556567386e-02
1.140000000000000000e+02 nan
1.145000000000000000e+02 7.120262265475238994e-01
1.150000000000000000e+02 6.514397480944432717e-01
1.155000000000000000e+02 6.459432733855857700e-01
1.160000000000000000e+02 6.400619466334862562e-01
1.165000000000000000e+02 6.331418056661557436e-01
1.170000000000000000e+02 6.288763119010727376e-01
1.175000000000000000e+02 6.257263543194060418e-01
1.180000000000000000e+02 6.269046059424259187e-01
1.185000000000000000e+02 6.205129961484755485e-01
1.190000000000000000e+02 6.169871419952503988e-01
1.195000000000000000e+02 6.135916420904308222e-01
1.200000000000000000e+02 6.084950955970516162e-01
1.205000000000000000e+02 6.053286547203808876e-01
1.210000000000000000e+02 5.970150397183483504e-01
1.215000000000000000e+02 5.883106885359762339e-01
1.220000000000000000e+02 5.794523190186464667e-01
1.225000000000000000e+02 5.707829759148508320e-01
1.230000000000000000e+02 5.591292059585725172e-01
1.235000000000000000e+02 5.461085176274743658e-01
1.240000000000000000e+02 5.329730201109571519e-01
1.245000000000000000e+02 5.213844150136859312e-01
1.250000000000000000e+02 5.073742571642876342e-01
1.255000000000000000e+02 4.940139356804950088e-01
1.260000000000000000e+02 4.807043153721946571e-01
1.265000000000000000e+02 4.682720469339175517e-01
1.270000000000000000e+02 4.565668745864137068e-01
1.275000000000000000e+02 4.457316671824230747e-01
1.280000000000000000e+02 4.355064843494549365e-01
1.285000000000000000e+02 4.266266081339065153e-01
1.290000000000000000e+02 4.189445299463461780e-01
1.295000000000000000e+02 4.131129640218292876e-01
1.300000000000000000e+02 4.075005113235208865e-01
1.305000000000000000e+02 4.037746379401365715e-01
1.310000000000000000e+02 4.015138348504976862e-01
1.315000000000000000e+02 4.001156404574738312e-01
1.320000000000000000e+02 4.007866278945227956e-01
1.325000000000000000e+02 4.033347179408829364e-01
1.330000000000000000e+02 4.075961707202980233e-01
1.335000000000000000e+02 4.136436535690526939e-01
1.340000000000000000e+02 4.210397069853535346e-01
1.345000000000000000e+02 4.306816762887650807e-01
1.350000000000000000e+02 4.418231735125974224e-01
1.355000000000000000e+02 4.547393728479616204e-01
1.360000000000000000e+02 4.692496898812166806e-01
1.365000000000000000e+02 4.854060881361830782e-01
1.370000000000000000e+02 5.026967527702803640e-01
1.375000000000000000e+02 5.222675780560913639e-01
1.380000000000000000e+02 5.419075784214031355e-01
1.385000000000000000e+02 5.623961429239373588e-01
1.390000000000000000e+02 5.822910321505596620e-01
1.395000000000000000e+02 6.013199664777736375e-01
1.400000000000000000e+02 6.173107939957980239e-01
1.405000000000000000e+02 6.313872997721456937e-01
1.410000000000000000e+02 6.422691581956903040e-01
1.415000000000000000e+02 6.502470690904513795e-01
1.420000000000000000e+02 6.568928965696333444e-01
1.425000000000000000e+02 6.619151734413230015e-01
1.430000000000000000e+02 6.651598858624268029e-01
1.435000000000000000e+02 6.666702876869731176e-01
1.440000000000000000e+02 6.653179698088257377e-01
1.445000000000000000e+02 6.614442429080354957e-01
1.450000000000000000e+02 6.550732473466497341e-01
1.455000000000000000e+02 6.475027813505107588e-01
1.460000000000000000e+02 6.376350958032195315e-01
1.465000000000000000e+02 6.251431620803631350e-01
1.470000000000000000e+02 6.090000817682146295e-01
1.475000000000000000e+02 5.902315365847876638e-01
1.480000000000000000e+02 5.698590657495991030e-01
1.485000000000000000e+02 5.500522835876833216e-01
1.490000000000000000e+02 5.333838140547421114e-01
1.495000000000000000e+02 5.164896606204338880e-01
1.500000000000000000e+02 4.989647582669984871e-01
1.505000000000000000e+02 4.813080147848022849e-01
1.510000000000000000e+02 4.627552841913446513e-01
1.515000000000000000e+02 4.444167947627286064e-01
1.520000000000000000e+02 4.267646768942005564e-01
1.525000000000000000e+02 4.118139106632863755e-01
1.530000000000000000e+02 3.985329835666208131e-01
1.535000000000000000e+02 3.857588146862286904e-01
1.540000000000000000e+02 3.724201423426109492e-01
1.545000000000000000e+02 3.579486627959288514e-01
1.550000000000000000e+02 3.429663284525887312e-01
1.555000000000000000e+02 3.270423115131474434e-01
1.560000000000000000e+02 3.100239396592042729e-01
1.565000000000000000e+02 2.926390595358892011e-01
1.570000000000000000e+02 2.754367301517861577e-01
1.575000000000000000e+02 2.587596248808700650e-01
1.580000000000000000e+02 2.410671660659420568e-01
1.585000000000000000e+02 2.231761730437936408e-01
1.590000000000000000e+02 2.042038056557075321e-01
1.595000000000000000e+02 1.856211484053820471e-01
1.600000000000000000e+02 1.669940300051951376e-01
1.605000000000000000e+02 1.490375435054672182e-01
1.610000000000000000e+02 1.320159473572957431e-01
1.615000000000000000e+02 1.168275147535940695e-01
1.620000000000000000e+02 1.037469093392648367e-01
1.625000000000000000e+02 9.197591746292944903e-02
1.630000000000000000e+02 8.195338307471866646e-02
1.635000000000000000e+02 7.366221114026207106e-02
1.640000000000000000e+02 6.666101792744710819e-02
1.645000000000000000e+02 6.076837663715036614e-02
1.650000000000000000e+02 5.588614201579131247e-02
1.655000000000000000e+02 5.175909387338228224e-02
1.660000000000000000e+02 4.782962258987916854e-02
1.665000000000000000e+02 4.471081037538855024e-02
1.670000000000000000e+02 4.219054049652283533e-02
1.675000000000000000e+02 4.009802105179523235e-02
1.680000000000000000e+02 3.817311442208174560e-02
1.685000000000000000e+02 3.648191380971754078e-02
1.690000000000000000e+02 3.536081103079975058e-02
1.695000000000000000e+02 3.424205137390180093e-02
1.700000000000000000e+02 3.337621316420514433e-02
1.705000000000000000e+02 3.285719649529116743e-02
1.710000000000000000e+02 3.174190575421961813e-02
1.715000000000000000e+02 3.062538818139100977e-02
1.720000000000000000e+02 2.997383387294748000e-02
1.725000000000000000e+02 2.932906786271352595e-02
1.730000000000000000e+02 2.812518590492386547e-02
1.735000000000000000e+02 2.756040795575374555e-02
1.740000000000000000e+02 2.701244378052360118e-02
1.745000000000000000e+02 2.626882291450079177e-02
1.750000000000000000e+02 2.561792438295303065e-02
1.755000000000000000e+02 2.534838997486325851e-02
1.760000000000000000e+02 2.503514294328311116e-02
1.765000000000000000e+02 2.456488735141982432e-02
1.770000000000000000e+02 2.419632122270278657e-02
1.775000000000000000e+02 2.399690584451318748e-02
1.780000000000000000e+02 2.428879242137612152e-02
1.785000000000000000e+02 2.410352358161493500e-02
1.790000000000000000e+02 2.366896276592792350e-02
1.795000000000000000e+02 2.341556904907787784e-02
1.800000000000000000e+02 2.296526201248094007e-02
1.805000000000000000e+02 2.319290763913792186e-02
1.810000000000000000e+02 2.245550933716103370e-02
1.815000000000000000e+02 2.241574819799186172e-02
1.820000000000000000e+02 2.192388884854738415e-02
1.825000000000000000e+02 2.184787565387694488e-02
1.830000000000000000e+02 2.102911732039347906e-02
1.835000000000000000e+02 2.132826739160112103e-02
1.840000000000000000e+02 2.104326372262176059e-02
1.845000000000000000e+02 2.110834740235196030e-02
1.850000000000000000e+02 2.073957110908230747e-02
1.855000000000000000e+02 2.086392907953358439e-02
1.860000000000000000e+02 2.097805812925966976e-02
1.865000000000000000e+02 2.095747405103192199e-02
1.870000000000000000e+02 2.081727881283457551e-02
1.875000000000000000e+02 2.064811439690635020e-02
1.880000000000000000e+02 2.055637396541518461e-02
1.885000000000000000e+02 2.074985902334260460e-02
1.890000000000000000e+02 2.050070784008038716e-02
1.895000000000000000e+02 2.042060704990884129e-02
1.900000000000000000e+02 2.031594202716575925e-02
1.905000000000000000e+02 2.000296015017041795e-02
1.910000000000000000e+02 1.995397424260783592e-02
1.915000000000000000e+02 1.963383347793068098e-02
1.920000000000000000e+02 1.963569172502731622e-02
1.925000000000000000e+02 1.943280288761897040e-02
1.930000000000000000e+02 1.931180146952094986e-02
1.935000000000000000e+02 1.948960643922985694e-02
1.940000000000000000e+02 1.929416742793330086e-02
1.945000000000000000e+02 1.936556791977906561e-02
1.950000000000000000e+02 1.897445833967843082e-02
1.955000000000000000e+02 1.840361582968552678e-02
1.960000000000000000e+02 1.766606550386469465e-02
1.965000000000000000e+02 1.771527080208457755e-02
1.970000000000000000e+02 1.761917899020945186e-02
1.975000000000000000e+02 1.704468363371946724e-02
1.980000000000000000e+02 1.629274630812142452e-02
1.985000000000000000e+02 1.569830567867007767e-02
1.990000000000000000e+02 1.438005293087963460e-02
1.995000000000000000e+02 1.375246046060708653e-02
2.000000000000000000e+02 1.281107911188973658e-02
2.005000000000000000e+02 1.195093953368317474e-02
2.010000000000000000e+02 1.142385289901900677e-02
2.015000000000000000e+02 1.078142503991630884e-02
2.020000000000000000e+02 1.047090721088646259e-02
2.025000000000000000e+02 1.011684620519243995e-02
2.030000000000000000e+02 9.675103793785335207e-03
2.035000000000000000e+02 9.416107334419200614e-03
2.040000000000000000e+02 9.234814787323769592e-03
2.045000000000000000e+02 8.936409159519747430e-03
2.050000000000000000e+02 8.359954100116582729e-03
2.055000000000000000e+02 8.474551611489683847e-03
2.060000000000000000e+02 8.097290833133497998e-03
2.065000000000000000e+02 7.877321125126993465e-03
2.070000000000000000e+02 7.938720507668254461e-03
2.075000000000000000e+02 7.708052043799223756e-03
2.080000000000000000e+02 8.122742813943704607e-03
2.085000000000000000e+02 8.152798354374277481e-03
2.090000000000000000e+02 8.196339088521109248e-03
2.095000000000000000e+02 7.938882779723457211e-03
2.100000000000000000e+02 7.850482155560535580e-03
2.105000000000000000e+02 7.664541203445692993e-03
2.110000000000000000e+02 7.653463651728036228e-03
2.115000000000000000e+02 7.470809396433617834e-03
2.120000000000000000e+02 7.450032705006577952e-03
2.125000000000000000e+02 7.074330549930440797e-03
2.130000000000000000e+02 6.796823431195233613e-03
2.135000000000000000e+02 6.724402199041720589e-03
2.140000000000000000e+02 6.685159287859880443e-03
2.145000000000000000e+02 6.382263649822202123e-03
2.150000000000000000e+02 6.574287392610698999e-03
2.155000000000000000e+02 6.385196480310466847e-03
2.160000000000000000e+02 6.123677524577982728e-03
2.165000000000000000e+02 6.320555369301397025e-03
2.170000000000000000e+02 6.190807661695201664e-03
2.175000000000000000e+02 6.180047991364676259e-03
2.180000000000000000e+02 5.990861928773727300e-03
2.185000000000000000e+02 6.083929862544889752e-03
2.190000000000000000e+02 6.026223426761599840e-03
2.195000000000000000e+02 5.696951688039297856e-03
2.200000000000000000e+02 5.621703465063410121e-03
