1.100000000000000000e+02 -8.868962706069967450e-02
1.105000000000000000e+02 -1.035361748734615894e-01
1.110000000000000000e+02 -3.440553213602062788e-02
1.115000000000000000e+02 -6.028159985493021511e-02
1.120000000000000000e+02 -6.250368491066263243e-02
1.125000000000000000e+02 -9.412718627658111722e-03
1.130000000000000000e+02 -1.218763820838469070e-01
1.135000000000000000e+02 -2.089722325318552898e-01
1.140000000000000000e+02 3.956809581340136606e-01
1.145000000000000000e+02 2.666113058787493717e-01
1.150000000000000000e+02 2.534540996157786386e-01
1.155000000000000000e+02 2.435551423033763818e-01
1.160000000000000000e+02 2.432413764897821684e-01
1.165000000000000000e+02 2.394293513081406366e-01
1.170000000000000000e+02 2.370144467794911280e-01
1.175000000000000000e+02 2.350991259281380308e-01
1.180000000000000000e+02 2.322803874986866801e-01
1.185000000000000000e+02 2.305519449267374732e-01
1.190000000000000000e+02 2.290146750833640388e-01
1.195000000000000000e+02 2.258616225112697329e-01
1.200000000000000000e+02 2.238033876557271318e-01
1.205000000000000000e+02 2.203552140135535409e-01
1.210000000000000000e+02 2.165294937121000074e-01
1.215000000000000000e+02 2.129057703005748647e-01
1.220000000000000000e+02 2.093255784643534845e-01
1.225000000000000000e+02 2.042210424062723961e-01
1.230000000000000000e+02 1.986378963195313263e-01
1.235000000000000000e+02 1.939078084764046250e-01
1.240000000000000000e+02 1.886007444786677034e-01
1.245000000000000000e+02 1.836865880694014408e-01
1.250000000000000000e+02 1.783015832434137748e-01
1.255000000000000000e+02 1.732860996931672726e-01
1.260000000000000000e+02 1.688199709844775409e-01
1.265000000000000000e+02 1.635467079461647433e-01
1.270000000000000000e+02 1.595764880017357390e-01
1.275000000000000000e+02 1.554607488870559939e-01
1.280000000000000000e+02 1.515133782296174403e-01
1.285000000000000000e+02 1.486280766428543232e-01
1.290000000000000000e+02 1.455686100013571238e-01
1.295000000000000000e+02 1.425799255881279037e-01
1.300000000000000000e+02 1.406220292259753035e-01
1.305000000000000000e+02 1.388104367929866578e-01
1.310000000000000000e+02 1.374464985339010070e-01
1.315000000000000000e+02 1.362436868715131977e-01
1.320000000000000000e+02 1.359639006241270265e-01
1.325000000000000000e+02 1.363288976592695600e-01
1.330000000000000000e+02 1.369719979357857664e-01
1.335000000000000000e+02 1.384930976893175569e-01
1.340000000000000000e+02 1.404802982014868307e-01
1.345000000000000000e+02 1.429487169047869433e-01
1.350000000000000000e+02 1.465685223665900150e-01
1.355000000000000000e+02 1.505667019672324025e-01
1.360000000000000000e+02 1.556619929225132870e-01
1.365000000000000000e+02 1.613992665135116911e-01
1.370000000000000000e+02 1.677423995693892167e-01
1.375000000000000000e+02 1.748501602576396918e-01
1.380000000000000000e+02 1.822597117713469494e-01
1.381999999999999886e+02 1.850351049054088093e-01
1.384000000000000057e+02 1.880795536319033179e-01
1.385999999999999943e+02 1.909499396133548799e-01
1.388000000000000114e+02 1.940623160704705863e-01
1.390000000000000000e+02 1.967997961958805886e-01
1.391999999999999886e+02 1.995520292624496650e-01
1.394000000000000057e+02 2.023393877190410584e-01
1.395999999999999943e+02 2.047620210623719850e-01
1.398000000000000114e+02 2.076117697964021958e-01
1.400000000000000000e+02 2.101011511715211166e-01
1.401999999999999886e+02 2.123715468809155571e-01
1.404000000000000057e+02 2.147720522308834978e-01
1.405999999999999943e+02 2.170381299339161629e-01
1.408000000000000114e+02 2.192068342360930233e-01
1.410000000000000000e+02 2.211565482031688790e-01
1.411999999999999886e+02 2.230582891602227169e-01
1.414000000000000057e+02 2.249663902622711098e-01
1.415999999999999943e+02 2.263811527532109402e-01
1.418000000000000114e+02 2.281892308213175902e-01
1.420000000000000000e+02 2.296060333837289247e-01
1.421999999999999886e+02 2.308642814075402838e-01
1.424000000000000057e+02 2.323575207041188861e-01
1.425999999999999943e+02 2.334757728211221683e-01
1.428000000000000114e+02 2.347537711273692262e-01
1.430000000000000000e+02 2.355055754789472655e-01
1.431999999999999886e+02 2.362968096159116516e-01
1.434000000000000057e+02 2.369466956207874064e-01
1.435999999999999943e+02 2.374470008025115764e-01
1.438000000000000114e+02 2.378329374836644916e-01
1.440000000000000000e+02 2.379325283253302670e-01
1.441999999999999886e+02 2.378661822656075731e-01
1.444000000000000057e+02 2.376252930703137978e-01
1.445999999999999943e+02 2.370177152400216869e-01
1.448000000000000114e+02 2.365251925664333954e-01
1.450000000000000000e+02 2.357637279221506399e-01
1.451999999999999886e+02 2.346189251041077006e-01
1.454000000000000057e+02 2.335782503438894320e-01
1.455999999999999943e+02 2.322638960613554460e-01
1.458000000000000114e+02 2.309641628598735619e-01
1.460000000000000000e+02 2.296335880533668938e-01
1.461999999999999886e+02 2.277481918843565212e-01
1.464000000000000057e+02 2.259558884515559529e-01
1.465999999999999943e+02 2.241957961583322667e-01
1.468000000000000114e+02 2.219062130360182905e-01
1.470000000000000000e+02 2.198881699900657460e-01
1.471999999999999886e+02 2.174128178967438818e-01
1.474000000000000057e+02 2.150556872354658922e-01
1.475999999999999943e+02 2.124811298261291836e-01
1.478000000000000114e+02 2.096977312738065313e-01
1.480000000000000000e+02 2.071574310343451408e-01
1.481999999999999886e+02 2.044619164887597207e-01
1.484000000000000057e+02 2.019873055399218909e-01
1.485999999999999943e+02 1.992641113075107884e-01
1.488000000000000114e+02 1.966792044592415301e-01
1.490000000000000000e+02 1.943126635029863714e-01
1.491999999999999886e+02 1.919020532615468566e-01
1.494000000000000057e+02 1.897545201199178078e-01
1.495999999999999943e+02 1.868352040734509723e-01
1.498000000000000114e+02 1.844335575654219017e-01
1.500000000000000000e+02 1.818862287457184701e-01
1.505000000000000000e+02 1.756652830449865199e-01
1.510000000000000000e+02 1.695642724267581725e-01
1.515000000000000000e+02 1.634432180057844852e-01
1.520000000000000000e+02 1.576863404198685925e-01
1.525000000000000000e+02 1.519848202271037729e-01
1.530000000000000000e+02 1.465639345927116366e-01
1.535000000000000000e+02 1.412149218827034591e-01
1.540000000000000000e+02 1.355342807469989419e-01
1.545000000000000000e+02 1.293242133323585508e-01
1.550000000000000000e+02 1.229761831308820302e-01
1.555000000000000000e+02 1.159213682119952377e-01
1.560000000000000000e+02 1.086372190467294468e-01
1.565000000000000000e+02 1.009144605219893381e-01
1.570000000000000000e+02 9.311969861510056845e-02
1.575000000000000000e+02 8.526718488029844112e-02
1.580000000000000000e+02 7.708059245005199900e-02
1.585000000000000000e+02 6.915527258897581631e-02
1.590000000000000000e+02 6.103246256534749364e-02
1.595000000000000000e+02 5.338510320743284493e-02
1.600000000000000000e+02 4.586164597682165084e-02
1.605000000000000000e+02 3.885299370805635893e-02
1.610000000000000000e+02 3.261581587405604221e-02
1.615000000000000000e+02 2.683447692664258505e-02
1.620000000000000000e+02 2.202459957935763019e-02
1.625000000000000000e+02 1.785474846446932773e-02
1.630000000000000000e+02 1.432419055107308180e-02
1.635000000000000000e+02 1.157730521018481354e-02
1.640000000000000000e+02 9.195651286480475625e-03
1.645000000000000000e+02 7.453074784053549152e-03
1.650000000000000000e+02 5.854133824990621904e-03
1.655000000000000000e+02 4.793892502364730662e-03
1.660000000000000000e+02 3.701173907099024243e-03
1.665000000000000000e+02 2.784015833598375584e-03
1.670000000000000000e+02 2.218850235631444553e-03
1.675000000000000000e+02 1.785893337815741728e-03
1.680000000000000000e+02 1.541206616314746026e-03
1.685000000000000000e+02 1.132629588215496074e-03
1.690000000000000000e+02 7.216645680508229676e-04
1.695000000000000000e+02 6.326115695778071653e-04
1.700000000000000000e+02 4.586558091368136275e-04
1.705000000000000000e+02 4.098512389820816587e-04
1.710000000000000000e+02 3.076573355240916634e-04
1.715000000000000000e+02 2.623392784240146346e-04
1.720000000000000000e+02 3.341373488767939662e-04
1.725000000000000000e+02 2.010629741930500486e-04
1.730000000000000000e+02 9.974136837703553317e-05
1.735000000000000000e+02 1.215316080685793066e-04
1.740000000000000000e+02 5.983997299034945799e-05
1.745000000000000000e+02 1.655998264028854658e-04
1.750000000000000000e+02 4.556836514100673472e-04
1.755000000000000000e+02 5.298180070411473300e-04
1.760000000000000000e+02 5.742017433359112568e-04
1.765000000000000000e+02 6.420767274608699679e-04
1.770000000000000000e+02 6.854409599307670874e-04
1.775000000000000000e+02 1.061699512355941460e-03
1.780000000000000000e+02 1.184136619252597680e-03
1.785000000000000000e+02 1.353891367326192762e-03
1.790000000000000000e+02 1.395384398039851027e-03
1.795000000000000000e+02 1.500816746813015161e-03
1.800000000000000000e+02 1.753440926223518662e-03
1.805000000000000000e+02 1.903857877811768488e-03
1.810000000000000000e+02 2.023534679996750324e-03
1.815000000000000000e+02 2.217187129688621625e-03
1.820000000000000000e+02 2.356661632697158032e-03
1.825000000000000000e+02 2.412836281522996121e-03
1.830000000000000000e+02 2.617637175399653050e-03
1.835000000000000000e+02 2.844348891167554697e-03
1.840000000000000000e+02 2.749043028233547504e-03
1.845000000000000000e+02 2.994454628869377705e-03
1.850000000000000000e+02 3.144806369898741835e-03
1.855000000000000000e+02 3.233621646772205562e-03
1.860000000000000000e+02 3.221875827942800169e-03
1.865000000000000000e+02 3.024534902292010802e-03
1.870000000000000000e+02 3.374594628510059393e-03
1.875000000000000000e+02 3.326428492987367706e-03
1.880000000000000000e+02 3.544445698006254159e-03
1.885000000000000000e+02 3.954856510454087502e-03
1.890000000000000000e+02 3.916708365877219662e-03
1.895000000000000000e+02 4.058480609032532466e-03
1.900000000000000000e+02 4.223115176630319254e-03
1.905000000000000000e+02 4.098285927006991257e-03
1.910000000000000000e+02 3.903316786338694236e-03
1.915000000000000000e+02 3.887263769814127985e-03
1.920000000000000000e+02 4.006392643911666288e-03
1.925000000000000000e+02 4.165368999077810087e-03
1.930000000000000000e+02 4.104775121003629602e-03
1.935000000000000000e+02 3.960884233080539697e-03
1.940000000000000000e+02 3.865669768482429564e-03
1.945000000000000000e+02 3.783770046204767545e-03
1.950000000000000000e+02 3.451302383623027284e-03
1.955000000000000000e+02 3.494894391942659009e-03
1.960000000000000000e+02 2.998669887123068829e-03
1.965000000000000000e+02 3.172017535477686129e-03
1.970000000000000000e+02 3.028425537594800661e-03
1.975000000000000000e+02 2.873267163086879600e-03
1.980000000000000000e+02 2.957540564509161460e-03
1.985000000000000000e+02 2.768055684725296596e-03
1.990000000000000000e+02 2.531452393187756666e-03
1.995000000000000000e+02 2.322375932185171288e-03
2.000000000000000000e+02 2.098079214957847185e-03
2.005000000000000000e+02 1.867092134097815635e-03
2.010000000000000000e+02 1.716376858231501200e-03
2.015000000000000000e+02 1.823881513148315143e-03
2.020000000000000000e+02 1.773834491562407056e-03
2.025000000000000000e+02 1.563051782142755490e-03
2.030000000000000000e+02 1.595028999237535884e-03
2.035000000000000000e+02 1.382879226473808943e-03
2.040000000000000000e+02 1.270117325883575628e-03
2.045000000000000000e+02 1.228474021738945512e-03
2.050000000000000000e+02 1.352185447176247743e-03
2.055000000000000000e+02 1.267718074872353252e-03
2.060000000000000000e+02 1.453351813446282633e-03
2.065000000000000000e+02 1.411603470145842820e-03
2.070000000000000000e+02 1.478280092007886988e-03
2.075000000000000000e+02 1.396909774843034784e-03
2.080000000000000000e+02 1.805062120911572494e-03
2.085000000000000000e+02 1.752257759757881511e-03
2.090000000000000000e+02 1.700415653088599519e-03
2.095000000000000000e+02 1.686273987167490832e-03
2.100000000000000000e+02 1.745846649080558081e-03
2.105000000000000000e+02 1.654996396593001219e-03
2.110000000000000000e+02 1.457119521941960131e-03
2.115000000000000000e+02 1.737176947436337281e-03
2.120000000000000000e+02 1.687230504182252221e-03
2.125000000000000000e+02 1.707434319352830934e-03
2.130000000000000000e+02 1.806382763861475197e-03
2.135000000000000000e+02 1.606410896807607082e-03
2.140000000000000000e+02 1.667616358086395625e-03
2.145000000000000000e+02 1.687674051918672388e-03
2.150000000000000000e+02 1.875266349376543320e-03
2.155000000000000000e+02 1.434045778440159232e-03
2.160000000000000000e+02 1.489003781631112293e-03
2.165000000000000000e+02 1.502908753693163934e-03
2.170000000000000000e+02 1.579219772899212925e-03
2.175000000000000000e+02 1.576174170657402120e-03
2.180000000000000000e+02 1.606963834475337452e-03
2.185000000000000000e+02 1.661479589511484761e-03
2.190000000000000000e+02 1.480500150648123578e-03
2.195000000000000000e+02 1.655244033939223119e-03
2.200000000000000000e+02 1.645131028340521967e-03
