1.100000000000000000e+02 3.950986211496326783e-02
1.105000000000000000e+02 -4.699109499155937862e-03
1.110000000000000000e+02 -1.109401753598247414e-01
1.115000000000000000e+02 2.178925915459409973e-02
1.120000000000000000e+02 4.611717084262138139e-02
1.125000000000000000e+02 2.055211718027931747e-02
1.130000000000000000e+02 -8.877486756777595855e-02
1.135000000000000000e+02 -6.924482303896921376e-02
1.140000000000000000e+02 9.102649403448511700e-01
1.145000000000000000e+02 3.953965601691362131e-01
1.150000000000000000e+02 3.794911689922045306e-01
1.155000000000000000e+02 3.725735254587766998e-01
1.160000000000000000e+02 3.683727169998304296e-01
1.165000000000000000e+02 3.669289581118579391e-01
1.170000000000000000e+02 3.615873470582711691e-01
1.175000000000000000e+02 3.594163576948020689e-01
1.180000000000000000e+02 3.561047710658695187e-01
1.185000000000000000e+02 3.557864543836306570e-01
1.190000000000000000e+02 3.549128463326313709e-01
1.195000000000000000e+02 3.498182626804139939e-01
1.200000000000000000e+02 3.442814576698449702e-01
1.205000000000000000e+02 3.406965905325163857e-01
1.210000000000000000e+02 3.366069829284309423e-01
1.215000000000000000e+02 3.299948924197787514e-01
1.220000000000000000e+02 3.236031454148383113e-01
1.225000000000000000e+02 3.148402119925975406e-01
1.230000000000000000e+02 3.084902329081304351e-01
1.235000000000000000e+02 2.997686368660298362e-01
1.240000000000000000e+02 2.909813834998168369e-01
1.245000000000000000e+02 2.826462030633591915e-01
1.250000000000000000e+02 2.747652940424450962e-01
1.255000000000000000e+02 2.663954946841750049e-01
1.260000000000000000e+02 2.585004660919734132e-01
1.265000000000000000e+02 2.508280925022324248e-01
1.270000000000000000e+02 2.441369223156011070e-01
1.275000000000000000e+02 2.385347902819496546e-01
1.280000000000000000e+02 2.323895100764566402e-01
1.285000000000000000e+02 2.279890489104069717e-01
1.290000000000000000e+02 2.238101792597059769e-01
1.295000000000000000e+02 2.213520778959602864e-01
1.300000000000000000e+02 2.191292478853752446e-01
1.305000000000000000e+02 2.179611383125855950e-01
1.310000000000000000e+02 2.173899001970506784e-01
1.315000000000000000e+02 2.184407707578903679e-01
1.320000000000000000e+02 2.201337334575516891e-01
1.325000000000000000e+02 2.226836004340489727e-01
1.330000000000000000e+02 2.268997975004010959e-01
1.335000000000000000e+02 2.319742128682684978e-01
1.340000000000000000e+02 2.385159123441099316e-01
1.345000000000000000e+02 2.461422381861534392e-01
1.350000000000000000e+02 2.548142804761827640e-01
1.355000000000000000e+02 2.646477874173062683e-01
1.360000000000000000e+02 2.754876270907894442e-01
1.365000000000000000e+02 2.876740543574373143e-01
1.370000000000000000e+02 3.003143248702828672e-01
1.375000000000000000e+02 3.145682319721604947e-01
1.380000000000000000e+02 3.289611909940888257e-01
1.385000000000000000e+02 3.438130239365475016e-01
1.390000000000000000e+02 3.579534086794978198e-01
1.395000000000000000e+02 3.708655918259856632e-01
1.400000000000000000e+02 3.818489032578785136e-01
1.405000000000000000e+02 3.905798094910334362e-01
1.410000000000000000e+02 3.975276825923226287e-01
1.415000000000000000e+02 4.019784919572281789e-01
1.420000000000000000e+02 4.049891917789393281e-01
1.425000000000000000e+02 4.068417113993204604e-01
1.430000000000000000e+02 4.073592927466718194e-01
1.435000000000000000e+02 4.061326389844870932e-01
1.440000000000000000e+02 4.032564609937573374e-01
1.445000000000000000e+02 3.980357284543231677e-01
1.450000000000000000e+02 3.912596156678783132e-01
1.455000000000000000e+02 3.828556071401957306e-01
1.460000000000000000e+02 3.728036992270054029e-01
1.465000000000000000e+02 3.609627989251991131e-01
1.470000000000000000e+02 3.472764547995836892e-01
1.475000000000000000e+02 3.328195411736742937e-01
1.480000000000000000e+02 3.174898983041118394e-01
1.485000000000000000e+02 3.033015803758450368e-01
1.490000000000000000e+02 2.898016478788413286e-01
1.495000000000000000e+02 2.767826793063780100e-01
1.500000000000000000e+02 2.643786078347413748e-01
1.505000000000000000e+02 2.521256101252641879e-01
1.510000000000000000e+02 2.401569249498554937e-01
1.515000000000000000e+02 2.284634557211698835e-01
1.520000000000000000e+02 2.174602048048722702e-01
1.525000000000000000e+02 2.075503432183905539e-01
1.530000000000000000e+02 1.986519307122741607e-01
1.535000000000000000e+02 1.896070682899647364e-01
1.540000000000000000e+02 1.809286952062388043e-01
1.545000000000000000e+02 1.714619637569443078e-01
1.550000000000000000e+02 1.620745323290079531e-01
1.555000000000000000e+02 1.522590811042155157e-01
1.560000000000000000e+02 1.419034769175335775e-01
1.565000000000000000e+02 1.310927387993286175e-01
1.570000000000000000e+02 1.206733658291539307e-01
1.575000000000000000e+02 1.100440086210948132e-01
1.580000000000000000e+02 9.930395777168204985e-02
1.585000000000000000e+02 8.812666179191971927e-02
1.590000000000000000e+02 7.751644092250038753e-02
1.595000000000000000e+02 6.656513002170881543e-02
1.600000000000000000e+02 5.596890329826745974e-02
1.605000000000000000e+02 4.632817404279691159e-02
1.610000000000000000e+02 3.708500230539278630e-02
1.615000000000000000e+02 2.866796048344702127e-02
1.620000000000000000e+02 2.111597915602409989e-02
1.625000000000000000e+02 1.566771720143251070e-02
1.630000000000000000e+02 9.935760360017243525e-03
1.635000000000000000e+02 5.500475400417694123e-03
1.640000000000000000e+02 2.036860746276868139e-03
1.645000000000000000e+02 -1.917344123940816294e-04
1.650000000000000000e+02 -2.654111527437348367e-03
1.655000000000000000e+02 -4.315934449587346088e-03
1.660000000000000000e+02 -5.832212763668694067e-03
1.665000000000000000e+02 -6.924170795968512780e-03
1.670000000000000000e+02 -7.408351657362801865e-03
1.675000000000000000e+02 -8.064813538139222956e-03
1.680000000000000000e+02 -8.742056827985501127e-03
1.685000000000000000e+02 -8.740142865544510420e-03
1.690000000000000000e+02 -9.405897567842243581e-03
1.695000000000000000e+02 -9.889541139064008529e-03
1.700000000000000000e+02 -9.657927896151451835e-03
1.705000000000000000e+02 -9.511615556007331496e-03
1.710000000000000000e+02 -9.450121156389601484e-03
1.715000000000000000e+02 -9.236350596835841975e-03
1.720000000000000000e+02 -9.364835347793271786e-03
1.725000000000000000e+02 -9.388179112283102923e-03
1.730000000000000000e+02 -9.285216141648178212e-03
1.735000000000000000e+02 -8.926559030276464204e-03
1.740000000000000000e+02 -9.057709079126563534e-03
1.745000000000000000e+02 -8.801814166238135922e-03
1.750000000000000000e+02 -8.639967228647644354e-03
1.755000000000000000e+02 -8.327336446165583064e-03
1.760000000000000000e+02 -8.007509081707189086e-03
1.765000000000000000e+02 -8.051864191406882254e-03
1.770000000000000000e+02 -7.723141746746828643e-03
1.775000000000000000e+02 -7.057223911537727733e-03
1.780000000000000000e+02 -7.201013311024022541e-03
1.785000000000000000e+02 -6.665935181996199797e-03
1.790000000000000000e+02 -6.330856831052012954e-03
1.795000000000000000e+02 -6.314964360757977478e-03
1.800000000000000000e+02 -6.285869632937438056e-03
1.805000000000000000e+02 -5.922844332605761535e-03
1.810000000000000000e+02 -5.832377439879073838e-03
1.815000000000000000e+02 -5.237705997816422855e-03
1.820000000000000000e+02 -5.151220223893543219e-03
1.825000000000000000e+02 -4.706757401451931375e-03
1.830000000000000000e+02 -4.376053377913489972e-03
1.835000000000000000e+02 -4.026679955982916115e-03
1.840000000000000000e+02 -3.977779322931728964e-03
1.845000000000000000e+02 -3.539336784362944952e-03
1.850000000000000000e+02 -3.248314563002403788e-03
1.855000000000000000e+02 -3.260547996741511734e-03
1.860000000000000000e+02 -2.916929922464100728e-03
1.865000000000000000e+02 -2.803167506321459657e-03
1.870000000000000000e+02 -2.656519449913575994e-03
1.875000000000000000e+02 -2.439226954088416846e-03
1.880000000000000000e+02 -2.192734009602170624e-03
1.885000000000000000e+02 -2.089783962995968129e-03
1.890000000000000000e+02 -2.067174690010178083e-03
1.895000000000000000e+02 -1.871728092114294728e-03
1.900000000000000000e+02 -1.727456903185012067e-03
1.905000000000000000e+02 -1.483418613126589883e-03
1.910000000000000000e+02 -1.436944129392109118e-03
1.915000000000000000e+02 -1.444932555125068427e-03
1.920000000000000000e+02 -1.383853044390952495e-03
1.925000000000000000e+02 -1.427536590863224750e-03
1.930000000000000000e+02 -1.497780964499658947e-03
1.935000000000000000e+02 -1.283659857802155408e-03
1.940000000000000000e+02 -1.462027444448510622e-03
1.945000000000000000e+02 -1.322246858327167816e-03
1.950000000000000000e+02 -1.272296876358896493e-03
1.955000000000000000e+02 -1.289320657808707945e-03
1.960000000000000000e+02 -1.388416970934784785e-03
1.965000000000000000e+02 -1.656227056582004623e-03
1.970000000000000000e+02 -2.021964782709998170e-03
1.975000000000000000e+02 -2.349349391752638284e-03
1.980000000000000000e+02 -2.199130058974807338e-03
1.985000000000000000e+02 -3.145548718753113631e-03
1.990000000000000000e+02 -3.484795671125395875e-03
1.995000000000000000e+02 -3.670591266579092092e-03
2.000000000000000000e+02 -3.874859877715186151e-03
2.005000000000000000e+02 -4.159932216992705788e-03
2.010000000000000000e+02 -4.499056663013480464e-03
2.015000000000000000e+02 -4.762220260803078087e-03
2.020000000000000000e+02 -4.974704578113404302e-03
2.025000000000000000e+02 -5.062410015218367192e-03
2.030000000000000000e+02 -5.375937227162428528e-03
2.035000000000000000e+02 -5.331609629943110870e-03
2.040000000000000000e+02 -5.423090976603473640e-03
2.045000000000000000e+02 -5.107245069009715317e-03
2.050000000000000000e+02 -5.246020254285592259e-03
2.055000000000000000e+02 -5.392405631588778961e-03
2.060000000000000000e+02 -5.481680864145364700e-03
2.065000000000000000e+02 -5.492430513981922530e-03
2.070000000000000000e+02 -5.371274844190356175e-03
2.075000000000000000e+02 -5.493403107668493913e-03
2.080000000000000000e+02 -5.388402546347150282e-03
2.085000000000000000e+02 -5.319316676680782736e-03
2.090000000000000000e+02 -5.295723428745515229e-03
2.095000000000000000e+02 -5.340086971421529119e-03
2.100000000000000000e+02 -5.334438407389859201e-03
2.105000000000000000e+02 -5.477063416573407610e-03
2.110000000000000000e+02 -5.046758470156335018e-03
2.115000000000000000e+02 -5.129123497480637603e-03
2.120000000000000000e+02 -5.111711130976104647e-03
2.125000000000000000e+02 -4.910470691406510282e-03
2.130000000000000000e+02 -5.019540589988631153e-03
2.135000000000000000e+02 -4.911878736448401991e-03
2.140000000000000000e+02 -4.669140017804823163e-03
2.145000000000000000e+02 -4.744919507672282905e-03
2.150000000000000000e+02 -4.134527494585080176e-03
2.155000000000000000e+02 -4.425174441440989266e-03
2.160000000000000000e+02 -4.566495522465167760e-03
2.165000000000000000e+02 -4.395189362080108818e-03
2.170000000000000000e+02 -4.524525377574916372e-03
2.175000000000000000e+02 -4.252940233656534418e-03
2.180000000000000000e+02 -4.188851121778851272e-03
2.185000000000000000e+02 -4.156405748891220907e-03
2.190000000000000000e+02 -3.706502913286482005e-03
2.195000000000000000e+02 -3.833195337421926516e-03
2.200000000000000000e+02 -3.911260276796402376e-03
