1.100000000000000000e+02 1.018233985617826159e-01
1.105000000000000000e+02 -7.217159978887072169e-02
1.110000000000000000e+02 -7.184504098046588794e-02
1.115000000000000000e+02 7.569264132834080568e-03
1.120000000000000000e+02 -7.201695608014448136e-02
1.125000000000000000e+02 2.085182785281644927e-03
1.130000000000000000e+02 -5.991666405554032376e-02
1.135000000000000000e+02 -5.431493838238202199e-02
1.140000000000000000e+02 2.273782797455428384e-01
1.145000000000000000e+02 1.583494521126788956e-01
1.150000000000000000e+02 1.555758157108416140e-01
1.155000000000000000e+02 1.548043404727046934e-01
1.160000000000000000e+02 1.565625874385559724e-01
1.165000000000000000e+02 1.570742931163877920e-01
1.170000000000000000e+02 1.531097068647110648e-01
1.175000000000000000e+02 1.543036037965682394e-01
1.180000000000000000e+02 1.540865156833536864e-01
1.185000000000000000e+02 1.532052145029255685e-01
1.190000000000000000e+02 1.512173945047467494e-01
1.195000000000000000e+02 1.507268751253980354e-01
1.200000000000000000e+02 1.491359054623784541e-01
1.205000000000000000e+02 1.472942268821614553e-01
1.210000000000000000e+02 1.449818567145634285e-01
1.215000000000000000e+02 1.417964436363672864e-01
1.220000000000000000e+02 1.396843488366713848e-01
1.225000000000000000e+02 1.368045504360262399e-01
1.230000000000000000e+02 1.323604382581893280e-01
1.235000000000000000e+02 1.284423928778324064e-01
1.240000000000000000e+02 1.242944306252541237e-01
1.245000000000000000e+02 1.210739352162511634e-01
1.250000000000000000e+02 1.171384620752026762e-01
1.255000000000000000e+02 1.132421167203565976e-01
1.260000000000000000e+02 1.094774175142139427e-01
1.265000000000000000e+02 1.056944944648951362e-01
1.270000000000000000e+02 1.029441490879546284e-01
1.275000000000000000e+02 1.001123472961731042e-01
1.280000000000000000e+02 9.733695471061021287e-02
1.285000000000000000e+02 9.511551523476646786e-02
1.290000000000000000e+02 9.416796643986903581e-02
1.295000000000000000e+02 9.203702118877450655e-02
1.300000000000000000e+02 9.123961364310957667e-02
1.305000000000000000e+02 9.048840989322187722e-02
1.310000000000000000e+02 9.013168075255373335e-02
1.315000000000000000e+02 9.048710791530767406e-02
1.320000000000000000e+02 9.081139307856399279e-02
1.325000000000000000e+02 9.245586427434715482e-02
1.330000000000000000e+02 9.388968309487501218e-02
1.335000000000000000e+02 9.633089161535732248e-02
1.340000000000000000e+02 9.880142962932288164e-02
1.345000000000000000e+02 1.017915791653174057e-01
1.350000000000000000e+02 1.055046848897116113e-01
1.355000000000000000e+02 1.093922937117367405e-01
1.360000000000000000e+02 1.136117588905227460e-01
1.365000000000000000e+02 1.188430625715951039e-01
1.370000000000000000e+02 1.239263029468829075e-01
1.375000000000000000e+02 1.297631970412869429e-01
1.380000000000000000e+02 1.356796891959481388e-01
1.385000000000000000e+02 1.417731759720868012e-01
1.390000000000000000e+02 1.473892348216702675e-01
1.395000000000000000e+02 1.529100411937693582e-01
1.400000000000000000e+02 1.572590377860067778e-01
1.405000000000000000e+02 1.607559178436644143e-01
1.410000000000000000e+02 1.633191885580017044e-01
1.415000000000000000e+02 1.651970094854148530e-01
1.420000000000000000e+02 1.662223959399617979e-01
1.425000000000000000e+02 1.671407072941275829e-01
1.430000000000000000e+02 1.675288484679700596e-01
1.435000000000000000e+02 1.662579673604845654e-01
1.440000000000000000e+02 1.650679869845110836e-01
1.445000000000000000e+02 1.631696244956976904e-01
1.450000000000000000e+02 1.602778466535392521e-01
1.455000000000000000e+02 1.568986207920075038e-01
1.460000000000000000e+02 1.529941674164750631e-01
1.465000000000000000e+02 1.485463810743991309e-01
1.470000000000000000e+02 1.429531822922881779e-01
1.475000000000000000e+02 1.374794551641375651e-01
1.480000000000000000e+02 1.313738779658601141e-01
1.485000000000000000e+02 1.254300305201510868e-01
1.490000000000000000e+02 1.199059601053000523e-01
1.495000000000000000e+02 1.148789855207963395e-01
1.500000000000000000e+02 1.096815935069112846e-01
1.505000000000000000e+02 1.051784812789431645e-01
1.510000000000000000e+02 9.990581077051095826e-02
1.515000000000000000e+02 9.534531214487175499e-02
1.520000000000000000e+02 9.075662077652643656e-02
1.525000000000000000e+02 8.656266316597144295e-02
1.530000000000000000e+02 8.321878444759434057e-02
1.535000000000000000e+02 7.952756072660652209e-02
1.540000000000000000e+02 7.588155251971985538e-02
1.545000000000000000e+02 7.207781923164609250e-02
1.550000000000000000e+02 6.846687388695922583e-02
1.555000000000000000e+02 6.416300438345647061e-02
1.560000000000000000e+02 5.976050874743412539e-02
1.565000000000000000e+02 5.538251879240668057e-02
1.570000000000000000e+02 5.098172861122748922e-02
1.575000000000000000e+02 4.682853520472720493e-02
1.580000000000000000e+02 4.253385631728881511e-02
1.585000000000000000e+02 3.788427633924335708e-02
1.590000000000000000e+02 3.296218133205908174e-02
1.595000000000000000e+02 2.815122610439049072e-02
1.600000000000000000e+02 2.374672504201471093e-02
1.605000000000000000e+02 1.928988650892766304e-02
1.610000000000000000e+02 1.522482982315555115e-02
1.615000000000000000e+02 1.237690467864074710e-02
1.620000000000000000e+02 9.606183670236361979e-03
1.625000000000000000e+02 6.424959606389626064e-03
1.630000000000000000e+02 4.421522955919554229e-03
1.635000000000000000e+02 2.478220154420440139e-03
1.640000000000000000e+02 8.057514894590877934e-04
1.645000000000000000e+02 -1.772240169417056569e-04
1.650000000000000000e+02 -9.454819450161412644e-04
1.655000000000000000e+02 -1.852175275689976882e-03
1.660000000000000000e+02 -2.452262061726462241e-03
1.665000000000000000e+02 -3.137490181908045208e-03
1.670000000000000000e+02 -3.368984365594113791e-03
1.675000000000000000e+02 -3.528004669797649151e-03
1.680000000000000000e+02 -3.846142339103924071e-03
1.685000000000000000e+02 -4.025529513474295981e-03
1.690000000000000000e+02 -4.377589936139067613e-03
1.695000000000000000e+02 -4.272636292316990721e-03
1.700000000000000000e+02 -4.059528245370996706e-03
1.705000000000000000e+02 -4.089635582400990600e-03
1.710000000000000000e+02 -4.268718951150614338e-03
1.715000000000000000e+02 -4.201030994317265371e-03
1.720000000000000000e+02 -4.746448117306110472e-03
1.725000000000000000e+02 -5.011762655809539821e-03
1.730000000000000000e+02 -5.098352054145232140e-03
1.735000000000000000e+02 -5.011564692789481634e-03
1.740000000000000000e+02 -5.171672864797986248e-03
1.745000000000000000e+02 -4.639554336889590604e-03
1.750000000000000000e+02 -5.008523086021821578e-03
1.755000000000000000e+02 -4.773093839495570236e-03
1.760000000000000000e+02 -4.415739387596926031e-03
1.765000000000000000e+02 -4.463168481585459875e-03
1.770000000000000000e+02 -4.288180367378711597e-03
1.775000000000000000e+02 -4.469861844785152742e-03
1.780000000000000000e+02 -3.483977160933254651e-03
1.785000000000000000e+02 -3.961456642238831045e-03
1.790000000000000000e+02 -3.241124821371086772e-03
1.795000000000000000e+02 -3.642896762686312177e-03
1.800000000000000000e+02 -3.527193674795152129e-03
1.805000000000000000e+02 -2.940808193514968857e-03
1.810000000000000000e+02 -3.224086088498644316e-03
1.815000000000000000e+02 -2.741691121197369508e-03
1.820000000000000000e+02 -2.848015697386450853e-03
1.825000000000000000e+02 -2.816017821185358948e-03
1.830000000000000000e+02 -2.719233901216958418e-03
1.835000000000000000e+02 -2.402457431094785940e-03
1.840000000000000000e+02 -2.240883160128853257e-03
1.845000000000000000e+02 -2.164815847670064838e-03
1.850000000000000000e+02 -1.760834727070201972e-03
1.855000000000000000e+02 -1.912653010727204984e-03
1.860000000000000000e+02 -1.517380204388836832e-03
1.865000000000000000e+02 -1.497949033540829991e-03
1.870000000000000000e+02 -1.246512974547650445e-03
1.875000000000000000e+02 -1.028435723340012740e-03
1.880000000000000000e+02 -1.013369958359078803e-03
1.885000000000000000e+02 -5.531333975084325606e-04
1.890000000000000000e+02 -5.141122258095998055e-04
1.895000000000000000e+02 -3.369653358409003879e-04
1.900000000000000000e+02 -3.773430285984235243e-04
1.905000000000000000e+02 -5.307545104342052461e-04
1.910000000000000000e+02 -3.157199967382532036e-05
1.915000000000000000e+02 -1.045533944570963133e-04
1.920000000000000000e+02 2.331273597185396158e-04
1.925000000000000000e+02 -1.225046478886240213e-04
1.930000000000000000e+02 4.475749456904764027e-04
1.935000000000000000e+02 1.389880668210149669e-04
1.940000000000000000e+02 7.273139145553397106e-04
1.945000000000000000e+02 1.110507424840675604e-03
1.950000000000000000e+02 1.339211788361683317e-03
1.955000000000000000e+02 9.546602906612881943e-04
1.960000000000000000e+02 1.022435351766206148e-03
1.965000000000000000e+02 1.046359292853477323e-03
1.970000000000000000e+02 1.160058125854010642e-03
1.975000000000000000e+02 1.126172749676049474e-03
1.980000000000000000e+02 1.063283440617171591e-03
1.985000000000000000e+02 6.947771748755523450e-04
1.990000000000000000e+02 2.029512781040418998e-04
1.995000000000000000e+02 -3.343042319917120852e-04
2.000000000000000000e+02 -7.518102165036229722e-04
2.005000000000000000e+02 -5.709801917863557971e-04
2.010000000000000000e+02 -1.064816058059039026e-03
2.015000000000000000e+02 -1.200646939327756728e-03
2.020000000000000000e+02 -1.148546500505203760e-03
2.025000000000000000e+02 -1.261801199447206258e-03
2.030000000000000000e+02 -1.170458775488448502e-03
2.035000000000000000e+02 -1.618324359171641408e-03
2.040000000000000000e+02 -1.820432641833444332e-03
2.045000000000000000e+02 -1.669253791144967129e-03
2.050000000000000000e+02 -1.865856922727067001e-03
2.055000000000000000e+02 -2.816602654374420183e-03
2.060000000000000000e+02 -3.035792524408913260e-03
2.065000000000000000e+02 -2.914933467239600503e-03
2.070000000000000000e+02 -2.367101712676567861e-03
2.075000000000000000e+02 -2.847588826855974604e-03
2.080000000000000000e+02 -1.869481779552722815e-03
2.085000000000000000e+02 -1.860558515750653126e-03
2.090000000000000000e+02 -1.852923825137292504e-03
2.095000000000000000e+02 -1.761144187662733738e-03
2.100000000000000000e+02 -1.940121562897860431e-03
2.105000000000000000e+02 -1.725103988475575880e-03
2.110000000000000000e+02 -1.772872427770099063e-03
2.115000000000000000e+02 -2.147106796472821912e-03
2.120000000000000000e+02 -1.737329251842201086e-03
2.125000000000000000e+02 -1.759436668126979379e-03
2.130000000000000000e+02 -1.959753543031315937e-03
2.135000000000000000e+02 -1.713453611245300233e-03
2.140000000000000000e+02 -1.725173962089443036e-03
2.145000000000000000e+02 -1.694422333017544429e-03
2.150000000000000000e+02 -1.745945585360263348e-03
2.155000000000000000e+02 -1.236529270690444769e-03
2.160000000000000000e+02 -1.337497294062365378e-03
2.165000000000000000e+02 -1.558352891528040456e-03
2.170000000000000000e+02 -1.276813982525617629e-03
2.175000000000000000e+02 -1.057218716783780510e-03
2.180000000000000000e+02 -9.543245157882493434e-04
2.185000000000000000e+02 -7.318220968963437328e-04
2.190000000000000000e+02 -8.353601856540146748e-04
2.195000000000000000e+02 -4.390577556032734937e-04
2.200000000000000000e+02 -7.078105844020638653e-04
