1.100000000000000000e+02 -6.105452456995679594e-02
1.105000000000000000e+02 -1.058746508475365278e-01
1.110000000000000000e+02 -1.356575286969166905e-01
1.115000000000000000e+02 1.680014236325448607e-02
1.120000000000000000e+02 -2.234163697941176589e-03
1.125000000000000000e+02 -3.634424072637729153e-02
1.130000000000000000e+02 -2.453148558139849923e-03
1.135000000000000000e+02 -3.182048106216881639e-02
1.140000000000000000e+02 nan
1.145000000000000000e+02 1.033991256779181578e+00
1.150000000000000000e+02 9.281988305953985385e-01
1.155000000000000000e+02 9.027206193047480065e-01
1.160000000000000000e+02 8.869659574749881870e-01
1.165000000000000000e+02 8.753960494008864446e-01
1.170000000000000000e+02 8.710828769927813076e-01
1.175000000000000000e+02 8.595749321850022495e-01
1.180000000000000000e+02 8.536950260751379194e-01
1.185000000000000000e+02 8.534866049645190023e-01
1.190000000000000000e+02 8.394644513114627449e-01
1.195000000000000000e+02 8.339405855721695460e-01
1.200000000000000000e+02 8.261394256555290028e-01
1.205000000000000000e+02 8.134977266053814438e-01
1.210000000000000000e+02 8.009600596044839094e-01
1.215000000000000000e+02 7.887002475414720548e-01
1.220000000000000000e+02 7.720964232490675760e-01
1.225000000000000000e+02 7.560956299721401930e-01
1.230000000000000000e+02 7.393988955845858246e-01
1.235000000000000000e+02 7.234756865346884114e-01
1.240000000000000000e+02 7.041622652022897499e-01
1.245000000000000000e+02 6.862091746010762217e-01
1.250000000000000000e+02 6.699229003591813392e-01
1.255000000000000000e+02 6.521870031667528211e-01
1.260000000000000000e+02 6.353586624886154999e-01
1.265000000000000000e+02 6.199686393495957848e-01
1.270000000000000000e+02 6.052344405787792869e-01
1.275000000000000000e+02 5.921822453253084984e-01
1.280000000000000000e+02 5.811528147882973894e-01
1.285000000000000000e+02 5.704927286172626344e-01
1.290000000000000000e+02 5.611869483735631992e-01
1.295000000000000000e+02 5.545038383295037843e-01
1.300000000000000000e+02 5.493404456483962361e-01
1.305000000000000000e+02 5.448196173329921121e-01
1.310000000000000000e+02 5.426620515266176170e-01
1.315000000000000000e+02 5.433432359552944346e-01
1.320000000000000000e+02 5.447308120387547303e-01
1.325000000000000000e+02 5.486768786096770656e-01
1.330000000000000000e+02 5.551981967914464411e-01
1.335000000000000000e+02 5.641103517526914191e-01
1.340000000000000000e+02 5.752273305674086012e-01
1.345000000000000000e+02 5.886835367266387564e-01
1.350000000000000000e+02 6.049732051284331114e-01
1.355000000000000000e+02 6.229938075754758442e-01
1.360000000000000000e+02 6.443695214886284717e-01
1.365000000000000000e+02 6.682860756917161638e-01
1.370000000000000000e+02 6.949332651768717062e-01
1.375000000000000000e+02 7.235341221954484370e-01
1.380000000000000000e+02 7.533190285385163998e-01
1.381999999999999886e+02 7.637886068116066518e-01
1.384000000000000057e+02 7.756995532773683921e-01
1.385999999999999943e+02 7.868663270369100626e-01
1.388000000000000114e+02 7.981061505701692038e-01
1.390000000000000000e+02 8.102344083663762797e-01
1.391999999999999886e+02 8.209205617944884681e-01
1.394000000000000057e+02 8.309532768772956990e-01
1.395999999999999943e+02 8.410612374390484813e-01
1.398000000000000114e+02 8.505009526133799902e-01
1.400000000000000000e+02 8.593201595649448965e-01
1.401999999999999886e+02 8.667395650498223025e-01
1.404000000000000057e+02 8.750197523288730794e-01
1.405999999999999943e+02 8.814779040557766399e-01
1.408000000000000114e+02 8.878161288117888406e-01
1.410000000000000000e+02 8.934757431770694591e-01
1.411999999999999886e+02 8.988544507208957590e-01
1.414000000000000057e+02 9.029583976148356506e-01
1.415999999999999943e+02 9.074675014974480369e-01
1.418000000000000114e+02 9.110482105242780904e-01
1.420000000000000000e+02 9.146745795082011909e-01
1.421999999999999886e+02 9.172341881261202312e-01
1.424000000000000057e+02 9.200305692039084660e-01
1.425999999999999943e+02 9.223170502788384795e-01
1.428000000000000114e+02 9.233539790641486222e-01
1.430000000000000000e+02 9.248388902472072237e-01
1.431999999999999886e+02 9.254661072448124859e-01
1.434000000000000057e+02 9.248418556037583116e-01
1.435999999999999943e+02 9.242974342800592824e-01
1.438000000000000114e+02 9.220371656907579982e-01
1.440000000000000000e+02 9.203650499445125144e-01
1.441999999999999886e+02 9.169928862480567489e-01
1.444000000000000057e+02 9.132076044776079593e-01
1.445999999999999943e+02 9.079256644005863075e-01
1.448000000000000114e+02 9.029520672174099483e-01
1.450000000000000000e+02 8.970728305845296902e-01
1.451999999999999886e+02 8.909045583897317044e-01
1.454000000000000057e+02 8.836286974972094033e-01
1.455999999999999943e+02 8.762429549303596410e-01
1.458000000000000114e+02 8.677338607150473226e-01
1.460000000000000000e+02 8.596630542402576847e-01
1.461999999999999886e+02 8.498797089570417906e-01
1.464000000000000057e+02 8.398985142865630360e-01
1.465999999999999943e+02 8.292140076964817919e-01
1.468000000000000114e+02 8.181016167219300472e-01
1.470000000000000000e+02 8.064166081347033943e-01
1.471999999999999886e+02 7.948541224182463782e-01
1.474000000000000057e+02 7.828743167609790721e-01
1.475999999999999943e+02 7.702854347248923039e-01
1.478000000000000114e+02 7.569275068245401306e-01
1.480000000000000000e+02 7.442680949350644060e-01
1.481999999999999886e+02 7.316219714770326732e-01
1.484000000000000057e+02 7.193559982865382896e-01
1.485999999999999943e+02 7.079541246982696823e-01
1.488000000000000114e+02 6.968582818405624213e-01
1.490000000000000000e+02 6.861968302872282210e-01
1.491999999999999886e+02 6.758216363430370466e-01
1.494000000000000057e+02 6.653698703005325177e-01
1.495999999999999943e+02 6.544092088914903460e-01
1.498000000000000114e+02 6.435692875226393106e-01
1.500000000000000000e+02 6.328841383686322208e-01
1.505000000000000000e+02 6.060891064534708050e-01
1.510000000000000000e+02 5.803510340140197732e-01
1.515000000000000000e+02 5.551432834551092155e-01
1.520000000000000000e+02 5.311321144004402806e-01
1.525000000000000000e+02 5.091296612438824809e-01
1.530000000000000000e+02 4.888312368052212253e-01
1.535000000000000000e+02 4.684275533242617806e-01
1.540000000000000000e+02 4.472421062070407460e-01
1.545000000000000000e+02 4.250203292485785211e-01
1.550000000000000000e+02 4.014959885357340941e-01
1.555000000000000000e+02 3.771005538972918569e-01
1.560000000000000000e+02 3.514137250030069382e-01
1.565000000000000000e+02 3.249819761623304326e-01
1.570000000000000000e+02 2.982591748376200447e-01
1.575000000000000000e+02 2.716334248721695155e-01
1.580000000000000000e+02 2.447842498232830899e-01
1.585000000000000000e+02 2.173791682187797836e-01
1.590000000000000000e+02 1.906832926348432933e-01
1.595000000000000000e+02 1.643428512541138531e-01
1.600000000000000000e+02 1.398483156706044062e-01
1.605000000000000000e+02 1.170434621774815581e-01
1.610000000000000000e+02 9.660464855357850378e-02
1.615000000000000000e+02 7.898059553379942199e-02
1.620000000000000000e+02 6.364418265688781551e-02
1.625000000000000000e+02 5.118479882559972410e-02
1.630000000000000000e+02 4.126865459973142608e-02
1.635000000000000000e+02 3.338968224201725038e-02
1.640000000000000000e+02 2.734772637647348362e-02
1.645000000000000000e+02 2.233088151720269074e-02
1.650000000000000000e+02 1.884610235361980357e-02
1.655000000000000000e+02 1.616395600008948066e-02
1.660000000000000000e+02 1.354987585701658212e-02
1.665000000000000000e+02 1.197776718418064844e-02
1.670000000000000000e+02 1.077601207717254587e-02
1.675000000000000000e+02 1.008288551414996022e-02
1.680000000000000000e+02 9.041794450031392927e-03
1.685000000000000000e+02 8.607645546286820173e-03
1.690000000000000000e+02 8.405967063332284162e-03
1.695000000000000000e+02 8.614426957594668172e-03
1.700000000000000000e+02 8.427494786230232612e-03
1.705000000000000000e+02 8.614717224128822307e-03
1.710000000000000000e+02 8.376655294593476561e-03
1.715000000000000000e+02 8.554334135558883806e-03
1.720000000000000000e+02 8.757102950833780750e-03
1.725000000000000000e+02 8.283503052628699362e-03
1.730000000000000000e+02 8.410504082639042381e-03
1.735000000000000000e+02 8.264104780599431863e-03
1.740000000000000000e+02 8.470324521748208435e-03
1.745000000000000000e+02 8.372589888763133995e-03
1.750000000000000000e+02 8.323677318659088512e-03
1.755000000000000000e+02 8.476989931406645265e-03
1.760000000000000000e+02 8.820268754295900945e-03
1.765000000000000000e+02 9.240601487328775621e-03
1.770000000000000000e+02 9.681083717533102428e-03
1.775000000000000000e+02 9.869436309014536710e-03
1.780000000000000000e+02 1.025643097505890555e-02
1.785000000000000000e+02 1.047556115947063764e-02
1.790000000000000000e+02 1.111471252158811526e-02
1.795000000000000000e+02 1.107342554674722347e-02
1.800000000000000000e+02 1.123731350371078713e-02
1.805000000000000000e+02 1.134517219466282985e-02
1.810000000000000000e+02 1.149996237441766600e-02
1.815000000000000000e+02 1.215857050166324095e-02
1.820000000000000000e+02 1.234601809701101234e-02
1.825000000000000000e+02 1.277968416873237825e-02
1.830000000000000000e+02 1.301561112045974099e-02
1.835000000000000000e+02 1.335703020449478806e-02
1.840000000000000000e+02 1.412247923437979537e-02
1.845000000000000000e+02 1.443795223360647660e-02
1.850000000000000000e+02 1.527933280828113784e-02
1.855000000000000000e+02 1.590608500517734503e-02
1.860000000000000000e+02 1.627869302743041938e-02
1.865000000000000000e+02 1.677154061264618523e-02
1.870000000000000000e+02 1.725600902355311703e-02
1.875000000000000000e+02 1.777982469396030552e-02
1.880000000000000000e+02 1.818664642007218266e-02
1.885000000000000000e+02 1.890979002196642098e-02
1.890000000000000000e+02 1.936156101732809318e-02
1.895000000000000000e+02 1.948562499043388074e-02
1.900000000000000000e+02 1.923997276532265349e-02
1.905000000000000000e+02 1.936224310702322829e-02
1.910000000000000000e+02 1.943516827080696632e-02
1.915000000000000000e+02 1.899995436539680255e-02
1.920000000000000000e+02 1.901031511045542244e-02
1.925000000000000000e+02 1.919057781132646121e-02
1.930000000000000000e+02 1.928015483580480804e-02
1.935000000000000000e+02 1.897493640115431937e-02
1.940000000000000000e+02 1.817085083786729172e-02
1.945000000000000000e+02 1.735899184699970718e-02
1.950000000000000000e+02 1.626885596042212945e-02
1.955000000000000000e+02 1.528679884615632111e-02
1.960000000000000000e+02 1.444027828814625249e-02
1.965000000000000000e+02 1.358627203358989122e-02
1.970000000000000000e+02 1.295911339745133874e-02
1.975000000000000000e+02 1.221080687404297455e-02
1.980000000000000000e+02 1.131220113320140393e-02
1.985000000000000000e+02 1.073613144398676347e-02
1.990000000000000000e+02 1.007248904939595131e-02
1.995000000000000000e+02 9.631360574926948331e-03
2.000000000000000000e+02 9.053651708530381301e-03
2.005000000000000000e+02 8.770992395987308940e-03
2.010000000000000000e+02 8.087958191772853800e-03
2.015000000000000000e+02 7.907398716114698300e-03
2.020000000000000000e+02 7.698303588378017405e-03
2.025000000000000000e+02 7.506961417540435749e-03
2.030000000000000000e+02 7.259645774865716196e-03
2.035000000000000000e+02 7.299672137335674188e-03
2.040000000000000000e+02 7.320768552538369292e-03
2.045000000000000000e+02 6.955397029334404145e-03
2.050000000000000000e+02 7.261903647863838206e-03
2.055000000000000000e+02 7.154677452214848812e-03
2.060000000000000000e+02 7.196061864963142034e-03
2.065000000000000000e+02 7.422997240424343383e-03
2.070000000000000000e+02 7.438941156888767732e-03
2.075000000000000000e+02 7.315567413924780119e-03
2.080000000000000000e+02 7.285869754132904934e-03
2.085000000000000000e+02 7.053928476034232106e-03
2.090000000000000000e+02 7.419047024300467683e-03
2.095000000000000000e+02 7.028869782365543099e-03
2.100000000000000000e+02 6.938619673791130565e-03
2.105000000000000000e+02 6.852736509779649814e-03
2.110000000000000000e+02 6.679978236236520407e-03
2.115000000000000000e+02 6.718882015227384263e-03
2.120000000000000000e+02 6.453321152975907693e-03
2.125000000000000000e+02 6.398588859177285933e-03
2.130000000000000000e+02 6.272611311357701759e-03
2.135000000000000000e+02 6.013159166359149238e-03
2.140000000000000000e+02 6.192686340958078808e-03
2.145000000000000000e+02 5.783909151195747167e-03
2.150000000000000000e+02 6.053447798884559194e-03
2.155000000000000000e+02 6.149686131726810577e-03
2.160000000000000000e+02 6.128420217056903575e-03
2.165000000000000000e+02 5.999831318314359854e-03
2.170000000000000000e+02 6.215231840620541806e-03
2.175000000000000000e+02 6.112517402452595158e-03
2.180000000000000000e+02 6.013226510518824251e-03
2.185000000000000000e+02 6.138433800507834062e-03
2.190000000000000000e+02 6.363729361430795275e-03
2.195000000000000000e+02 6.393766208779564329e-03
2.200000000000000000e+02 6.113527383223504690e-03
