1.100000000000000000e+02 1.661446937609849239e-01
1.105000000000000000e+02 -4.979476131692125128e-03
1.110000000000000000e+02 -5.166450997570365411e-02
1.115000000000000000e+02 1.543144954536320446e-01
1.120000000000000000e+02 -2.427127330475429765e-02
1.125000000000000000e+02 -4.345401631351558658e-02
1.130000000000000000e+02 -1.788154534093358214e-02
1.135000000000000000e+02 5.184512768504059843e-02
1.140000000000000000e+02 2.610249056879442309e-01
1.145000000000000000e+02 1.843516098792394031e-01
1.150000000000000000e+02 1.782603942007599251e-01
1.155000000000000000e+02 1.733590604068357133e-01
1.160000000000000000e+02 1.726396048727175947e-01
1.165000000000000000e+02 1.706274591559349407e-01
1.170000000000000000e+02 1.694747248263133443e-01
1.175000000000000000e+02 1.689773803714191003e-01
1.180000000000000000e+02 1.678497802303211828e-01
1.185000000000000000e+02 1.662335269142177219e-01
1.190000000000000000e+02 1.651531141057162311e-01
1.195000000000000000e+02 1.619874272709976859e-01
1.200000000000000000e+02 1.605572302211195623e-01
1.205000000000000000e+02 1.599574408439456419e-01
1.210000000000000000e+02 1.576458020829066276e-01
1.215000000000000000e+02 1.544149028333321461e-01
1.220000000000000000e+02 1.512696160485305363e-01
1.225000000000000000e+02 1.484312296240026252e-01
1.230000000000000000e+02 1.446259169699068148e-01
1.235000000000000000e+02 1.416893311325876648e-01
1.240000000000000000e+02 1.364845781836809269e-01
1.245000000000000000e+02 1.331809090807508644e-01
1.250000000000000000e+02 1.298383183337874225e-01
1.255000000000000000e+02 1.260674429484691383e-01
1.260000000000000000e+02 1.222899298305937799e-01
1.265000000000000000e+02 1.193910156289385432e-01
1.270000000000000000e+02 1.169119301779027037e-01
1.275000000000000000e+02 1.133706994958250391e-01
1.280000000000000000e+02 1.117206798571784149e-01
1.285000000000000000e+02 1.092936718048521383e-01
1.290000000000000000e+02 1.074433212583577046e-01
1.295000000000000000e+02 1.058807405865171830e-01
1.300000000000000000e+02 1.054979985120819141e-01
1.305000000000000000e+02 1.047233228965968460e-01
1.310000000000000000e+02 1.044019154113081382e-01
1.315000000000000000e+02 1.052310665950496049e-01
1.320000000000000000e+02 1.060305562002444441e-01
1.325000000000000000e+02 1.067549427493119096e-01
1.330000000000000000e+02 1.092290918388316157e-01
1.335000000000000000e+02 1.116750759903774731e-01
1.340000000000000000e+02 1.141553369496198789e-01
1.345000000000000000e+02 1.177751457513912942e-01
1.350000000000000000e+02 1.224771359228298412e-01
1.355000000000000000e+02 1.267557451598233798e-01
1.360000000000000000e+02 1.323946279866895781e-01
1.365000000000000000e+02 1.385346723657147894e-01
1.370000000000000000e+02 1.451737454215540346e-01
1.375000000000000000e+02 1.524231618332433924e-01
1.380000000000000000e+02 1.600246406788611575e-01
1.381999999999999886e+02 1.620455207294685673e-01
1.384000000000000057e+02 1.649827279810659186e-01
1.385999999999999943e+02 1.679419051043321842e-01
1.388000000000000114e+02 1.707399315715382448e-01
1.390000000000000000e+02 1.743464827657343619e-01
1.391999999999999886e+02 1.768251500566098700e-01
1.394000000000000057e+02 1.797074220688615886e-01
1.395999999999999943e+02 1.824599184016820475e-01
1.398000000000000114e+02 1.848301815572946649e-01
1.400000000000000000e+02 1.872159501919099800e-01
1.401999999999999886e+02 1.893606543881599380e-01
1.404000000000000057e+02 1.918980436640893850e-01
1.405999999999999943e+02 1.937726197515101112e-01
1.408000000000000114e+02 1.957402893681544076e-01
1.410000000000000000e+02 1.975631557697947183e-01
1.411999999999999886e+02 1.993324730134626577e-01
1.414000000000000057e+02 2.009498358031945875e-01
1.415999999999999943e+02 2.021334851967838409e-01
1.418000000000000114e+02 2.034794120978931919e-01
1.420000000000000000e+02 2.051002587230999208e-01
1.421999999999999886e+02 2.058610728464623507e-01
1.424000000000000057e+02 2.071140012728680257e-01
1.425999999999999943e+02 2.078974779450025456e-01
1.428000000000000114e+02 2.085578502563382453e-01
1.430000000000000000e+02 2.094123861504518791e-01
1.431999999999999886e+02 2.104922355084464514e-01
1.434000000000000057e+02 2.103572079642262727e-01
1.435999999999999943e+02 2.109575135456832617e-01
1.438000000000000114e+02 2.111676106150148224e-01
1.440000000000000000e+02 2.110664749424867037e-01
1.441999999999999886e+02 2.108585830238383085e-01
1.444000000000000057e+02 2.109425942930668874e-01
1.445999999999999943e+02 2.097730750536278832e-01
1.448000000000000114e+02 2.091057588557689584e-01
1.450000000000000000e+02 2.084817677304854067e-01
1.451999999999999886e+02 2.071530034158115818e-01
1.454000000000000057e+02 2.062369644453431461e-01
1.455999999999999943e+02 2.047198798757577376e-01
1.458000000000000114e+02 2.030975380691114052e-01
1.460000000000000000e+02 2.016002933047228163e-01
1.461999999999999886e+02 1.996392454712710707e-01
1.464000000000000057e+02 1.974072945638860321e-01
1.465999999999999943e+02 1.953598267112858777e-01
1.468000000000000114e+02 1.929900321031184085e-01
1.470000000000000000e+02 1.905711722366009719e-01
1.471999999999999886e+02 1.882140663189778018e-01
1.474000000000000057e+02 1.861269602510757237e-01
1.475999999999999943e+02 1.836099287980653971e-01
1.478000000000000114e+02 1.805771898565382005e-01
1.480000000000000000e+02 1.780553399887184474e-01
1.481999999999999886e+02 1.755208674568951577e-01
1.484000000000000057e+02 1.727102835349962340e-01
1.485999999999999943e+02 1.702534578340424709e-01
1.488000000000000114e+02 1.678603081409054121e-01
1.490000000000000000e+02 1.655914557928131470e-01
1.491999999999999886e+02 1.633120862192925793e-01
1.494000000000000057e+02 1.612549333638335636e-01
1.495999999999999943e+02 1.590288826838338332e-01
1.498000000000000114e+02 1.563723726881704745e-01
1.500000000000000000e+02 1.538107627350316642e-01
1.505000000000000000e+02 1.485695553650400735e-01
1.510000000000000000e+02 1.426790419198950000e-01
1.515000000000000000e+02 1.375285300480550976e-01
1.520000000000000000e+02 1.324286458518361964e-01
1.525000000000000000e+02 1.276251262054661495e-01
1.530000000000000000e+02 1.232336590171818486e-01
1.535000000000000000e+02 1.185446581398386101e-01
1.540000000000000000e+02 1.139549720854972914e-01
1.545000000000000000e+02 1.091799779543776439e-01
1.550000000000000000e+02 1.036593188143069139e-01
1.555000000000000000e+02 9.805812728331773920e-02
1.560000000000000000e+02 9.242225429179445895e-02
1.565000000000000000e+02 8.619997631239376124e-02
1.570000000000000000e+02 8.013641433118320889e-02
1.575000000000000000e+02 7.362103312828251200e-02
1.580000000000000000e+02 6.733334480575896286e-02
1.585000000000000000e+02 6.061412753668121711e-02
1.590000000000000000e+02 5.408595908286418369e-02
1.595000000000000000e+02 4.735764275643155469e-02
1.600000000000000000e+02 4.127024677325213248e-02
1.605000000000000000e+02 3.554293388662818631e-02
1.610000000000000000e+02 3.017403966007144167e-02
1.615000000000000000e+02 2.540063363902385352e-02
1.620000000000000000e+02 2.114681443946819783e-02
1.625000000000000000e+02 1.737770069530904585e-02
1.630000000000000000e+02 1.458671792878814266e-02
1.635000000000000000e+02 1.235314393674267867e-02
1.640000000000000000e+02 1.034468087111854728e-02
1.645000000000000000e+02 8.535920038434350113e-03
1.650000000000000000e+02 7.521152224222899495e-03
1.655000000000000000e+02 6.731614514414884301e-03
1.660000000000000000e+02 5.870387123768049109e-03
1.665000000000000000e+02 5.231842701054986201e-03
1.670000000000000000e+02 4.878491537016042302e-03
1.675000000000000000e+02 4.686821829747249077e-03
1.680000000000000000e+02 4.098790772437210274e-03
1.685000000000000000e+02 3.771894898897139477e-03
1.690000000000000000e+02 3.508983314483084346e-03
1.695000000000000000e+02 3.488171856499482429e-03
1.700000000000000000e+02 3.514853883721578628e-03
1.705000000000000000e+02 3.465588074272381129e-03
1.710000000000000000e+02 3.193718946021877492e-03
1.715000000000000000e+02 3.066069139600004993e-03
1.720000000000000000e+02 3.031143525161637299e-03
1.725000000000000000e+02 2.633548079966229263e-03
1.730000000000000000e+02 2.509550874932825991e-03
1.735000000000000000e+02 2.570501291538335349e-03
1.740000000000000000e+02 2.421860159712696699e-03
1.745000000000000000e+02 2.415270206201201690e-03
1.750000000000000000e+02 2.175649961683200507e-03
1.755000000000000000e+02 2.219439713724046144e-03
1.760000000000000000e+02 2.424076781908278844e-03
1.765000000000000000e+02 2.499188952785411609e-03
1.770000000000000000e+02 2.527270640141965341e-03
1.775000000000000000e+02 2.452038977714155864e-03
1.780000000000000000e+02 2.436932476225857520e-03
1.785000000000000000e+02 2.546361873036983008e-03
1.790000000000000000e+02 2.775970780343960023e-03
1.795000000000000000e+02 2.530721577153158264e-03
1.800000000000000000e+02 2.574352715859938405e-03
1.805000000000000000e+02 2.516740896096335105e-03
1.810000000000000000e+02 2.628451209841192997e-03
1.815000000000000000e+02 2.591927058600508073e-03
1.820000000000000000e+02 2.748663630977566785e-03
1.825000000000000000e+02 2.809546551771588060e-03
1.830000000000000000e+02 2.841686395707064289e-03
1.835000000000000000e+02 2.744049197744283762e-03
1.840000000000000000e+02 2.987186216950546251e-03
1.845000000000000000e+02 3.094842138592943537e-03
1.850000000000000000e+02 3.080854138435667501e-03
1.855000000000000000e+02 3.485638878016214959e-03
1.860000000000000000e+02 3.800256012333102541e-03
1.865000000000000000e+02 3.642399362079976402e-03
1.870000000000000000e+02 3.765936874426221211e-03
1.875000000000000000e+02 3.836569513851949449e-03
1.880000000000000000e+02 3.982855918698875210e-03
1.885000000000000000e+02 4.334839722303248516e-03
1.890000000000000000e+02 4.393175788868377771e-03
1.895000000000000000e+02 4.428022198294526840e-03
1.900000000000000000e+02 4.377276754673507971e-03
1.905000000000000000e+02 4.599206525830787547e-03
1.910000000000000000e+02 4.463071803728685914e-03
1.915000000000000000e+02 4.400144532399698910e-03
1.920000000000000000e+02 4.539618699925743704e-03
1.925000000000000000e+02 4.642783854002051520e-03
1.930000000000000000e+02 4.894873292507791532e-03
1.935000000000000000e+02 4.720094512445556674e-03
1.940000000000000000e+02 4.718061144393042618e-03
1.945000000000000000e+02 4.426648762611880804e-03
1.950000000000000000e+02 4.133858896053116926e-03
1.955000000000000000e+02 3.815573294963176768e-03
1.960000000000000000e+02 3.772013104481309297e-03
1.965000000000000000e+02 4.100909603214716696e-03
1.970000000000000000e+02 4.097083847453259105e-03
1.975000000000000000e+02 4.092753477635859873e-03
1.980000000000000000e+02 3.843696796138039353e-03
1.985000000000000000e+02 3.692983452321194331e-03
1.990000000000000000e+02 3.373357863434791552e-03
1.995000000000000000e+02 3.156998681385214580e-03
2.000000000000000000e+02 2.822989654353397129e-03
2.005000000000000000e+02 2.640687462700366372e-03
2.010000000000000000e+02 2.112635842036787379e-03
2.015000000000000000e+02 2.226797624233011613e-03
2.020000000000000000e+02 1.954730249840502462e-03
2.025000000000000000e+02 1.879077337439853234e-03
2.030000000000000000e+02 1.668087862279252079e-03
2.035000000000000000e+02 1.611892503604564703e-03
2.040000000000000000e+02 1.622101203057579356e-03
2.045000000000000000e+02 1.357391617718192679e-03
2.050000000000000000e+02 1.505604878222086863e-03
2.055000000000000000e+02 1.552879139282501179e-03
2.060000000000000000e+02 1.465597732271644053e-03
2.065000000000000000e+02 1.407377180568658570e-03
2.070000000000000000e+02 1.448452721472255232e-03
2.075000000000000000e+02 1.398491649264764101e-03
2.080000000000000000e+02 1.248888971668158992e-03
2.085000000000000000e+02 1.025015786330897962e-03
2.090000000000000000e+02 1.184194769115154118e-03
2.095000000000000000e+02 1.291543179288687660e-03
2.100000000000000000e+02 1.033406451472836281e-03
2.105000000000000000e+02 1.027948734749891454e-03
2.110000000000000000e+02 9.530083479751819608e-04
2.115000000000000000e+02 1.010713489331013315e-03
2.120000000000000000e+02 8.834959041011079817e-04
2.125000000000000000e+02 1.042465917367388882e-03
2.130000000000000000e+02 8.256685986230020763e-04
2.135000000000000000e+02 7.913938284040048345e-04
2.140000000000000000e+02 9.714822992694237703e-04
2.145000000000000000e+02 7.703485998563835502e-04
2.150000000000000000e+02 8.951474354232498648e-04
2.155000000000000000e+02 1.033426058236523509e-03
2.160000000000000000e+02 8.774351442511696885e-04
2.165000000000000000e+02 7.318592512501265667e-04
2.170000000000000000e+02 9.052820321473183194e-04
2.175000000000000000e+02 7.178067224119946774e-04
2.180000000000000000e+02 8.834361843234125747e-04
2.185000000000000000e+02 1.164362661757044944e-03
2.190000000000000000e+02 1.115303940979489638e-03
2.195000000000000000e+02 1.168089491737480789e-03
2.200000000000000000e+02 1.066107396641493036e-03
