1.100000000000000000e+02 4.074063194672754989e-02
1.105000000000000000e+02 2.230405461895022465e-02
1.110000000000000000e+02 -4.522265240310032602e-02
1.115000000000000000e+02 -4.306908351390086737e-02
1.120000000000000000e+02 9.822396855392247217e-03
1.125000000000000000e+02 -7.454408316107197750e-03
1.130000000000000000e+02 -6.511136889705201707e-03
1.135000000000000000e+02 -7.792343137829023381e-02
1.140000000000000000e+02 1.609436454209160816e+00
1.145000000000000000e+02 5.397751126947637479e-01
1.150000000000000000e+02 5.143278278999071640e-01
1.155000000000000000e+02 5.011367132338138131e-01
1.160000000000000000e+02 4.962206816817558153e-01
1.165000000000000000e+02 4.930381917746538001e-01
1.170000000000000000e+02 4.896770919921694665e-01
1.175000000000000000e+02 4.895054364260528756e-01
1.180000000000000000e+02 4.841295596869321649e-01
1.185000000000000000e+02 4.827309277989853542e-01
1.190000000000000000e+02 4.758190026620997548e-01
1.195000000000000000e+02 4.733829432820229610e-01
1.200000000000000000e+02 4.668908988422948991e-01
1.205000000000000000e+02 4.602769847719976326e-01
1.210000000000000000e+02 4.538526958898113639e-01
1.215000000000000000e+02 4.458089539976055615e-01
1.220000000000000000e+02 4.377479571221639665e-01
1.225000000000000000e+02 4.282773273112575052e-01
1.230000000000000000e+02 4.186893300954042108e-01
1.235000000000000000e+02 4.083668633212893528e-01
1.240000000000000000e+02 3.979994731939290875e-01
1.245000000000000000e+02 3.874736003673363571e-01
1.250000000000000000e+02 3.779917359269365229e-01
1.255000000000000000e+02 3.678304813563074704e-01
1.260000000000000000e+02 3.581083720203421250e-01
1.265000000000000000e+02 3.493386888870284035e-01
1.270000000000000000e+02 3.406341275316941974e-01
1.275000000000000000e+02 3.326353541915961221e-01
1.280000000000000000e+02 3.256507294139349695e-01
1.285000000000000000e+02 3.195862004388533850e-01
1.290000000000000000e+02 3.135483917538491316e-01
1.295000000000000000e+02 3.087753138556553756e-01
1.300000000000000000e+02 3.046713236083626319e-01
1.305000000000000000e+02 3.017215568085399591e-01
1.310000000000000000e+02 2.991508559202264994e-01
1.315000000000000000e+02 2.974731020980480589e-01
1.320000000000000000e+02 2.976422958446927058e-01
1.325000000000000000e+02 2.983104954693778788e-01
1.330000000000000000e+02 3.006306572738599026e-01
1.335000000000000000e+02 3.039378216811661759e-01
1.340000000000000000e+02 3.086569008275874548e-01
1.345000000000000000e+02 3.141916255872390651e-01
1.350000000000000000e+02 3.211777268624962933e-01
1.355000000000000000e+02 3.298008563998611753e-01
1.360000000000000000e+02 3.397935236585369334e-01
1.365000000000000000e+02 3.511743286815174891e-01
1.370000000000000000e+02 3.639311789658798979e-01
1.375000000000000000e+02 3.783242703840199450e-01
1.380000000000000000e+02 3.928206361066637897e-01
1.381999999999999886e+02 3.975873770624990255e-01
1.384000000000000057e+02 4.031097003631518016e-01
1.385999999999999943e+02 4.095148739519269276e-01
1.388000000000000114e+02 4.145044106815051754e-01
1.390000000000000000e+02 4.202793496026868136e-01
1.391999999999999886e+02 4.256777568659164679e-01
1.394000000000000057e+02 4.307304191753965061e-01
1.395999999999999943e+02 4.359539680392633398e-01
1.398000000000000114e+02 4.402459283510527510e-01
1.400000000000000000e+02 4.457445801357408643e-01
1.401999999999999886e+02 4.500154948390587273e-01
1.404000000000000057e+02 4.542691227134646459e-01
1.405999999999999943e+02 4.577558464050927589e-01
1.408000000000000114e+02 4.611073122566688443e-01
1.410000000000000000e+02 4.638137231376899816e-01
1.411999999999999886e+02 4.662419501803757860e-01
1.414000000000000057e+02 4.692264794733795874e-01
1.415999999999999943e+02 4.716570811069986657e-01
1.418000000000000114e+02 4.737354467824301807e-01
1.420000000000000000e+02 4.755292769263704256e-01
1.421999999999999886e+02 4.775274325137442433e-01
1.424000000000000057e+02 4.791982761381615719e-01
1.425999999999999943e+02 4.803493619201886222e-01
1.428000000000000114e+02 4.811937833643475382e-01
1.430000000000000000e+02 4.821922209188191366e-01
1.431999999999999886e+02 4.818480124469663450e-01
1.434000000000000057e+02 4.816309368815837044e-01
1.435999999999999943e+02 4.816963883373596711e-01
1.438000000000000114e+02 4.810446501602810288e-01
1.440000000000000000e+02 4.800071734442962756e-01
1.441999999999999886e+02 4.784570224796316773e-01
1.444000000000000057e+02 4.767060483838193030e-01
1.445999999999999943e+02 4.737737277470935870e-01
1.448000000000000114e+02 4.718214779432226558e-01
1.450000000000000000e+02 4.686392033932955670e-01
1.451999999999999886e+02 4.660007507555298800e-01
1.454000000000000057e+02 4.621071375909746037e-01
1.455999999999999943e+02 4.581802352346529550e-01
1.458000000000000114e+02 4.549019183602792116e-01
1.460000000000000000e+02 4.498988700791602402e-01
1.461999999999999886e+02 4.452424536142037814e-01
1.464000000000000057e+02 4.408933648280466966e-01
1.465999999999999943e+02 4.354226732860450033e-01
1.468000000000000114e+02 4.295140649747690720e-01
1.470000000000000000e+02 4.244605796877103931e-01
1.471999999999999886e+02 4.181475424050154488e-01
1.474000000000000057e+02 4.123416671477431739e-01
1.475999999999999943e+02 4.056086978181763225e-01
1.478000000000000114e+02 3.997622609782518488e-01
1.480000000000000000e+02 3.927503253442365949e-01
1.481999999999999886e+02 3.866695580142819888e-01
1.484000000000000057e+02 3.811522348260601434e-01
1.485999999999999943e+02 3.754084952335918768e-01
1.488000000000000114e+02 3.693720772502738781e-01
1.490000000000000000e+02 3.636589196461840201e-01
1.491999999999999886e+02 3.580063692199507153e-01
1.494000000000000057e+02 3.526646928104164025e-01
1.495999999999999943e+02 3.469453249859186794e-01
1.498000000000000114e+02 3.418833387152261927e-01
1.500000000000000000e+02 3.362840264291330761e-01
1.505000000000000000e+02 3.239769433665924403e-01
1.510000000000000000e+02 3.107862556093114459e-01
1.515000000000000000e+02 2.974283600132501260e-01
1.520000000000000000e+02 2.853525471320661477e-01
1.525000000000000000e+02 2.737456868419377853e-01
1.530000000000000000e+02 2.628030995824964244e-01
1.535000000000000000e+02 2.514729196260889199e-01
1.540000000000000000e+02 2.401781043758825507e-01
1.545000000000000000e+02 2.279377658780566140e-01
1.550000000000000000e+02 2.158988932695709295e-01
1.555000000000000000e+02 2.019399340237573448e-01
1.560000000000000000e+02 1.884142908447518083e-01
1.565000000000000000e+02 1.740233338532143070e-01
1.570000000000000000e+02 1.597085103284078822e-01
1.575000000000000000e+02 1.446512497142357634e-01
1.580000000000000000e+02 1.299689740487193768e-01
1.585000000000000000e+02 1.151608743400954482e-01
1.590000000000000000e+02 1.006472985227401251e-01
1.595000000000000000e+02 8.638522226909882418e-02
1.600000000000000000e+02 7.288658638139758339e-02
1.605000000000000000e+02 6.039305671942266779e-02
1.610000000000000000e+02 4.915304109902773888e-02
1.615000000000000000e+02 3.988666272322735629e-02
1.620000000000000000e+02 3.108745983195139798e-02
1.625000000000000000e+02 2.387566082050646132e-02
1.630000000000000000e+02 1.817518033307182965e-02
1.635000000000000000e+02 1.401123712462048684e-02
1.640000000000000000e+02 1.002284794396172442e-02
1.645000000000000000e+02 7.115053419742312611e-03
1.650000000000000000e+02 4.366524135546636515e-03
1.655000000000000000e+02 2.384154302697480670e-03
1.660000000000000000e+02 8.500920173925018185e-04
1.665000000000000000e+02 -2.180133413430265180e-04
1.670000000000000000e+02 -1.143450041457270191e-03
1.675000000000000000e+02 -1.975115747124894013e-03
1.680000000000000000e+02 -2.787670376303844327e-03
1.685000000000000000e+02 -3.384553594479536125e-03
1.690000000000000000e+02 -3.944923091534610973e-03
1.695000000000000000e+02 -4.312238382278245005e-03
1.700000000000000000e+02 -4.689777751811426490e-03
1.705000000000000000e+02 -4.797088092204477260e-03
1.710000000000000000e+02 -5.107900265958278258e-03
1.715000000000000000e+02 -5.190590942260248260e-03
1.720000000000000000e+02 -5.246320717434821250e-03
1.725000000000000000e+02 -5.536798651271801139e-03
1.730000000000000000e+02 -5.632608165532427928e-03
1.735000000000000000e+02 -5.561400037506754844e-03
1.740000000000000000e+02 -5.680215067126004151e-03
1.745000000000000000e+02 -5.775229907895055789e-03
1.750000000000000000e+02 -5.879382399755530599e-03
1.755000000000000000e+02 -5.677778178959196065e-03
1.760000000000000000e+02 -5.700428475281502094e-03
1.765000000000000000e+02 -5.423711824302272604e-03
1.770000000000000000e+02 -4.948107316027567162e-03
1.775000000000000000e+02 -5.128097144959057642e-03
1.780000000000000000e+02 -4.682400253285323895e-03
1.785000000000000000e+02 -4.330063386881004110e-03
1.790000000000000000e+02 -4.413348792932364831e-03
1.795000000000000000e+02 -4.660740530881027528e-03
1.800000000000000000e+02 -4.217030923529712858e-03
1.805000000000000000e+02 -3.774127057271147410e-03
1.810000000000000000e+02 -3.756728344788303788e-03
1.815000000000000000e+02 -2.946018387183789704e-03
1.820000000000000000e+02 -2.836359254216218057e-03
1.825000000000000000e+02 -2.702379141539004888e-03
1.830000000000000000e+02 -3.458464389450516176e-03
1.835000000000000000e+02 -2.855191653156213122e-03
1.840000000000000000e+02 -2.539915535748983166e-03
1.845000000000000000e+02 -2.534783534320024078e-03
1.850000000000000000e+02 -2.334272958563385000e-03
1.855000000000000000e+02 -2.053667289168109936e-03
1.860000000000000000e+02 -2.302636720653650736e-03
1.865000000000000000e+02 -1.733513071579472929e-03
1.870000000000000000e+02 -1.889221571571856858e-03
1.875000000000000000e+02 -1.738094882874033353e-03
1.880000000000000000e+02 -1.603040728466199275e-03
1.885000000000000000e+02 -1.208625947432315608e-03
1.890000000000000000e+02 -3.351395640237477143e-04
1.895000000000000000e+02 -3.191249725155355529e-04
1.900000000000000000e+02 1.638249284533409246e-04
1.905000000000000000e+02 -3.600028767737805855e-04
1.910000000000000000e+02 -4.286234141154275971e-04
1.915000000000000000e+02 -1.990476650425943115e-04
1.920000000000000000e+02 -3.893308953259018109e-04
1.925000000000000000e+02 -4.464627271713801941e-04
1.930000000000000000e+02 -5.819380959013388966e-04
1.935000000000000000e+02 -1.284063736352234180e-03
1.940000000000000000e+02 -1.425461525681004198e-03
1.945000000000000000e+02 -1.748105773591259859e-03
1.950000000000000000e+02 -2.318582104335125630e-03
1.955000000000000000e+02 -3.434414366815565986e-03
1.960000000000000000e+02 -3.472075851197830784e-03
1.965000000000000000e+02 -4.011641211474781081e-03
1.970000000000000000e+02 -4.421230100045391194e-03
1.975000000000000000e+02 -4.755840115925464434e-03
1.980000000000000000e+02 -4.422530940540187437e-03
1.985000000000000000e+02 -5.237218044654468573e-03
1.990000000000000000e+02 -5.340418880897075324e-03
1.995000000000000000e+02 -5.636650751570254810e-03
2.000000000000000000e+02 -5.710193311383632980e-03
2.005000000000000000e+02 -6.055498701918474169e-03
2.010000000000000000e+02 -5.865195791676307106e-03
2.015000000000000000e+02 -6.453758934185308514e-03
2.020000000000000000e+02 -6.269812120449549248e-03
2.025000000000000000e+02 -6.111718284505217487e-03
2.030000000000000000e+02 -5.889444062098366135e-03
2.035000000000000000e+02 -6.020436312633730205e-03
2.040000000000000000e+02 -6.324333174969599264e-03
2.045000000000000000e+02 -6.148549355697742642e-03
2.050000000000000000e+02 -6.283257781515306020e-03
2.055000000000000000e+02 -6.333721795596910890e-03
2.060000000000000000e+02 -5.983248721229012315e-03
2.065000000000000000e+02 -6.168895209441711130e-03
2.070000000000000000e+02 -6.127646805980537133e-03
2.075000000000000000e+02 -6.002417642781238301e-03
2.080000000000000000e+02 -6.409036622142096420e-03
2.085000000000000000e+02 -5.734670613879121887e-03
2.090000000000000000e+02 -5.927950788089958283e-03
2.095000000000000000e+02 -5.519279405746365524e-03
2.100000000000000000e+02 -5.275317552084129134e-03
2.105000000000000000e+02 -5.471575175017859803e-03
2.110000000000000000e+02 -4.892941874560378587e-03
2.115000000000000000e+02 -5.350422069027377207e-03
2.120000000000000000e+02 -5.092828002597679649e-03
2.125000000000000000e+02 -5.310393093328332967e-03
2.130000000000000000e+02 -6.054579601494591151e-03
2.135000000000000000e+02 -5.558119864654925170e-03
2.140000000000000000e+02 -5.767768456373494057e-03
2.145000000000000000e+02 -5.953380982192142158e-03
2.150000000000000000e+02 -5.872631534029698619e-03
2.155000000000000000e+02 -5.624546882659416276e-03
2.160000000000000000e+02 -5.846546054352200900e-03
2.165000000000000000e+02 -5.524926534161184351e-03
2.170000000000000000e+02 -5.784896442805808822e-03
2.175000000000000000e+02 -5.778395435373097355e-03
2.180000000000000000e+02 -5.886245907666499272e-03
2.185000000000000000e+02 -6.060984180660484999e-03
2.190000000000000000e+02 -5.944421195223852789e-03
2.195000000000000000e+02 -5.800982864574156725e-03
2.200000000000000000e+02 -5.512474864286041887e-03
