1.100000000000000000e+02 nan
1.105000000000000000e+02 6.136532054307484302e-02
1.110000000000000000e+02 4.639636183070527942e-02
1.115000000000000000e+02 6.608253586467079110e-02
1.120000000000000000e+02 8.005609855217120374e-02
1.125000000000000000e+02 1.144003542707846682e-01
1.130000000000000000e+02 8.316746138118541465e-02
1.135000000000000000e+02 3.124775058608307565e-02
1.140000000000000000e+02 1.757252444733777008e-01
1.145000000000000000e+02 1.163598444810620414e-01
1.150000000000000000e+02 1.179842534318264746e-01
1.155000000000000000e+02 1.165497990928023031e-01
1.160000000000000000e+02 1.155697417002546218e-01
1.165000000000000000e+02 1.155255508352076160e-01
1.170000000000000000e+02 1.149002883518796536e-01
1.175000000000000000e+02 1.161255738896424111e-01
1.180000000000000000e+02 1.151931161017607230e-01
1.185000000000000000e+02 1.137159330017422781e-01
1.190000000000000000e+02 1.121279765799631234e-01
1.195000000000000000e+02 1.133405868794676308e-01
1.200000000000000000e+02 1.110209876922162581e-01
1.205000000000000000e+02 1.091323124852655313e-01
1.210000000000000000e+02 1.068831222444184131e-01
1.215000000000000000e+02 1.059483012674351937e-01
1.220000000000000000e+02 1.034028697257563800e-01
1.225000000000000000e+02 1.004166344869158733e-01
1.230000000000000000e+02 9.801498964300076056e-02
1.235000000000000000e+02 9.507608749502537149e-02
1.240000000000000000e+02 9.335834172848650470e-02
1.245000000000000000e+02 8.902170780755359891e-02
1.250000000000000000e+02 8.642161113774692038e-02
1.255000000000000000e+02 8.284924753034618450e-02
1.260000000000000000e+02 7.970190825231772414e-02
1.265000000000000000e+02 7.784549667601127487e-02
1.270000000000000000e+02 7.561077426227844067e-02
1.275000000000000000e+02 7.311938442404923577e-02
1.280000000000000000e+02 7.146727243457424994e-02
1.285000000000000000e+02 6.973246516515564652e-02
1.290000000000000000e+02 6.882481999608142109e-02
1.295000000000000000e+02 6.796295720506626004e-02
1.300000000000000000e+02 6.754151409365770353e-02
1.305000000000000000e+02 6.726859703569591786e-02
1.310000000000000000e+02 6.784629377208914458e-02
1.315000000000000000e+02 6.801578819046745494e-02
1.320000000000000000e+02 6.899565828409469359e-02
1.325000000000000000e+02 7.008115205916565227e-02
1.330000000000000000e+02 7.202030261465611205e-02
1.335000000000000000e+02 7.411054950722907597e-02
1.340000000000000000e+02 7.679871033854886175e-02
1.345000000000000000e+02 7.992801590221799979e-02
1.350000000000000000e+02 8.328611500989407945e-02
1.355000000000000000e+02 8.723834233509775160e-02
1.360000000000000000e+02 9.155685842325843316e-02
1.365000000000000000e+02 9.572985478136435133e-02
1.370000000000000000e+02 1.006629559822673908e-01
1.375000000000000000e+02 1.060135763043775214e-01
1.380000000000000000e+02 1.115802405500352645e-01
1.385000000000000000e+02 1.171883509759875652e-01
1.390000000000000000e+02 1.225103607395794103e-01
1.395000000000000000e+02 1.273772556750240315e-01
1.400000000000000000e+02 1.316573037240936772e-01
1.405000000000000000e+02 1.351105325967882909e-01
1.410000000000000000e+02 1.378067469395282407e-01
1.415000000000000000e+02 1.398733409144856110e-01
1.420000000000000000e+02 1.414330556333505129e-01
1.425000000000000000e+02 1.424830339917304012e-01
1.430000000000000000e+02 1.430048768277264182e-01
1.435000000000000000e+02 1.429506653800451110e-01
1.440000000000000000e+02 1.419259858994814660e-01
1.445000000000000000e+02 1.405242775127433508e-01
1.450000000000000000e+02 1.383510175450106128e-01
1.455000000000000000e+02 1.354996414158432527e-01
1.460000000000000000e+02 1.321285249526559791e-01
1.465000000000000000e+02 1.284329691099124759e-01
1.470000000000000000e+02 1.238840926987440083e-01
1.475000000000000000e+02 1.189440888416368747e-01
1.480000000000000000e+02 1.136367674984500309e-01
1.485000000000000000e+02 1.088282081040591182e-01
1.490000000000000000e+02 1.039009359191342685e-01
1.495000000000000000e+02 9.951791716029131929e-02
1.500000000000000000e+02 9.513152592451146194e-02
1.505000000000000000e+02 9.078473970982896268e-02
1.510000000000000000e+02 8.691005917454339147e-02
1.515000000000000000e+02 8.296736360523362941e-02
1.520000000000000000e+02 7.887622028749273484e-02
1.525000000000000000e+02 7.526745752318107774e-02
1.530000000000000000e+02 7.212037949844223028e-02
1.535000000000000000e+02 6.902731840700573884e-02
1.540000000000000000e+02 6.615533335431776629e-02
1.545000000000000000e+02 6.263942831614029150e-02
1.550000000000000000e+02 5.926349444225417068e-02
1.555000000000000000e+02 5.584012559762899924e-02
1.560000000000000000e+02 5.202470445610780231e-02
1.565000000000000000e+02 4.848014180314009353e-02
1.570000000000000000e+02 4.421398541629244922e-02
1.575000000000000000e+02 4.046367297279575281e-02
1.580000000000000000e+02 3.631585331440188857e-02
1.585000000000000000e+02 3.219259406933770717e-02
1.590000000000000000e+02 2.806457556397769226e-02
1.595000000000000000e+02 2.399921173279056380e-02
1.600000000000000000e+02 2.002636410387871949e-02
1.605000000000000000e+02 1.631698465052435626e-02
1.610000000000000000e+02 1.270974283976991810e-02
1.615000000000000000e+02 9.453745427979194996e-03
1.620000000000000000e+02 6.552320159801714762e-03
1.625000000000000000e+02 4.318724955480999356e-03
1.630000000000000000e+02 2.245431239720555895e-03
1.635000000000000000e+02 6.284634099919351536e-04
1.640000000000000000e+02 -7.090313960089930081e-04
1.645000000000000000e+02 -1.562027095790447960e-03
1.650000000000000000e+02 -2.557963432567840825e-03
1.655000000000000000e+02 -3.102523937841932845e-03
1.660000000000000000e+02 -3.443037381763987097e-03
1.665000000000000000e+02 -3.818591327099819105e-03
1.670000000000000000e+02 -4.156852419660132976e-03
1.675000000000000000e+02 -4.320578883009245849e-03
1.680000000000000000e+02 -4.115142764891529907e-03
1.685000000000000000e+02 -4.208084739791412114e-03
1.690000000000000000e+02 -4.429386106596229673e-03
1.695000000000000000e+02 -4.470168453789931905e-03
1.700000000000000000e+02 -4.478667788006871972e-03
1.705000000000000000e+02 -4.375294948705271518e-03
1.710000000000000000e+02 -4.483289008053354535e-03
1.715000000000000000e+02 -4.427746414999223987e-03
1.720000000000000000e+02 -4.511594679028844285e-03
1.725000000000000000e+02 -4.221108199702111076e-03
1.730000000000000000e+02 -4.140553425036543229e-03
1.735000000000000000e+02 -4.060622368039825889e-03
1.740000000000000000e+02 -4.004799107597907873e-03
1.745000000000000000e+02 -3.897339571817337069e-03
1.750000000000000000e+02 -3.882788357410493427e-03
1.755000000000000000e+02 -3.788995680636930360e-03
1.760000000000000000e+02 -3.680671283313042240e-03
1.765000000000000000e+02 -3.946841784757766126e-03
1.770000000000000000e+02 -3.388094485589629619e-03
1.775000000000000000e+02 -3.231683346665307956e-03
1.780000000000000000e+02 -3.341290623849595045e-03
1.785000000000000000e+02 -3.204402548817243245e-03
1.790000000000000000e+02 -2.755013619290487981e-03
1.795000000000000000e+02 -2.921777767908527099e-03
1.800000000000000000e+02 -2.790852836791879628e-03
1.805000000000000000e+02 -2.669745704134004419e-03
1.810000000000000000e+02 -2.467394340174261947e-03
1.815000000000000000e+02 -2.478890196916167920e-03
1.820000000000000000e+02 -2.417355195875826781e-03
1.825000000000000000e+02 -2.054286240681780715e-03
1.830000000000000000e+02 -2.310218712148493121e-03
1.835000000000000000e+02 -2.014102840118162357e-03
1.840000000000000000e+02 -2.124721934201989626e-03
1.845000000000000000e+02 -1.984348084632487578e-03
1.850000000000000000e+02 -1.667862262136601045e-03
1.855000000000000000e+02 -1.571001967716371918e-03
1.860000000000000000e+02 -1.868234374145407665e-03
1.865000000000000000e+02 -1.491881264464629256e-03
1.870000000000000000e+02 -1.390914336381379171e-03
1.875000000000000000e+02 -1.089164039326569883e-03
1.880000000000000000e+02 -9.225371996440138523e-04
1.885000000000000000e+02 -8.413536734598720500e-04
1.890000000000000000e+02 -9.047776674772765220e-04
1.895000000000000000e+02 -6.275518002715295548e-04
1.900000000000000000e+02 -7.903364759969460588e-04
1.905000000000000000e+02 -3.440028407569300497e-04
1.910000000000000000e+02 -1.968886253189673858e-04
1.915000000000000000e+02 -4.225087057554816040e-04
1.920000000000000000e+02 -5.900515533675927075e-04
1.925000000000000000e+02 -4.725541891051464479e-04
1.930000000000000000e+02 -4.030408793680152714e-04
1.935000000000000000e+02 -3.913233278857056814e-04
1.940000000000000000e+02 -4.221371493602210233e-04
1.945000000000000000e+02 -4.527794295942280255e-04
1.950000000000000000e+02 -2.678020724922830996e-04
1.955000000000000000e+02 -3.433188009690450585e-04
1.960000000000000000e+02 -6.396205918859188900e-04
1.965000000000000000e+02 -5.509395452493726347e-04
1.970000000000000000e+02 -5.965141597661597489e-04
1.975000000000000000e+02 -7.833904541272116578e-04
1.980000000000000000e+02 -8.282479914914485679e-04
1.985000000000000000e+02 -1.200802805215564961e-03
1.990000000000000000e+02 -1.456569288294853491e-03
1.995000000000000000e+02 -1.763004482239077320e-03
2.000000000000000000e+02 -2.012749478453373583e-03
2.005000000000000000e+02 -1.868782929034537273e-03
2.010000000000000000e+02 -2.170253531577276147e-03
2.015000000000000000e+02 -2.161196770300763056e-03
2.020000000000000000e+02 -2.200626431019355421e-03
2.025000000000000000e+02 -1.791564606326545009e-03
2.030000000000000000e+02 -1.838524411861664582e-03
2.035000000000000000e+02 -2.108619841571676007e-03
2.040000000000000000e+02 -2.109131611464463898e-03
2.045000000000000000e+02 -2.182424648755858579e-03
2.050000000000000000e+02 -2.241807305090606599e-03
2.055000000000000000e+02 -1.926162871562315084e-03
2.060000000000000000e+02 -2.271039991180632232e-03
2.065000000000000000e+02 -2.126355170269966875e-03
2.070000000000000000e+02 -2.334779028029537826e-03
2.075000000000000000e+02 -2.206026430468587679e-03
2.080000000000000000e+02 -2.447543338543844375e-03
2.085000000000000000e+02 -2.234635891166365535e-03
2.090000000000000000e+02 -2.256630315229682122e-03
2.095000000000000000e+02 -2.258078041768931364e-03
2.100000000000000000e+02 -2.378612871303007609e-03
2.105000000000000000e+02 -2.201564205310525997e-03
2.110000000000000000e+02 -2.016460693596708580e-03
2.115000000000000000e+02 -2.109238730405620359e-03
2.120000000000000000e+02 -2.064139272072384144e-03
2.125000000000000000e+02 -2.043455546143975975e-03
2.130000000000000000e+02 -2.128709820305399025e-03
2.135000000000000000e+02 -2.008647528412112367e-03
2.140000000000000000e+02 -2.081199455547878656e-03
2.145000000000000000e+02 -2.013044856645334387e-03
2.150000000000000000e+02 -1.893157179397975988e-03
2.155000000000000000e+02 -2.109641647274418299e-03
2.160000000000000000e+02 -1.873383366022281444e-03
2.165000000000000000e+02 -1.942830523702880532e-03
2.170000000000000000e+02 -1.914744118446583395e-03
2.175000000000000000e+02 -1.618858344598628207e-03
2.180000000000000000e+02 -1.651681029050017496e-03
2.185000000000000000e+02 -1.797153052683745722e-03
2.190000000000000000e+02 -1.781723599743188302e-03
2.195000000000000000e+02 -1.606389823431403742e-03
2.200000000000000000e+02 -1.667907997863108272e-03
