1.100000000000000000e+02 -3.104302865715471982e-01
1.105000000000000000e+02 -2.231358651419267369e-01
1.110000000000000000e+02 -4.177402662966162028e-01
1.115000000000000000e+02 -4.908490737966618167e-01
1.120000000000000000e+02 -4.931525631821017663e-01
1.125000000000000000e+02 nan
1.130000000000000000e+02 -9.184390036631331355e-01
1.135000000000000000e+02 -1.613726154009764269e+00
1.140000000000000000e+02 nan
1.145000000000000000e+02 1.340812264879685412e+00
1.150000000000000000e+02 1.196950379205478310e+00
1.155000000000000000e+02 1.147931338044582583e+00
1.160000000000000000e+02 1.105186566329469544e+00
1.165000000000000000e+02 1.099107965576837431e+00
1.170000000000000000e+02 1.088253753115587141e+00
1.175000000000000000e+02 1.087404179888625366e+00
1.180000000000000000e+02 1.076632970061812911e+00
1.185000000000000000e+02 1.067887000487727001e+00
1.190000000000000000e+02 1.052532520377051251e+00
1.195000000000000000e+02 1.044165078104104527e+00
1.200000000000000000e+02 1.029785190073895684e+00
1.205000000000000000e+02 1.016247981739489381e+00
1.210000000000000000e+02 9.959876335662547486e-01
1.215000000000000000e+02 9.796473375522762872e-01
1.220000000000000000e+02 9.547386825711773328e-01
1.225000000000000000e+02 9.403888525121388842e-01
1.230000000000000000e+02 9.163753519869044517e-01
1.235000000000000000e+02 8.924369419467010900e-01
1.240000000000000000e+02 8.703138619500447870e-01
1.245000000000000000e+02 8.483685565579598409e-01
1.250000000000000000e+02 8.240589368369026779e-01
1.255000000000000000e+02 8.037356296295864455e-01
1.260000000000000000e+02 7.820444253435099302e-01
1.265000000000000000e+02 7.634326216412744559e-01
1.270000000000000000e+02 7.443705979410943918e-01
1.275000000000000000e+02 7.283497857279873644e-01
1.280000000000000000e+02 7.130903877177396932e-01
1.285000000000000000e+02 7.012143485900206308e-01
1.290000000000000000e+02 6.902589169016560833e-01
1.295000000000000000e+02 6.816588943136703271e-01
1.300000000000000000e+02 6.752658439030522208e-01
1.305000000000000000e+02 6.710880140684530870e-01
1.310000000000000000e+02 6.694945989924816487e-01
1.315000000000000000e+02 6.704042076310117171e-01
1.320000000000000000e+02 6.732389711300437174e-01
1.325000000000000000e+02 6.791075511866215830e-01
1.330000000000000000e+02 6.880464209074117488e-01
1.335000000000000000e+02 6.996074248627992542e-01
1.340000000000000000e+02 7.145972431301899075e-01
1.345000000000000000e+02 7.325155820354430913e-01
1.350000000000000000e+02 7.523047871408781173e-01
1.355000000000000000e+02 7.760902255001250749e-01
1.360000000000000000e+02 8.028031476924070153e-01
1.365000000000000000e+02 8.322403424715774101e-01
1.370000000000000000e+02 8.653989093752807449e-01
1.375000000000000000e+02 8.998236227434825985e-01
1.380000000000000000e+02 9.364758112399400591e-01
1.381999999999999886e+02 9.517284402744082827e-01
1.384000000000000057e+02 9.656823399130294305e-01
1.385999999999999943e+02 9.794479588646516355e-01
1.388000000000000114e+02 9.941915207177550728e-01
1.390000000000000000e+02 1.007917572635379733e+00
1.391999999999999886e+02 1.020220507085935369e+00
1.394000000000000057e+02 1.033133445422849350e+00
1.395999999999999943e+02 1.044745998665252529e+00
1.398000000000000114e+02 1.055594221224680052e+00
1.400000000000000000e+02 1.065403451941795643e+00
1.401999999999999886e+02 1.075102048998470838e+00
1.404000000000000057e+02 1.084040204159922194e+00
1.405999999999999943e+02 1.091507648880389647e+00
1.408000000000000114e+02 1.098023942245134998e+00
1.410000000000000000e+02 1.104054605963720181e+00
1.411999999999999886e+02 1.109949063458151475e+00
1.414000000000000057e+02 1.114295731799894718e+00
1.415999999999999943e+02 1.118458200901077726e+00
1.418000000000000114e+02 1.123221836885637703e+00
1.420000000000000000e+02 1.125577702790505397e+00
1.421999999999999886e+02 1.128898943995816584e+00
1.424000000000000057e+02 1.131127529889973227e+00
1.425999999999999943e+02 1.132927684955133296e+00
1.428000000000000114e+02 1.133555368919215489e+00
1.430000000000000000e+02 1.134625408877536712e+00
1.431999999999999886e+02 1.134138955055691289e+00
1.434000000000000057e+02 1.133352397865785566e+00
1.435999999999999943e+02 1.130931262903552392e+00
1.438000000000000114e+02 1.128724912978564809e+00
1.440000000000000000e+02 1.123652614057636390e+00
1.441999999999999886e+02 1.118943494700511465e+00
1.444000000000000057e+02 1.113259133772171561e+00
1.445999999999999943e+02 1.106840308945707507e+00
1.448000000000000114e+02 1.099799382283305205e+00
1.450000000000000000e+02 1.091253711716632102e+00
1.451999999999999886e+02 1.082484846511760912e+00
1.454000000000000057e+02 1.073014442277511860e+00
1.455999999999999943e+02 1.063156087565813701e+00
1.458000000000000114e+02 1.053018352572426819e+00
1.460000000000000000e+02 1.041175564236043627e+00
1.461999999999999886e+02 1.029052647489972383e+00
1.464000000000000057e+02 1.016396329603303617e+00
1.465999999999999943e+02 1.002744643403262748e+00
1.468000000000000114e+02 9.888127919811050548e-01
1.470000000000000000e+02 9.733405649898505541e-01
1.471999999999999886e+02 9.585879838983405454e-01
1.474000000000000057e+02 9.426756027764767731e-01
1.475999999999999943e+02 9.266916817419142971e-01
1.478000000000000114e+02 9.110463854962734809e-01
1.480000000000000000e+02 8.948605143836274589e-01
1.481999999999999886e+02 8.787848259772079729e-01
1.484000000000000057e+02 8.638572712747079052e-01
1.485999999999999943e+02 8.494003660479481077e-01
1.488000000000000114e+02 8.358646990465162796e-01
1.490000000000000000e+02 8.220103373699817473e-01
1.491999999999999886e+02 8.093870823977323825e-01
1.494000000000000057e+02 7.959247670484288495e-01
1.495999999999999943e+02 7.827162067156905323e-01
1.498000000000000114e+02 7.696820823596364214e-01
1.500000000000000000e+02 7.567753846147045049e-01
1.505000000000000000e+02 7.253227320133101008e-01
1.510000000000000000e+02 6.942306605963642907e-01
1.515000000000000000e+02 6.635853822057252716e-01
1.520000000000000000e+02 6.344479445859801947e-01
1.525000000000000000e+02 6.075872278383810388e-01
1.530000000000000000e+02 5.823516282162034541e-01
1.535000000000000000e+02 5.581209542416283309e-01
1.540000000000000000e+02 5.324378816062453890e-01
1.545000000000000000e+02 5.053685571620629702e-01
1.550000000000000000e+02 4.771878114032631624e-01
1.555000000000000000e+02 4.482237792292675382e-01
1.560000000000000000e+02 4.174840688561927138e-01
1.565000000000000000e+02 3.859060676635651110e-01
1.570000000000000000e+02 3.540001216885223512e-01
1.575000000000000000e+02 3.220320623516251812e-01
1.580000000000000000e+02 2.900997058877342605e-01
1.585000000000000000e+02 2.573087157673957792e-01
1.590000000000000000e+02 2.252940103405903227e-01
1.595000000000000000e+02 1.936070650967509077e-01
1.600000000000000000e+02 1.636954851686979462e-01
1.605000000000000000e+02 1.354064766172441148e-01
1.610000000000000000e+02 1.112042749676245834e-01
1.615000000000000000e+02 8.991378645722149232e-02
1.620000000000000000e+02 7.093481170649490464e-02
1.625000000000000000e+02 5.615115508186473148e-02
1.630000000000000000e+02 4.361281385765658491e-02
1.635000000000000000e+02 3.359013232885554867e-02
1.640000000000000000e+02 2.577967529333529892e-02
1.645000000000000000e+02 1.970725046619937332e-02
1.650000000000000000e+02 1.487565388386066952e-02
1.655000000000000000e+02 1.107753572986008676e-02
1.660000000000000000e+02 8.434441335217824839e-03
1.665000000000000000e+02 6.459764929020175676e-03
1.670000000000000000e+02 4.792209584150883446e-03
1.675000000000000000e+02 3.583708278278298093e-03
1.680000000000000000e+02 1.982790907811852067e-03
1.685000000000000000e+02 1.431998265168032362e-03
1.690000000000000000e+02 6.852754034941679288e-04
1.695000000000000000e+02 2.211295683084235175e-04
1.700000000000000000e+02 -1.423172737493699465e-04
1.705000000000000000e+02 -5.414662505108613997e-04
1.710000000000000000e+02 -1.187821419215588821e-03
1.715000000000000000e+02 -1.001117746399533045e-03
1.720000000000000000e+02 -1.475698522448148442e-03
1.725000000000000000e+02 -1.436127879042527504e-03
1.730000000000000000e+02 -1.685946878761397216e-03
1.735000000000000000e+02 -1.698443108585565887e-03
1.740000000000000000e+02 -1.735447850342236500e-03
1.745000000000000000e+02 -1.712236968061335097e-03
1.750000000000000000e+02 -1.557188648858886257e-03
1.755000000000000000e+02 -1.497951780306567161e-03
1.760000000000000000e+02 -1.148442515152374053e-03
1.765000000000000000e+02 -7.563769323006895671e-04
1.770000000000000000e+02 -7.317416432294902330e-04
1.775000000000000000e+02 -4.581608366003057865e-04
1.780000000000000000e+02 -4.481061064031499988e-04
1.785000000000000000e+02 -5.146195342224240158e-05
1.790000000000000000e+02 -1.014984214599734980e-04
1.795000000000000000e+02 6.919776893107315195e-04
1.800000000000000000e+02 7.608573734535331633e-04
1.805000000000000000e+02 9.725562551219965168e-04
1.810000000000000000e+02 2.251963132245525783e-03
1.815000000000000000e+02 3.002731030358241331e-03
1.820000000000000000e+02 3.286290269321011110e-03
1.825000000000000000e+02 4.020378000635418600e-03
1.830000000000000000e+02 4.365553383074100534e-03
1.835000000000000000e+02 4.890067094815531840e-03
1.840000000000000000e+02 5.290973845365543222e-03
1.845000000000000000e+02 6.043556597818825100e-03
1.850000000000000000e+02 6.310185463230866265e-03
1.855000000000000000e+02 7.315630254196339374e-03
1.860000000000000000e+02 7.399879532711101625e-03
1.865000000000000000e+02 8.450995822023677634e-03
1.870000000000000000e+02 8.648432285250001739e-03
1.875000000000000000e+02 8.951016689721152594e-03
1.880000000000000000e+02 9.694630349029740093e-03
1.885000000000000000e+02 1.030985578162809009e-02
1.890000000000000000e+02 1.086685768819932625e-02
1.895000000000000000e+02 1.066817447916587960e-02
1.900000000000000000e+02 1.110290318091493658e-02
1.905000000000000000e+02 1.091025545411877622e-02
1.910000000000000000e+02 1.107602096429688952e-02
1.915000000000000000e+02 1.094172416515784216e-02
1.920000000000000000e+02 1.086850426532319155e-02
1.925000000000000000e+02 1.104692416676304398e-02
1.930000000000000000e+02 1.053944795006393070e-02
1.935000000000000000e+02 1.071433159268768941e-02
1.940000000000000000e+02 1.016733429825528168e-02
1.945000000000000000e+02 9.059671335926415200e-03
1.950000000000000000e+02 8.226848215693206498e-03
1.955000000000000000e+02 7.242503240438427810e-03
1.960000000000000000e+02 6.258676469973436379e-03
1.965000000000000000e+02 5.362875467780307999e-03
1.970000000000000000e+02 4.910010701457551141e-03
1.975000000000000000e+02 3.710571801804598592e-03
1.980000000000000000e+02 3.416744380345081156e-03
1.985000000000000000e+02 2.676722462801459351e-03
1.990000000000000000e+02 2.015409952345080958e-03
1.995000000000000000e+02 1.114647314210486266e-03
2.000000000000000000e+02 1.266194552448460242e-03
2.005000000000000000e+02 9.029667425605713551e-04
2.010000000000000000e+02 6.501011702707426435e-04
2.015000000000000000e+02 9.577990796602233597e-04
2.020000000000000000e+02 7.822044065938558814e-05
2.025000000000000000e+02 1.197695452833378357e-04
2.030000000000000000e+02 3.391333565404975182e-04
2.035000000000000000e+02 2.520353010412275992e-04
2.040000000000000000e+02 1.534560100780791886e-04
2.045000000000000000e+02 8.504604653863794570e-05
2.050000000000000000e+02 2.323827864092150360e-04
2.055000000000000000e+02 -6.309511597507747396e-05
2.060000000000000000e+02 5.486926642323201994e-05
2.065000000000000000e+02 1.440327539197626037e-04
2.070000000000000000e+02 2.697971084143764402e-04
2.075000000000000000e+02 3.317257653754310015e-04
2.080000000000000000e+02 3.005905000234483128e-04
2.085000000000000000e+02 3.496883530875957453e-04
2.090000000000000000e+02 6.811493657951194890e-04
2.095000000000000000e+02 6.208408510484633627e-04
2.100000000000000000e+02 5.279992516736986162e-04
2.105000000000000000e+02 2.721374134949309902e-04
2.110000000000000000e+02 6.483564039659623496e-04
2.115000000000000000e+02 4.786438642583030036e-04
2.120000000000000000e+02 9.424211514991121192e-04
2.125000000000000000e+02 5.951740508074016521e-04
2.130000000000000000e+02 9.822249457110308283e-04
2.135000000000000000e+02 5.069066221518616060e-04
2.140000000000000000e+02 4.940818462381911221e-04
2.145000000000000000e+02 7.821968769653158803e-04
2.150000000000000000e+02 7.857818748489833402e-04
2.155000000000000000e+02 8.727250776234120148e-04
2.160000000000000000e+02 1.321882382495588289e-03
2.165000000000000000e+02 1.097786609739360465e-03
2.170000000000000000e+02 1.784484260866095679e-03
2.175000000000000000e+02 1.603187914163200492e-03
2.180000000000000000e+02 1.785245735114351527e-03
2.185000000000000000e+02 1.636206938150324211e-03
2.190000000000000000e+02 1.664194294098029483e-03
2.195000000000000000e+02 1.755278344956564922e-03
2.200000000000000000e+02 1.887513301713843964e-03
