1.100000000000000000e+02 -2.387283633445587069e-02
1.105000000000000000e+02 4.688876238997487234e-02
1.110000000000000000e+02 6.156120669415061919e-02
1.115000000000000000e+02 6.565161754862980370e-02
1.120000000000000000e+02 6.181554851373389364e-02
1.125000000000000000e+02 -5.023717472393324918e-02
1.130000000000000000e+02 5.041062546785547022e-02
1.135000000000000000e+02 6.922683012028942040e-02
1.140000000000000000e+02 nan
1.145000000000000000e+02 1.264133228352830152e+00
1.150000000000000000e+02 1.075341593580760424e+00
1.155000000000000000e+02 1.031325139153994153e+00
1.160000000000000000e+02 1.014172106016050456e+00
1.165000000000000000e+02 1.004197310960540879e+00
1.170000000000000000e+02 9.887011346690737223e-01
1.175000000000000000e+02 9.923998016904912456e-01
1.180000000000000000e+02 9.887318921029493168e-01
1.185000000000000000e+02 9.687021866658479530e-01
1.190000000000000000e+02 9.563882251337699758e-01
1.195000000000000000e+02 9.511309231721669644e-01
1.200000000000000000e+02 9.410559626820775847e-01
1.205000000000000000e+02 9.279070118251950827e-01
1.210000000000000000e+02 9.117477104388787001e-01
1.215000000000000000e+02 8.953372427037554759e-01
1.220000000000000000e+02 8.768722120426127864e-01
1.225000000000000000e+02 8.591720435809768741e-01
1.230000000000000000e+02 8.389003876142636651e-01
1.235000000000000000e+02 8.177995474645468610e-01
1.240000000000000000e+02 7.974338658925419487e-01
1.245000000000000000e+02 7.771272129954589492e-01
1.250000000000000000e+02 7.549169748263198088e-01
1.255000000000000000e+02 7.359176636970812257e-01
1.260000000000000000e+02 7.168220933447212451e-01
1.265000000000000000e+02 6.992930779085216875e-01
1.270000000000000000e+02 6.823536601138420199e-01
1.275000000000000000e+02 6.669431889913283173e-01
1.280000000000000000e+02 6.534957117959737660e-01
1.285000000000000000e+02 6.423201095226828139e-01
1.290000000000000000e+02 6.323856156180432952e-01
1.295000000000000000e+02 6.241493476531786433e-01
1.300000000000000000e+02 6.181404444480373961e-01
1.305000000000000000e+02 6.147405450133760496e-01
1.310000000000000000e+02 6.126832144811602543e-01
1.315000000000000000e+02 6.123368943738299874e-01
1.320000000000000000e+02 6.144047268530794526e-01
1.325000000000000000e+02 6.198639365081810571e-01
1.330000000000000000e+02 6.274317492782657268e-01
1.335000000000000000e+02 6.376431319525889263e-01
1.340000000000000000e+02 6.505861850135683522e-01
1.345000000000000000e+02 6.661256011689046241e-01
1.350000000000000000e+02 6.843326274943136722e-01
1.355000000000000000e+02 7.052913687500169670e-01
1.360000000000000000e+02 7.294269714672986238e-01
1.365000000000000000e+02 7.563807414309408061e-01
1.370000000000000000e+02 7.856473881014515159e-01
1.375000000000000000e+02 8.176974202753308774e-01
1.380000000000000000e+02 8.504890653307335402e-01
1.381999999999999886e+02 8.637984754031273749e-01
1.384000000000000057e+02 8.769801144403785997e-01
1.385999999999999943e+02 8.903878975547879771e-01
1.388000000000000114e+02 9.025688129185293063e-01
1.390000000000000000e+02 9.153434960680750798e-01
1.391999999999999886e+02 9.270387051081754315e-01
1.394000000000000057e+02 9.379553182089012120e-01
1.395999999999999943e+02 9.488153735515685305e-01
1.398000000000000114e+02 9.590855922904856223e-01
1.400000000000000000e+02 9.686946263628528619e-01
1.401999999999999886e+02 9.775263808678262833e-01
1.404000000000000057e+02 9.855788755661080147e-01
1.405999999999999943e+02 9.921662968283254669e-01
1.408000000000000114e+02 9.997399648139289052e-01
1.410000000000000000e+02 1.004497235335282790e+00
1.411999999999999886e+02 1.010151354333679308e+00
1.414000000000000057e+02 1.014348221388180038e+00
1.415999999999999943e+02 1.018799337952628337e+00
1.418000000000000114e+02 1.022351304974356667e+00
1.420000000000000000e+02 1.025605431755818753e+00
1.421999999999999886e+02 1.029101367574198234e+00
1.424000000000000057e+02 1.030817486623744728e+00
1.425999999999999943e+02 1.032675596712343769e+00
1.428000000000000114e+02 1.034647442187972111e+00
1.430000000000000000e+02 1.034705721684262780e+00
1.431999999999999886e+02 1.034866448691265317e+00
1.434000000000000057e+02 1.033548742694873956e+00
1.435999999999999943e+02 1.032183703249172968e+00
1.438000000000000114e+02 1.030002477852887122e+00
1.440000000000000000e+02 1.026813318756084170e+00
1.441999999999999886e+02 1.022827085510142453e+00
1.444000000000000057e+02 1.017929019861268491e+00
1.445999999999999943e+02 1.011893359464538289e+00
1.448000000000000114e+02 1.005760690964985438e+00
1.450000000000000000e+02 9.986069995715322056e-01
1.451999999999999886e+02 9.911599830366403241e-01
1.454000000000000057e+02 9.827301172217057790e-01
1.455999999999999943e+02 9.735892921708527714e-01
1.458000000000000114e+02 9.645870891024292959e-01
1.460000000000000000e+02 9.547244527195072328e-01
1.461999999999999886e+02 9.435881657032343384e-01
1.464000000000000057e+02 9.324157660018068672e-01
1.465999999999999943e+02 9.198895860107713096e-01
1.468000000000000114e+02 9.073830818060923953e-01
1.470000000000000000e+02 8.945203660265119705e-01
1.471999999999999886e+02 8.805373726949491386e-01
1.474000000000000057e+02 8.667083897331048226e-01
1.475999999999999943e+02 8.521568850417823304e-01
1.478000000000000114e+02 8.381468155247994156e-01
1.480000000000000000e+02 8.230000893726083788e-01
1.481999999999999886e+02 8.093147859432952007e-01
1.484000000000000057e+02 7.957928664083386838e-01
1.485999999999999943e+02 7.827586541628626104e-01
1.488000000000000114e+02 7.698951148886066242e-01
1.490000000000000000e+02 7.581680968024728795e-01
1.491999999999999886e+02 7.458126997235360323e-01
1.494000000000000057e+02 7.334780167627342751e-01
1.495999999999999943e+02 7.220085967484131118e-01
1.498000000000000114e+02 7.095392921065338809e-01
1.500000000000000000e+02 6.975736403661887408e-01
1.505000000000000000e+02 6.677513286128199388e-01
1.510000000000000000e+02 6.389333244370358766e-01
1.515000000000000000e+02 6.109016010319117118e-01
1.520000000000000000e+02 5.844859449004115026e-01
1.525000000000000000e+02 5.600820790225390367e-01
1.530000000000000000e+02 5.371784711068848805e-01
1.535000000000000000e+02 5.145320837178732898e-01
1.540000000000000000e+02 4.909983083837951567e-01
1.545000000000000000e+02 4.662741539907262478e-01
1.550000000000000000e+02 4.407988954501332879e-01
1.555000000000000000e+02 4.141999213545827230e-01
1.560000000000000000e+02 3.857281912287573444e-01
1.565000000000000000e+02 3.566344695789836483e-01
1.570000000000000000e+02 3.278642355690591370e-01
1.575000000000000000e+02 2.983136159740034099e-01
1.580000000000000000e+02 2.684525486846031650e-01
1.585000000000000000e+02 2.383687503284744880e-01
1.590000000000000000e+02 2.086432453174745794e-01
1.595000000000000000e+02 1.793406250206107111e-01
1.600000000000000000e+02 1.515891666952288996e-01
1.605000000000000000e+02 1.259377136755558402e-01
1.610000000000000000e+02 1.036621740415142739e-01
1.615000000000000000e+02 8.363971484088646158e-02
1.620000000000000000e+02 6.661297568624066634e-02
1.625000000000000000e+02 5.263853919287491551e-02
1.630000000000000000e+02 4.135921811188419950e-02
1.635000000000000000e+02 3.264818398761386992e-02
1.640000000000000000e+02 2.564500915978532719e-02
1.645000000000000000e+02 1.999421248394115530e-02
1.650000000000000000e+02 1.586478947695902156e-02
1.655000000000000000e+02 1.258815777616677928e-02
1.660000000000000000e+02 1.023303865582528803e-02
1.665000000000000000e+02 8.187117137446856679e-03
1.670000000000000000e+02 6.816161527515470810e-03
1.675000000000000000e+02 6.020948897375712726e-03
1.680000000000000000e+02 5.365959669500883558e-03
1.685000000000000000e+02 4.650692515621608451e-03
1.690000000000000000e+02 4.304475603102886523e-03
1.695000000000000000e+02 3.746370547583904170e-03
1.700000000000000000e+02 3.435042081873257002e-03
1.705000000000000000e+02 3.094362918368716384e-03
1.710000000000000000e+02 3.017891682728180390e-03
1.715000000000000000e+02 3.187995570561917048e-03
1.720000000000000000e+02 3.164482867177075952e-03
1.725000000000000000e+02 2.918465751372691791e-03
1.730000000000000000e+02 2.928320554846729640e-03
1.735000000000000000e+02 3.408039590613051815e-03
1.740000000000000000e+02 3.289155943604227510e-03
1.745000000000000000e+02 3.373492915098573811e-03
1.750000000000000000e+02 3.605773892208914873e-03
1.755000000000000000e+02 3.590378150722679535e-03
1.760000000000000000e+02 4.046993612898581311e-03
1.765000000000000000e+02 4.172007637530414891e-03
1.770000000000000000e+02 4.117348049605435920e-03
1.775000000000000000e+02 4.367272930412256955e-03
1.780000000000000000e+02 5.111687372544104248e-03
1.785000000000000000e+02 5.239608614754809324e-03
1.790000000000000000e+02 5.407102285637865359e-03
1.795000000000000000e+02 5.908083353549740437e-03
1.800000000000000000e+02 5.910771986164995578e-03
1.805000000000000000e+02 6.053004845587848723e-03
1.810000000000000000e+02 6.214396248062917065e-03
1.815000000000000000e+02 6.749369262065329361e-03
1.820000000000000000e+02 7.147670577315772510e-03
1.825000000000000000e+02 7.201030641763931685e-03
1.830000000000000000e+02 7.767358607165391129e-03
1.835000000000000000e+02 7.969176418214370811e-03
1.840000000000000000e+02 8.152664742648843901e-03
1.845000000000000000e+02 8.774721484687974735e-03
1.850000000000000000e+02 8.850288739556599546e-03
1.855000000000000000e+02 9.209865844484996927e-03
1.860000000000000000e+02 9.410253938698655632e-03
1.865000000000000000e+02 9.849558838752596468e-03
1.870000000000000000e+02 1.000633919622422215e-02
1.875000000000000000e+02 1.018669497688789484e-02
1.880000000000000000e+02 1.046686773526867703e-02
1.885000000000000000e+02 1.091530717982772299e-02
1.890000000000000000e+02 1.091329507982402233e-02
1.895000000000000000e+02 1.119801619319262496e-02
1.900000000000000000e+02 1.134356092528693814e-02
1.905000000000000000e+02 1.179244828600489216e-02
1.910000000000000000e+02 1.166639146698261915e-02
1.915000000000000000e+02 1.193149866461687067e-02
1.920000000000000000e+02 1.207209527244232014e-02
1.925000000000000000e+02 1.182151065380891014e-02
1.930000000000000000e+02 1.156917824943283837e-02
1.935000000000000000e+02 1.145516662694723124e-02
1.940000000000000000e+02 1.138941208006461793e-02
1.945000000000000000e+02 1.153609794618982304e-02
1.950000000000000000e+02 1.169091436562317253e-02
1.955000000000000000e+02 1.127931991613868347e-02
1.960000000000000000e+02 1.110665811800829947e-02
1.965000000000000000e+02 1.076498123388204553e-02
1.970000000000000000e+02 9.988705266520101628e-03
1.975000000000000000e+02 9.007812305474045822e-03
1.980000000000000000e+02 9.097625394607280688e-03
1.985000000000000000e+02 8.221615957618841689e-03
1.990000000000000000e+02 7.843001854608464343e-03
1.995000000000000000e+02 7.516225468756260880e-03
2.000000000000000000e+02 6.894931364291815440e-03
2.005000000000000000e+02 6.553193511856157845e-03
2.010000000000000000e+02 6.419496910708808943e-03
2.015000000000000000e+02 6.252669806206311541e-03
2.020000000000000000e+02 6.176116437592105504e-03
2.025000000000000000e+02 5.840869802157759756e-03
2.030000000000000000e+02 5.900130506663165374e-03
2.035000000000000000e+02 5.952367457387437895e-03
2.040000000000000000e+02 5.521701970851476855e-03
2.045000000000000000e+02 5.684675536765982501e-03
2.050000000000000000e+02 5.675454190435943840e-03
2.055000000000000000e+02 5.552196897272741044e-03
2.060000000000000000e+02 5.799599120015275396e-03
2.065000000000000000e+02 5.311629460447607996e-03
2.070000000000000000e+02 5.411892637569457043e-03
2.075000000000000000e+02 5.290925496582620652e-03
2.080000000000000000e+02 5.250743426658590826e-03
2.085000000000000000e+02 5.464598689867150583e-03
2.090000000000000000e+02 5.663084809284905236e-03
2.095000000000000000e+02 5.482275209243337930e-03
2.100000000000000000e+02 5.496087993847267698e-03
2.105000000000000000e+02 5.590281588364269527e-03
2.110000000000000000e+02 5.668405675549668780e-03
2.115000000000000000e+02 5.255586579813596032e-03
2.120000000000000000e+02 5.418550247608043720e-03
2.125000000000000000e+02 5.149470333076854034e-03
2.130000000000000000e+02 5.126105201655356200e-03
2.135000000000000000e+02 5.466628687698788826e-03
2.140000000000000000e+02 5.583442520243060529e-03
2.145000000000000000e+02 5.585929205097739034e-03
2.150000000000000000e+02 5.568011957115733337e-03
2.155000000000000000e+02 5.571252955251923197e-03
2.160000000000000000e+02 5.757685649140744863e-03
2.165000000000000000e+02 5.646404018728310402e-03
2.170000000000000000e+02 5.639553282311986562e-03
2.175000000000000000e+02 5.620664837319436918e-03
2.180000000000000000e+02 5.801090853046217063e-03
2.185000000000000000e+02 5.756970357607905237e-03
2.190000000000000000e+02 6.094227393017475139e-03
2.195000000000000000e+02 5.858076442739356716e-03
2.200000000000000000e+02 6.320240396346920968e-03
