1.100000000000000000e+02 1.318621040599822665e-02
1.105000000000000000e+02 -6.019089013973776686e-02
1.110000000000000000e+02 -1.109621360773032778e-01
1.115000000000000000e+02 -1.384901014341430835e-03
1.120000000000000000e+02 7.523161527030618190e-02
1.125000000000000000e+02 -1.544704491581483721e-02
1.130000000000000000e+02 -8.472651072956197127e-02
1.135000000000000000e+02 1.714104251914900720e-02
1.140000000000000000e+02 nan
1.145000000000000000e+02 6.100050508880505706e-01
1.150000000000000000e+02 5.605643782978809719e-01
1.155000000000000000e+02 5.493754023477827042e-01
1.160000000000000000e+02 5.470351344034024565e-01
1.165000000000000000e+02 5.432854134852633798e-01
1.170000000000000000e+02 5.379610697169123767e-01
1.175000000000000000e+02 5.371664729736326249e-01
1.180000000000000000e+02 5.330090131786521246e-01
1.185000000000000000e+02 5.305292813032633781e-01
1.190000000000000000e+02 5.287120134163201257e-01
1.195000000000000000e+02 5.230147629494511508e-01
1.200000000000000000e+02 5.148768961132796917e-01
1.205000000000000000e+02 5.098482200798371000e-01
1.210000000000000000e+02 5.019549380641777914e-01
1.215000000000000000e+02 4.924136161577849502e-01
1.220000000000000000e+02 4.833464544497748094e-01
1.225000000000000000e+02 4.740611665908129879e-01
1.230000000000000000e+02 4.631476618252528543e-01
1.235000000000000000e+02 4.510307329656961239e-01
1.240000000000000000e+02 4.380877637544670078e-01
1.245000000000000000e+02 4.258805619039741086e-01
1.250000000000000000e+02 4.135251841213408164e-01
1.255000000000000000e+02 4.022067089678419416e-01
1.260000000000000000e+02 3.898655852843662672e-01
1.265000000000000000e+02 3.798812223365011231e-01
1.270000000000000000e+02 3.697346635820931704e-01
1.275000000000000000e+02 3.614752429626823527e-01
1.280000000000000000e+02 3.533275776086137743e-01
1.285000000000000000e+02 3.468542234933842949e-01
1.290000000000000000e+02 3.417282549189555318e-01
1.295000000000000000e+02 3.376025895870803928e-01
1.300000000000000000e+02 3.349958175835712204e-01
1.305000000000000000e+02 3.339609534927170387e-01
1.310000000000000000e+02 3.336849588939767020e-01
1.315000000000000000e+02 3.353330501299404687e-01
1.320000000000000000e+02 3.381630303292516571e-01
1.325000000000000000e+02 3.424257325719472500e-01
1.330000000000000000e+02 3.487539060068889918e-01
1.335000000000000000e+02 3.569269047638243819e-01
1.340000000000000000e+02 3.667060572559525666e-01
1.345000000000000000e+02 3.781632199058342358e-01
1.350000000000000000e+02 3.914211412097657328e-01
1.355000000000000000e+02 4.058447237378537409e-01
1.360000000000000000e+02 4.220431954784381601e-01
1.365000000000000000e+02 4.396549170243060356e-01
1.370000000000000000e+02 4.585911464492479772e-01
1.375000000000000000e+02 4.794185554779469283e-01
1.380000000000000000e+02 5.009645183500418542e-01
1.385000000000000000e+02 5.225257982606528184e-01
1.390000000000000000e+02 5.429599766541991501e-01
1.395000000000000000e+02 5.616569887860637378e-01
1.400000000000000000e+02 5.776169279589753458e-01
1.405000000000000000e+02 5.905889979461631523e-01
1.410000000000000000e+02 6.000719312971628527e-01
1.415000000000000000e+02 6.061113000552857955e-01
1.420000000000000000e+02 6.101363311610162876e-01
1.425000000000000000e+02 6.124042700037896081e-01
1.430000000000000000e+02 6.124323190835697650e-01
1.435000000000000000e+02 6.105802876995523043e-01
1.440000000000000000e+02 6.055802894591286734e-01
1.445000000000000000e+02 5.974052775141256433e-01
1.450000000000000000e+02 5.871806421038658907e-01
1.455000000000000000e+02 5.746680565500599247e-01
1.460000000000000000e+02 5.594120996745597374e-01
1.465000000000000000e+02 5.415830331056555869e-01
1.470000000000000000e+02 5.216689249024099029e-01
1.475000000000000000e+02 4.996264439345458608e-01
1.480000000000000000e+02 4.771930313358572762e-01
1.485000000000000000e+02 4.559923588366237013e-01
1.490000000000000000e+02 4.362896716917989415e-01
1.495000000000000000e+02 4.173094214226965581e-01
1.500000000000000000e+02 3.988979578282104699e-01
1.505000000000000000e+02 3.807446642213452304e-01
1.510000000000000000e+02 3.628800030552325473e-01
1.515000000000000000e+02 3.458494143987156932e-01
1.520000000000000000e+02 3.299675924421132112e-01
1.525000000000000000e+02 3.151268623771555921e-01
1.530000000000000000e+02 3.020431038749943897e-01
1.535000000000000000e+02 2.889139760527191236e-01
1.540000000000000000e+02 2.759736067357331790e-01
1.545000000000000000e+02 2.621697243945588784e-01
1.550000000000000000e+02 2.482712736697740008e-01
1.555000000000000000e+02 2.335535611007936163e-01
1.560000000000000000e+02 2.184698530609403000e-01
1.565000000000000000e+02 2.025211885755564822e-01
1.570000000000000000e+02 1.868199105704568541e-01
1.575000000000000000e+02 1.712678048814632037e-01
1.580000000000000000e+02 1.551438169362781838e-01
1.585000000000000000e+02 1.388513062438195833e-01
1.590000000000000000e+02 1.228110836024404184e-01
1.595000000000000000e+02 1.067696478739859622e-01
1.600000000000000000e+02 9.150746586727558085e-02
1.605000000000000000e+02 7.691690684038551828e-02
1.610000000000000000e+02 6.329958437326474452e-02
1.615000000000000000e+02 5.107936343950531671e-02
1.620000000000000000e+02 4.069748737830776453e-02
1.625000000000000000e+02 3.207657028213499462e-02
1.630000000000000000e+02 2.482398038479630142e-02
1.635000000000000000e+02 1.872958505078258645e-02
1.640000000000000000e+02 1.428299933616767638e-02
1.645000000000000000e+02 1.038791036410016341e-02
1.650000000000000000e+02 7.174621508414114578e-03
1.655000000000000000e+02 4.958238737007561112e-03
1.660000000000000000e+02 3.140211671973780830e-03
1.665000000000000000e+02 1.334674019391754798e-03
1.670000000000000000e+02 2.599167739965539789e-04
1.675000000000000000e+02 -5.985298506835755447e-04
1.680000000000000000e+02 -1.271035227368245112e-03
1.685000000000000000e+02 -1.847878406279432903e-03
1.690000000000000000e+02 -2.340019527126210776e-03
1.695000000000000000e+02 -2.831713874336376762e-03
1.700000000000000000e+02 -2.713995907352100435e-03
1.705000000000000000e+02 -3.021856778972638845e-03
1.710000000000000000e+02 -3.421994628197442666e-03
1.715000000000000000e+02 -3.255748165162731297e-03
1.720000000000000000e+02 -3.669606371418778282e-03
1.725000000000000000e+02 -3.537995698680589021e-03
1.730000000000000000e+02 -3.646727333431370403e-03
1.735000000000000000e+02 -3.642718019662781904e-03
1.740000000000000000e+02 -3.990127636229592878e-03
1.745000000000000000e+02 -3.956534414077017732e-03
1.750000000000000000e+02 -3.875375920216836672e-03
1.755000000000000000e+02 -3.842976241623152159e-03
1.760000000000000000e+02 -3.302161954504691070e-03
1.765000000000000000e+02 -3.608319710792698594e-03
1.770000000000000000e+02 -3.703647576877125511e-03
1.775000000000000000e+02 -3.434229486808092983e-03
1.780000000000000000e+02 -3.431555358541447161e-03
1.785000000000000000e+02 -3.123072756110393654e-03
1.790000000000000000e+02 -2.908477349227211843e-03
1.795000000000000000e+02 -2.864640377088693932e-03
1.800000000000000000e+02 -2.591468090095069409e-03
1.805000000000000000e+02 -2.273096729548807274e-03
1.810000000000000000e+02 -2.427535561279824897e-03
1.815000000000000000e+02 -1.734275679986106451e-03
1.820000000000000000e+02 -1.388500047832877610e-03
1.825000000000000000e+02 -1.283261087559843874e-03
1.830000000000000000e+02 -1.223274289597459184e-03
1.835000000000000000e+02 -4.868921113055415520e-04
1.840000000000000000e+02 -4.849139430541877572e-04
1.845000000000000000e+02 -1.551733298130293583e-04
1.850000000000000000e+02 2.038807547486951347e-04
1.855000000000000000e+02 5.571376110558888604e-05
1.860000000000000000e+02 3.775430556887966597e-04
1.865000000000000000e+02 5.642739437738404466e-04
1.870000000000000000e+02 9.148855006489098546e-04
1.875000000000000000e+02 1.040132586351281366e-03
1.880000000000000000e+02 1.232029284339052674e-03
1.885000000000000000e+02 1.360498324580405004e-03
1.890000000000000000e+02 1.715193527990860941e-03
1.895000000000000000e+02 1.969321136171491623e-03
1.900000000000000000e+02 2.103093461241214816e-03
1.905000000000000000e+02 2.073564454189527530e-03
1.910000000000000000e+02 2.012464402236418485e-03
1.915000000000000000e+02 2.182487221947916091e-03
1.920000000000000000e+02 2.014345704461496800e-03
1.925000000000000000e+02 1.847143263591160709e-03
1.930000000000000000e+02 1.690246386688057075e-03
1.935000000000000000e+02 1.954745678119855327e-03
1.940000000000000000e+02 1.911130809464100166e-03
1.945000000000000000e+02 1.554820009317766554e-03
1.950000000000000000e+02 1.790897052893514934e-03
1.955000000000000000e+02 1.282906255762340450e-03
1.960000000000000000e+02 1.066175327589343608e-03
1.965000000000000000e+02 7.456179606224244477e-04
1.970000000000000000e+02 1.696347378430595413e-04
1.975000000000000000e+02 -5.808020429653653694e-04
1.980000000000000000e+02 -5.987682811803106539e-04
1.985000000000000000e+02 -1.546153526343065684e-03
1.990000000000000000e+02 -2.001041946195600447e-03
1.995000000000000000e+02 -2.545911769085177148e-03
2.000000000000000000e+02 -3.162242068252227659e-03
2.005000000000000000e+02 -3.705279590161253325e-03
2.010000000000000000e+02 -4.129547937605601571e-03
2.015000000000000000e+02 -4.301582107969173507e-03
2.020000000000000000e+02 -4.591742902658356267e-03
2.025000000000000000e+02 -5.037183332011281080e-03
2.030000000000000000e+02 -5.339248098110584324e-03
2.035000000000000000e+02 -5.364616311847608503e-03
2.040000000000000000e+02 -5.672732325346921053e-03
2.045000000000000000e+02 -5.450205017035129884e-03
2.050000000000000000e+02 -5.473505919543594951e-03
2.055000000000000000e+02 -5.806900112453136469e-03
2.060000000000000000e+02 -5.605613292185913227e-03
2.065000000000000000e+02 -5.869829068302423632e-03
2.070000000000000000e+02 -5.751572337453438391e-03
2.075000000000000000e+02 -5.880631939664015748e-03
2.080000000000000000e+02 -6.024895803838619529e-03
2.085000000000000000e+02 -5.921978334802413708e-03
2.090000000000000000e+02 -5.835146843276293668e-03
2.095000000000000000e+02 -5.732727975323890189e-03
2.100000000000000000e+02 -5.689901354394098949e-03
2.105000000000000000e+02 -5.982013874020994035e-03
2.110000000000000000e+02 -5.847929491728125206e-03
2.115000000000000000e+02 -5.621977297015235547e-03
2.120000000000000000e+02 -5.950072537089197595e-03
2.125000000000000000e+02 -6.091539620798171531e-03
2.130000000000000000e+02 -6.125199348552742666e-03
2.135000000000000000e+02 -5.908406021892442447e-03
2.140000000000000000e+02 -5.544173824475550662e-03
2.145000000000000000e+02 -5.657354894009309146e-03
2.150000000000000000e+02 -5.482441811152956659e-03
2.155000000000000000e+02 -5.523689707586204069e-03
2.160000000000000000e+02 -5.803388444841702139e-03
2.165000000000000000e+02 -5.389360529458726151e-03
2.170000000000000000e+02 -5.511039870261704408e-03
2.175000000000000000e+02 -5.487386533894109825e-03
2.180000000000000000e+02 -5.253121542984093804e-03
2.185000000000000000e+02 -5.395293139145699093e-03
2.190000000000000000e+02 -5.188429977833718988e-03
2.195000000000000000e+02 -5.072730107348826997e-03
2.200000000000000000e+02 -5.171250878972588789e-03
