1.100000000000000000e+02 3.065293062373286928e-02
1.105000000000000000e+02 2.088629250239006779e-02
1.110000000000000000e+02 1.209837772882914747e-01
1.115000000000000000e+02 2.143491860313468181e-02
1.120000000000000000e+02 5.946514764790843122e-02
1.125000000000000000e+02 -1.480053516697590194e-02
1.130000000000000000e+02 -1.981735429316908159e-02
1.135000000000000000e+02 7.713633776593548097e-02
1.140000000000000000e+02 nan
1.145000000000000000e+02 9.051610178692791608e-01
1.150000000000000000e+02 8.304759574613050921e-01
1.155000000000000000e+02 8.124836467875851120e-01
1.160000000000000000e+02 7.990800083925505559e-01
1.165000000000000000e+02 7.884475225768651230e-01
1.170000000000000000e+02 7.899537559801323994e-01
1.175000000000000000e+02 7.776838457455316211e-01
1.180000000000000000e+02 7.774636924498644630e-01
1.185000000000000000e+02 7.692369565807442022e-01
1.190000000000000000e+02 7.656293949178240021e-01
1.195000000000000000e+02 7.543424705533212649e-01
1.200000000000000000e+02 7.445367511249163517e-01
1.205000000000000000e+02 7.349263183981622483e-01
1.210000000000000000e+02 7.258477796818877392e-01
1.215000000000000000e+02 7.116483851812811512e-01
1.220000000000000000e+02 6.973281606886809758e-01
1.225000000000000000e+02 6.822058249357887405e-01
1.230000000000000000e+02 6.684540845707006573e-01
1.235000000000000000e+02 6.519955975777521617e-01
1.240000000000000000e+02 6.334141395166306143e-01
1.245000000000000000e+02 6.172385125008664764e-01
1.250000000000000000e+02 5.999900114272432861e-01
1.255000000000000000e+02 5.839392075433794682e-01
1.260000000000000000e+02 5.688803187526788596e-01
1.265000000000000000e+02 5.548875287223247188e-01
1.270000000000000000e+02 5.403523312108345911e-01
1.275000000000000000e+02 5.286578270147622716e-01
1.280000000000000000e+02 5.170276871247914130e-01
1.285000000000000000e+02 5.076659228347396580e-01
1.290000000000000000e+02 4.999547471201465365e-01
1.295000000000000000e+02 4.932689550247979504e-01
1.300000000000000000e+02 4.879440626202244946e-01
1.305000000000000000e+02 4.845929076443853400e-01
1.310000000000000000e+02 4.828897664038077631e-01
1.315000000000000000e+02 4.828079734254152044e-01
1.320000000000000000e+02 4.842141803022905200e-01
1.325000000000000000e+02 4.888567395279747596e-01
1.330000000000000000e+02 4.949735045286325907e-01
1.335000000000000000e+02 5.034962264284883471e-01
1.340000000000000000e+02 5.137635163916532965e-01
1.345000000000000000e+02 5.268356716648228133e-01
1.350000000000000000e+02 5.411321937329400811e-01
1.355000000000000000e+02 5.583904122811117476e-01
1.360000000000000000e+02 5.780053590812435083e-01
1.365000000000000000e+02 5.997083596133040428e-01
1.370000000000000000e+02 6.238188667468380633e-01
1.375000000000000000e+02 6.493603275668725638e-01
1.380000000000000000e+02 6.761023704476302187e-01
1.381999999999999886e+02 6.864604136789491662e-01
1.384000000000000057e+02 6.974642820536340881e-01
1.385999999999999943e+02 7.079161705372293278e-01
1.388000000000000114e+02 7.181009589255339387e-01
1.390000000000000000e+02 7.282669674606602195e-01
1.391999999999999886e+02 7.373195572179613855e-01
1.394000000000000057e+02 7.464019133032903097e-01
1.395999999999999943e+02 7.554682380258299634e-01
1.398000000000000114e+02 7.637803920461073703e-01
1.400000000000000000e+02 7.710830460908668638e-01
1.401999999999999886e+02 7.782101430609421611e-01
1.404000000000000057e+02 7.853192831812081387e-01
1.405999999999999943e+02 7.908290523988110721e-01
1.408000000000000114e+02 7.961731823491158266e-01
1.410000000000000000e+02 8.007362978132709364e-01
1.411999999999999886e+02 8.047667382712857531e-01
1.414000000000000057e+02 8.086521216033761839e-01
1.415999999999999943e+02 8.121758143297302945e-01
1.418000000000000114e+02 8.148898008681849658e-01
1.420000000000000000e+02 8.178080790418894575e-01
1.421999999999999886e+02 8.201663580563478551e-01
1.424000000000000057e+02 8.219567717513085459e-01
1.425999999999999943e+02 8.232984773846773185e-01
1.428000000000000114e+02 8.247067520852400246e-01
1.430000000000000000e+02 8.251187334280254415e-01
1.431999999999999886e+02 8.249715463116112923e-01
1.434000000000000057e+02 8.240675100791233776e-01
1.435999999999999943e+02 8.228650474903216328e-01
1.438000000000000114e+02 8.212766691107823425e-01
1.440000000000000000e+02 8.185725487641178910e-01
1.441999999999999886e+02 8.154276558514085282e-01
1.444000000000000057e+02 8.115509694091381787e-01
1.445999999999999943e+02 8.068010813456575336e-01
1.448000000000000114e+02 8.014693800158199100e-01
1.450000000000000000e+02 7.960428978827063240e-01
1.451999999999999886e+02 7.899405612347306649e-01
1.454000000000000057e+02 7.828931040536126762e-01
1.455999999999999943e+02 7.753786760618012197e-01
1.458000000000000114e+02 7.680009529571725224e-01
1.460000000000000000e+02 7.600990479923945831e-01
1.461999999999999886e+02 7.511540870052871854e-01
1.464000000000000057e+02 7.422988117688248400e-01
1.465999999999999943e+02 7.323793666204786446e-01
1.468000000000000114e+02 7.217187032898058074e-01
1.470000000000000000e+02 7.112222317068708222e-01
1.471999999999999886e+02 7.000028705206245982e-01
1.474000000000000057e+02 6.890450705920404539e-01
1.475999999999999943e+02 6.770369464192499409e-01
1.478000000000000114e+02 6.657676923196500507e-01
1.480000000000000000e+02 6.535608525133101976e-01
1.481999999999999886e+02 6.428883571948048603e-01
1.484000000000000057e+02 6.320646056842454952e-01
1.485999999999999943e+02 6.214113545640687075e-01
1.488000000000000114e+02 6.109030589033251912e-01
1.490000000000000000e+02 6.015804050981883311e-01
1.491999999999999886e+02 5.913292436325184864e-01
1.494000000000000057e+02 5.816346352236314576e-01
1.495999999999999943e+02 5.720988222329318473e-01
1.498000000000000114e+02 5.621787686631417591e-01
1.500000000000000000e+02 5.524272336198468025e-01
1.505000000000000000e+02 5.288947143187211486e-01
1.510000000000000000e+02 5.058050783778438309e-01
1.515000000000000000e+02 4.834652325435671583e-01
1.520000000000000000e+02 4.624419904276454441e-01
1.525000000000000000e+02 4.430158702951577099e-01
1.530000000000000000e+02 4.248706950310997543e-01
1.535000000000000000e+02 4.064822428572805180e-01
1.540000000000000000e+02 3.878851878077806403e-01
1.545000000000000000e+02 3.683884327906617462e-01
1.550000000000000000e+02 3.483210700134208859e-01
1.555000000000000000e+02 3.271081855463560673e-01
1.560000000000000000e+02 3.047245388630117624e-01
1.565000000000000000e+02 2.818447745002835569e-01
1.570000000000000000e+02 2.594002064036026733e-01
1.575000000000000000e+02 2.362672911563218625e-01
1.580000000000000000e+02 2.128339833449724439e-01
1.585000000000000000e+02 1.894190525834774652e-01
1.590000000000000000e+02 1.660228120192504264e-01
1.595000000000000000e+02 1.435818302574904670e-01
1.600000000000000000e+02 1.219762408281093308e-01
1.605000000000000000e+02 1.021974148363941626e-01
1.610000000000000000e+02 8.479766847225020387e-02
1.615000000000000000e+02 6.832419834471856190e-02
1.620000000000000000e+02 5.531220812603730025e-02
1.625000000000000000e+02 4.454008987761089167e-02
1.630000000000000000e+02 3.549500779634659486e-02
1.635000000000000000e+02 2.885878704725033939e-02
1.640000000000000000e+02 2.321935529598827264e-02
1.645000000000000000e+02 1.902628716346578541e-02
1.650000000000000000e+02 1.583249360293892752e-02
1.655000000000000000e+02 1.344588278913040093e-02
1.660000000000000000e+02 1.153599512165173757e-02
1.665000000000000000e+02 1.002049808331095283e-02
1.670000000000000000e+02 8.848015918765524471e-03
1.675000000000000000e+02 8.420795726211896190e-03
1.680000000000000000e+02 7.418988739623840964e-03
1.685000000000000000e+02 7.207364471869616256e-03
1.690000000000000000e+02 6.754546433418234623e-03
1.695000000000000000e+02 6.599045326242902049e-03
1.700000000000000000e+02 6.246156526369108994e-03
1.705000000000000000e+02 5.973636132755374452e-03
1.710000000000000000e+02 5.892266416283913760e-03
1.715000000000000000e+02 5.712881413334006293e-03
1.720000000000000000e+02 5.622600912794315994e-03
1.725000000000000000e+02 5.277874758983264365e-03
1.730000000000000000e+02 5.170268232943076719e-03
1.735000000000000000e+02 5.637693184219162539e-03
1.740000000000000000e+02 5.227675192809220182e-03
1.745000000000000000e+02 5.142411477706397387e-03
1.750000000000000000e+02 5.356826348163072453e-03
1.755000000000000000e+02 5.316043728031908527e-03
1.760000000000000000e+02 5.566220633376179824e-03
1.765000000000000000e+02 5.523500564159638908e-03
1.770000000000000000e+02 5.593733574646485816e-03
1.775000000000000000e+02 5.630649872637076905e-03
1.780000000000000000e+02 6.130022794557949545e-03
1.785000000000000000e+02 6.128600551161842401e-03
1.790000000000000000e+02 6.372098635395455520e-03
1.795000000000000000e+02 6.685449513287701831e-03
1.800000000000000000e+02 6.940027214579329654e-03
1.805000000000000000e+02 6.611303745048506195e-03
1.810000000000000000e+02 6.710162086836618175e-03
1.815000000000000000e+02 6.903685883591288361e-03
1.820000000000000000e+02 6.952121037168903714e-03
1.825000000000000000e+02 7.172811510800808192e-03
1.830000000000000000e+02 7.772843155899759882e-03
1.835000000000000000e+02 7.598182700801974811e-03
1.840000000000000000e+02 7.697724030044587017e-03
1.845000000000000000e+02 8.047357565431114898e-03
1.850000000000000000e+02 7.964407866923694027e-03
1.855000000000000000e+02 8.247809453854643147e-03
1.860000000000000000e+02 8.408133221034973237e-03
1.865000000000000000e+02 8.666094761337336111e-03
1.870000000000000000e+02 8.746843406762266904e-03
1.875000000000000000e+02 8.953259652443330135e-03
1.880000000000000000e+02 9.287632176282992202e-03
1.885000000000000000e+02 9.251896338959647581e-03
1.890000000000000000e+02 9.612055295456285731e-03
1.895000000000000000e+02 9.747607624836091000e-03
1.900000000000000000e+02 9.826745379548175452e-03
1.905000000000000000e+02 9.971449638714928454e-03
1.910000000000000000e+02 1.011395133663160056e-02
1.915000000000000000e+02 9.949926591967021838e-03
1.920000000000000000e+02 9.657809170966095286e-03
1.925000000000000000e+02 9.519779254675928698e-03
1.930000000000000000e+02 9.580598905337496876e-03
1.935000000000000000e+02 9.620168252378423837e-03
1.940000000000000000e+02 9.513824052028623315e-03
1.945000000000000000e+02 9.502084041358584143e-03
1.950000000000000000e+02 9.338360707537822145e-03
1.955000000000000000e+02 8.907377264251859286e-03
1.960000000000000000e+02 8.599556391957871929e-03
1.965000000000000000e+02 8.123018491749419909e-03
1.970000000000000000e+02 7.423414441917366123e-03
1.975000000000000000e+02 6.832784352157042843e-03
1.980000000000000000e+02 6.746012840286649305e-03
1.985000000000000000e+02 6.303986833803109160e-03
1.990000000000000000e+02 5.607432348064468608e-03
1.995000000000000000e+02 5.088144847224310846e-03
2.000000000000000000e+02 4.381902131759922436e-03
2.005000000000000000e+02 3.673869137376325773e-03
2.010000000000000000e+02 3.646436018073669592e-03
2.015000000000000000e+02 3.359229046112595114e-03
2.020000000000000000e+02 3.260292645457349599e-03
2.025000000000000000e+02 3.029642134779386362e-03
2.030000000000000000e+02 2.987612008446882683e-03
2.035000000000000000e+02 2.796077490305781763e-03
2.040000000000000000e+02 2.655625197686275769e-03
2.045000000000000000e+02 2.686510282723326547e-03
2.050000000000000000e+02 2.473154130047211258e-03
2.055000000000000000e+02 2.565180074505351779e-03
2.060000000000000000e+02 2.403570855678014394e-03
2.065000000000000000e+02 2.744749864324264824e-03
2.070000000000000000e+02 2.576625214912091517e-03
2.075000000000000000e+02 2.523422910917121672e-03
2.080000000000000000e+02 2.462028488263988055e-03
2.085000000000000000e+02 2.688460202912790892e-03
2.090000000000000000e+02 2.524831044341631879e-03
2.095000000000000000e+02 2.577538420759248935e-03
2.100000000000000000e+02 2.577008424889329439e-03
2.105000000000000000e+02 2.739042927588004796e-03
2.110000000000000000e+02 2.610841039819739116e-03
2.115000000000000000e+02 2.641575776251631723e-03
2.120000000000000000e+02 2.519829146246314010e-03
2.125000000000000000e+02 2.444877631806021377e-03
2.130000000000000000e+02 2.215174051763121009e-03
2.135000000000000000e+02 2.327215770851038049e-03
2.140000000000000000e+02 2.620350461294995281e-03
2.145000000000000000e+02 2.379961757286851599e-03
2.150000000000000000e+02 2.312920895309977191e-03
2.155000000000000000e+02 2.460965764762916043e-03
2.160000000000000000e+02 2.585881097890572761e-03
2.165000000000000000e+02 2.378542931922865682e-03
2.170000000000000000e+02 2.269472289416638901e-03
2.175000000000000000e+02 2.421891124068733820e-03
2.180000000000000000e+02 2.575318620374171356e-03
2.185000000000000000e+02 2.426517122148085480e-03
2.190000000000000000e+02 2.696897454634708102e-03
2.195000000000000000e+02 2.412319109354904480e-03
2.200000000000000000e+02 2.920082974219956502e-03
