1.100000000000000000e+02 -4.151495257010186235e-02
1.105000000000000000e+02 7.752766622095065563e-02
1.110000000000000000e+02 5.723895165088736803e-02
1.115000000000000000e+02 4.509263812718922984e-04
1.120000000000000000e+02 -1.544218384195331605e-02
1.125000000000000000e+02 -3.230091804457004001e-02
1.130000000000000000e+02 1.220438561248188107e-02
1.135000000000000000e+02 -3.525652863660694303e-02
1.140000000000000000e+02 4.257081438180208011e-01
1.145000000000000000e+02 2.337709906921920655e-01
1.150000000000000000e+02 2.261828012415442457e-01
1.155000000000000000e+02 2.226646198455730918e-01
1.160000000000000000e+02 2.221195979936371467e-01
1.165000000000000000e+02 2.212303681875023298e-01
1.170000000000000000e+02 2.185795583047958346e-01
1.175000000000000000e+02 2.169486683335450639e-01
1.180000000000000000e+02 2.164110618879252212e-01
1.185000000000000000e+02 2.147090126373066565e-01
1.190000000000000000e+02 2.120969707797154824e-01
1.195000000000000000e+02 2.112025946959310563e-01
1.200000000000000000e+02 2.083430832284121348e-01
1.205000000000000000e+02 2.061648368067678927e-01
1.210000000000000000e+02 2.024542518525501988e-01
1.215000000000000000e+02 1.997282581636928844e-01
1.220000000000000000e+02 1.950833824999363142e-01
1.225000000000000000e+02 1.900534175831688211e-01
1.230000000000000000e+02 1.863979144645444286e-01
1.235000000000000000e+02 1.815755918624919474e-01
1.240000000000000000e+02 1.766186771700271607e-01
1.245000000000000000e+02 1.713111193116081399e-01
1.250000000000000000e+02 1.666558924412310794e-01
1.255000000000000000e+02 1.615528669947373652e-01
1.260000000000000000e+02 1.570825169212787531e-01
1.265000000000000000e+02 1.530563530364805469e-01
1.270000000000000000e+02 1.489184778919050711e-01
1.275000000000000000e+02 1.457758502610967954e-01
1.280000000000000000e+02 1.419327707735427158e-01
1.285000000000000000e+02 1.391148125294939253e-01
1.290000000000000000e+02 1.365578349272270064e-01
1.295000000000000000e+02 1.345378351232412450e-01
1.300000000000000000e+02 1.323771745651081411e-01
1.305000000000000000e+02 1.315447899936683651e-01
1.310000000000000000e+02 1.305575248275961386e-01
1.315000000000000000e+02 1.297864863345186692e-01
1.320000000000000000e+02 1.307696301306986719e-01
1.325000000000000000e+02 1.314744002158619585e-01
1.330000000000000000e+02 1.328515706769650140e-01
1.335000000000000000e+02 1.348086386733012287e-01
1.340000000000000000e+02 1.376237827545507830e-01
1.345000000000000000e+02 1.407799799952096920e-01
1.350000000000000000e+02 1.444606280596948678e-01
1.355000000000000000e+02 1.491841057929850500e-01
1.360000000000000000e+02 1.548645429018208619e-01
1.365000000000000000e+02 1.607376199374560555e-01
1.370000000000000000e+02 1.678225766878065905e-01
1.375000000000000000e+02 1.754067518035426765e-01
1.380000000000000000e+02 1.831394805261954140e-01
1.381999999999999886e+02 1.856064224077228486e-01
1.384000000000000057e+02 1.885277769523687752e-01
1.385999999999999943e+02 1.917716848897910997e-01
1.388000000000000114e+02 1.948444276784958296e-01
1.390000000000000000e+02 1.978534430083253026e-01
1.391999999999999886e+02 2.005609129409834934e-01
1.394000000000000057e+02 2.034043862923236856e-01
1.395999999999999943e+02 2.065293566772133105e-01
1.398000000000000114e+02 2.084070079514371288e-01
1.400000000000000000e+02 2.119831006600098322e-01
1.401999999999999886e+02 2.146027421957412973e-01
1.404000000000000057e+02 2.167113499255251263e-01
1.405999999999999943e+02 2.188839818350412081e-01
1.408000000000000114e+02 2.206511129507942870e-01
1.410000000000000000e+02 2.225423272350587345e-01
1.411999999999999886e+02 2.235215194558582141e-01
1.414000000000000057e+02 2.259440997012436281e-01
1.415999999999999943e+02 2.272009657707912411e-01
1.418000000000000114e+02 2.286518758891388781e-01
1.420000000000000000e+02 2.296548389235751053e-01
1.421999999999999886e+02 2.310213006384697343e-01
1.424000000000000057e+02 2.321304835702162062e-01
1.425999999999999943e+02 2.328178204007093077e-01
1.428000000000000114e+02 2.334232798643699480e-01
1.430000000000000000e+02 2.343653994128148121e-01
1.431999999999999886e+02 2.346195358495480610e-01
1.434000000000000057e+02 2.347627181106832495e-01
1.435999999999999943e+02 2.350019180966976540e-01
1.438000000000000114e+02 2.353161282347296657e-01
1.440000000000000000e+02 2.349772788242738830e-01
1.441999999999999886e+02 2.346958310473423459e-01
1.444000000000000057e+02 2.340566844033950267e-01
1.445999999999999943e+02 2.328906056633688604e-01
1.448000000000000114e+02 2.327147701108036870e-01
1.450000000000000000e+02 2.310373631217537416e-01
1.451999999999999886e+02 2.303773435051763296e-01
1.454000000000000057e+02 2.286713740916811177e-01
1.455999999999999943e+02 2.267927673294505841e-01
1.458000000000000114e+02 2.255027834143775167e-01
1.460000000000000000e+02 2.227107298923726719e-01
1.461999999999999886e+02 2.211267775183119455e-01
1.464000000000000057e+02 2.194079012191056388e-01
1.465999999999999943e+02 2.167502375612143095e-01
1.468000000000000114e+02 2.137320379309565477e-01
1.470000000000000000e+02 2.120781578371368770e-01
1.471999999999999886e+02 2.087159432300168538e-01
1.474000000000000057e+02 2.062983849273447301e-01
1.475999999999999943e+02 2.030134410499374598e-01
1.478000000000000114e+02 2.009154008256359703e-01
1.480000000000000000e+02 1.968791574942101164e-01
1.481999999999999886e+02 1.941953034423125057e-01
1.484000000000000057e+02 1.917414628508664343e-01
1.485999999999999943e+02 1.892795975813327258e-01
1.488000000000000114e+02 1.863200688023457230e-01
1.490000000000000000e+02 1.835754631280228089e-01
1.491999999999999886e+02 1.806446122611503613e-01
1.494000000000000057e+02 1.780194432511114921e-01
1.495999999999999943e+02 1.758895183076929769e-01
1.498000000000000114e+02 1.734369115994072452e-01
1.500000000000000000e+02 1.705980547813760739e-01
1.505000000000000000e+02 1.658294377537173903e-01
1.510000000000000000e+02 1.595741659113878719e-01
1.515000000000000000e+02 1.531662408943953169e-01
1.520000000000000000e+02 1.478302470785536615e-01
1.525000000000000000e+02 1.421844580744552333e-01
1.530000000000000000e+02 1.372837636728774513e-01
1.535000000000000000e+02 1.319799936340811941e-01
1.540000000000000000e+02 1.263183853037853077e-01
1.545000000000000000e+02 1.203584933230639337e-01
1.550000000000000000e+02 1.150315313970043246e-01
1.555000000000000000e+02 1.087386956585005560e-01
1.560000000000000000e+02 1.021828551085225134e-01
1.565000000000000000e+02 9.502593428142873389e-02
1.570000000000000000e+02 8.838113475004613639e-02
1.575000000000000000e+02 8.063042559357307126e-02
1.580000000000000000e+02 7.348091174051181451e-02
1.585000000000000000e+02 6.600468699857751920e-02
1.590000000000000000e+02 5.863893092604098578e-02
1.595000000000000000e+02 5.141223894760026114e-02
1.600000000000000000e+02 4.439489554415129019e-02
1.605000000000000000e+02 3.735133885041454910e-02
1.610000000000000000e+02 3.161687779468553422e-02
1.615000000000000000e+02 2.691826924738399685e-02
1.620000000000000000e+02 2.232503256266780631e-02
1.625000000000000000e+02 1.812699600702075489e-02
1.630000000000000000e+02 1.497874850717779462e-02
1.635000000000000000e+02 1.251759972209148114e-02
1.640000000000000000e+02 1.030421958649642769e-02
1.645000000000000000e+02 8.948402205476047033e-03
1.650000000000000000e+02 7.215885385627402414e-03
1.655000000000000000e+02 6.150817960027091941e-03
1.660000000000000000e+02 5.337819113611575600e-03
1.665000000000000000e+02 4.317581634005722944e-03
1.670000000000000000e+02 4.178632308914033075e-03
1.675000000000000000e+02 3.669078502298017512e-03
1.680000000000000000e+02 3.179614728006275367e-03
1.685000000000000000e+02 2.516965773410094562e-03
1.690000000000000000e+02 2.544140860602975892e-03
1.695000000000000000e+02 2.566667143006315464e-03
1.700000000000000000e+02 2.076240196894236188e-03
1.705000000000000000e+02 1.958982995471312324e-03
1.710000000000000000e+02 1.946462094309932625e-03
1.715000000000000000e+02 1.993753742651710112e-03
1.720000000000000000e+02 1.635960921938278429e-03
1.725000000000000000e+02 1.490506366713913308e-03
1.730000000000000000e+02 1.545100586619071016e-03
1.735000000000000000e+02 1.755073196586835142e-03
1.740000000000000000e+02 1.699210522272996378e-03
1.745000000000000000e+02 1.690543310104837505e-03
1.750000000000000000e+02 1.708772412078846635e-03
1.755000000000000000e+02 1.581879165691298583e-03
1.760000000000000000e+02 1.435384052060059224e-03
1.765000000000000000e+02 1.454834928531241380e-03
1.770000000000000000e+02 1.722641927336216947e-03
1.775000000000000000e+02 1.800682701962089431e-03
1.780000000000000000e+02 2.238180036846822239e-03
1.785000000000000000e+02 2.529956909541010088e-03
1.790000000000000000e+02 2.397036879889870124e-03
1.795000000000000000e+02 2.272725912262940715e-03
1.800000000000000000e+02 2.219174144583079423e-03
1.805000000000000000e+02 2.046416025777056391e-03
1.810000000000000000e+02 2.438305848265760137e-03
1.815000000000000000e+02 2.722825219953704454e-03
1.820000000000000000e+02 2.394810416377841315e-03
1.825000000000000000e+02 2.626920399876470948e-03
1.830000000000000000e+02 2.180095838402843628e-03
1.835000000000000000e+02 2.539215061615883451e-03
1.840000000000000000e+02 2.472963063153000088e-03
1.845000000000000000e+02 2.314976333622819314e-03
1.850000000000000000e+02 3.065684035534399152e-03
1.855000000000000000e+02 3.250688990879852403e-03
1.860000000000000000e+02 3.046407935907699104e-03
1.865000000000000000e+02 3.174177270184343029e-03
1.870000000000000000e+02 2.950370201515051510e-03
1.875000000000000000e+02 3.158949614726414175e-03
1.880000000000000000e+02 3.049263036780898179e-03
1.885000000000000000e+02 3.076849731488865997e-03
1.890000000000000000e+02 4.013498145822019282e-03
1.895000000000000000e+02 4.157046480572927118e-03
1.900000000000000000e+02 4.469579982756982997e-03
1.905000000000000000e+02 4.221868387254325110e-03
1.910000000000000000e+02 4.381216848570608155e-03
1.915000000000000000e+02 4.455899832584368780e-03
1.920000000000000000e+02 4.326799156720302630e-03
1.925000000000000000e+02 3.948416260498168774e-03
1.930000000000000000e+02 3.946663427400911098e-03
1.935000000000000000e+02 3.993532074638234987e-03
1.940000000000000000e+02 3.890788762180957729e-03
1.945000000000000000e+02 3.196620585512969983e-03
1.950000000000000000e+02 3.142504721303849939e-03
1.955000000000000000e+02 2.958242032567438579e-03
1.960000000000000000e+02 3.032601157878951018e-03
1.965000000000000000e+02 2.762484027783007612e-03
1.970000000000000000e+02 2.691264519207793582e-03
1.975000000000000000e+02 2.802642362244164940e-03
1.980000000000000000e+02 2.805381625124404952e-03
1.985000000000000000e+02 2.372397771335809941e-03
1.990000000000000000e+02 2.085618825215703950e-03
1.995000000000000000e+02 1.633097347219863342e-03
2.000000000000000000e+02 1.538406626917560157e-03
2.005000000000000000e+02 1.338001412706855573e-03
2.010000000000000000e+02 1.362637824685215826e-03
2.015000000000000000e+02 1.022802494170744645e-03
2.020000000000000000e+02 1.001046141745202608e-03
2.025000000000000000e+02 8.591994441621269435e-04
2.030000000000000000e+02 1.250766991550486843e-03
2.035000000000000000e+02 1.021213549009753656e-03
2.040000000000000000e+02 8.818703794878100842e-04
2.045000000000000000e+02 1.045077383765477454e-03
2.050000000000000000e+02 9.069918617496778050e-04
2.055000000000000000e+02 1.065316468788576063e-03
2.060000000000000000e+02 8.689758467772110877e-04
2.065000000000000000e+02 6.608426902933228547e-04
2.070000000000000000e+02 6.911524811530840627e-04
2.075000000000000000e+02 1.083789672339943201e-03
2.080000000000000000e+02 7.000730568287873937e-04
2.085000000000000000e+02 1.022548222999013646e-03
2.090000000000000000e+02 1.255264849173781715e-03
2.095000000000000000e+02 1.461503592148168671e-03
2.100000000000000000e+02 1.801708603216163824e-03
2.105000000000000000e+02 1.758341517694307632e-03
2.110000000000000000e+02 1.680481479160806898e-03
2.115000000000000000e+02 1.557205663027162778e-03
2.120000000000000000e+02 1.622809957872794551e-03
2.125000000000000000e+02 1.537597722780703266e-03
2.130000000000000000e+02 5.591163157322615344e-04
2.135000000000000000e+02 8.776252332074328984e-04
2.140000000000000000e+02 7.011965672946123950e-04
2.145000000000000000e+02 6.644211700248009878e-04
2.150000000000000000e+02 9.228105137348571003e-04
2.155000000000000000e+02 8.416705298628806599e-04
2.160000000000000000e+02 6.968998035273671040e-04
2.165000000000000000e+02 8.733912618831758982e-04
2.170000000000000000e+02 6.482360107294096079e-04
2.175000000000000000e+02 1.077299717822575347e-03
2.180000000000000000e+02 6.210723640812194565e-04
2.185000000000000000e+02 4.237630535975932299e-04
2.190000000000000000e+02 1.686794980995267419e-04
2.195000000000000000e+02 4.583339725952336298e-04
2.200000000000000000e+02 7.584127998019938146e-04
