1.100000000000000000e+02 -8.342382877960012599e-02
1.105000000000000000e+02 -1.541411513628164753e-01
1.110000000000000000e+02 1.128096023481201492e-02
1.115000000000000000e+02 -3.241024306123973381e-02
1.120000000000000000e+02 -4.776607365911762770e-02
1.125000000000000000e+02 -4.358042787088250991e-02
1.130000000000000000e+02 -1.686681852697346704e-02
1.135000000000000000e+02 -2.002232950268310885e-01
1.140000000000000000e+02 nan
1.145000000000000000e+02 2.313529994201000139e+00
1.150000000000000000e+02 1.493010989559398594e+00
1.155000000000000000e+02 1.434009601790232402e+00
1.160000000000000000e+02 1.366761537993705256e+00
1.165000000000000000e+02 1.356215318555800575e+00
1.170000000000000000e+02 1.331406051598416740e+00
1.175000000000000000e+02 1.326647210954834399e+00
1.180000000000000000e+02 1.302163670004458984e+00
1.185000000000000000e+02 1.286642857928062877e+00
1.190000000000000000e+02 1.263495038604745879e+00
1.195000000000000000e+02 1.246031235347518251e+00
1.200000000000000000e+02 1.230392695174238327e+00
1.205000000000000000e+02 1.203315823273783280e+00
1.210000000000000000e+02 1.181384013496831642e+00
1.215000000000000000e+02 1.162816878210688909e+00
1.220000000000000000e+02 1.136624806593192760e+00
1.225000000000000000e+02 1.111594763008310283e+00
1.230000000000000000e+02 1.088925136378978920e+00
1.235000000000000000e+02 1.063827548380746002e+00
1.240000000000000000e+02 1.036596038801947284e+00
1.245000000000000000e+02 1.014826163808008053e+00
1.250000000000000000e+02 9.888714704302743463e-01
1.255000000000000000e+02 9.658581366761331832e-01
1.260000000000000000e+02 9.438368374390292415e-01
1.265000000000000000e+02 9.219756743488705109e-01
1.270000000000000000e+02 9.004219601918950211e-01
1.275000000000000000e+02 8.812646019320663493e-01
1.280000000000000000e+02 8.635518519292867401e-01
1.285000000000000000e+02 8.478994522495039154e-01
1.290000000000000000e+02 8.332186785036662657e-01
1.295000000000000000e+02 8.208814306213051415e-01
1.300000000000000000e+02 8.094041313686213268e-01
1.305000000000000000e+02 8.003291795072732251e-01
1.310000000000000000e+02 7.929550821895904322e-01
1.315000000000000000e+02 7.874428533701883781e-01
1.320000000000000000e+02 7.854887958793522751e-01
1.325000000000000000e+02 7.855746985800077242e-01
1.330000000000000000e+02 7.881969637824505215e-01
1.335000000000000000e+02 7.945537557723263422e-01
1.340000000000000000e+02 8.036199368282306299e-01
1.345000000000000000e+02 8.152054003887202471e-01
1.350000000000000000e+02 8.306447379337078551e-01
1.355000000000000000e+02 8.495494339225174718e-01
1.360000000000000000e+02 8.723281710173940162e-01
1.365000000000000000e+02 8.980349315931038801e-01
1.370000000000000000e+02 9.275990145081407512e-01
1.375000000000000000e+02 9.591882329874874547e-01
1.380000000000000000e+02 9.920013229123401111e-01
1.381999999999999886e+02 1.006857408530273945e+00
1.384000000000000057e+02 1.018640059564839273e+00
1.385999999999999943e+02 1.031969450014929013e+00
1.388000000000000114e+02 1.045091627853492300e+00
1.390000000000000000e+02 1.056954177410145634e+00
1.391999999999999886e+02 1.069403160452364610e+00
1.394000000000000057e+02 1.080717218022807291e+00
1.395999999999999943e+02 1.092110106432033545e+00
1.398000000000000114e+02 1.103192181510000980e+00
1.400000000000000000e+02 1.113789314577575906e+00
1.401999999999999886e+02 1.123973069047753626e+00
1.404000000000000057e+02 1.132739281533557296e+00
1.405999999999999943e+02 1.142308835255655186e+00
1.408000000000000114e+02 1.150891285601539638e+00
1.410000000000000000e+02 1.158869507534426635e+00
1.411999999999999886e+02 1.165698070997898128e+00
1.414000000000000057e+02 1.172824002565415968e+00
1.415999999999999943e+02 1.178282155164657174e+00
1.418000000000000114e+02 1.184868220689426765e+00
1.420000000000000000e+02 1.190294463323163576e+00
1.421999999999999886e+02 1.195380637700433457e+00
1.424000000000000057e+02 1.200372520336474347e+00
1.425999999999999943e+02 1.203709297376652554e+00
1.428000000000000114e+02 1.207243379991038479e+00
1.430000000000000000e+02 1.210092226702665252e+00
1.431999999999999886e+02 1.212632082213142448e+00
1.434000000000000057e+02 1.213096479144418760e+00
1.435999999999999943e+02 1.213204352916262385e+00
1.438000000000000114e+02 1.213502139270728808e+00
1.440000000000000000e+02 1.211977998055889794e+00
1.441999999999999886e+02 1.209710232930902629e+00
1.444000000000000057e+02 1.205805851407450779e+00
1.445999999999999943e+02 1.201182584203589920e+00
1.448000000000000114e+02 1.196651418532203470e+00
1.450000000000000000e+02 1.191737347629035160e+00
1.451999999999999886e+02 1.185651866205967631e+00
1.454000000000000057e+02 1.179326210145885234e+00
1.455999999999999943e+02 1.171521317859613109e+00
1.458000000000000114e+02 1.164000900578815001e+00
1.460000000000000000e+02 1.155242832146723853e+00
1.461999999999999886e+02 1.146077336658982704e+00
1.464000000000000057e+02 1.136307415302531210e+00
1.465999999999999943e+02 1.125882054760574569e+00
1.468000000000000114e+02 1.114279588813752886e+00
1.470000000000000000e+02 1.101861605274284450e+00
1.471999999999999886e+02 1.089304610979425547e+00
1.474000000000000057e+02 1.076268512540724753e+00
1.475999999999999943e+02 1.062162188071517521e+00
1.478000000000000114e+02 1.048352776358787652e+00
1.480000000000000000e+02 1.033875197650024447e+00
1.481999999999999886e+02 1.019758436874059093e+00
1.484000000000000057e+02 1.006521725567067760e+00
1.485999999999999943e+02 9.933488665491412295e-01
1.488000000000000114e+02 9.809921586646558334e-01
1.490000000000000000e+02 9.688175498631730331e-01
1.491999999999999886e+02 9.567194576251355498e-01
1.494000000000000057e+02 9.446750238078515105e-01
1.495999999999999943e+02 9.319050855998950444e-01
1.498000000000000114e+02 9.194255036905349954e-01
1.500000000000000000e+02 9.064032558782748605e-01
1.505000000000000000e+02 8.743066725773910308e-01
1.510000000000000000e+02 8.420205812429649717e-01
1.515000000000000000e+02 8.099667307775132441e-01
1.520000000000000000e+02 7.788261755606487036e-01
1.525000000000000000e+02 7.496582745120856650e-01
1.530000000000000000e+02 7.221057003135685770e-01
1.535000000000000000e+02 6.940413518806853865e-01
1.540000000000000000e+02 6.643503496425784416e-01
1.545000000000000000e+02 6.324830369217219195e-01
1.550000000000000000e+02 5.989027970278698598e-01
1.555000000000000000e+02 5.634107501132599172e-01
1.560000000000000000e+02 5.258561327749691205e-01
1.565000000000000000e+02 4.870861159017762509e-01
1.570000000000000000e+02 4.479548783917556842e-01
1.575000000000000000e+02 4.084165833257016320e-01
1.580000000000000000e+02 3.685630001027613289e-01
1.585000000000000000e+02 3.287862434393527544e-01
1.590000000000000000e+02 2.893275338139242314e-01
1.595000000000000000e+02 2.515389738399317898e-01
1.600000000000000000e+02 2.159900423909807132e-01
1.605000000000000000e+02 1.830455022318174807e-01
1.610000000000000000e+02 1.539092679955050280e-01
1.615000000000000000e+02 1.279584054283814942e-01
1.620000000000000000e+02 1.058904365460274222e-01
1.625000000000000000e+02 8.733998237784892926e-02
1.630000000000000000e+02 7.203564066758046114e-02
1.635000000000000000e+02 5.957234301948347716e-02
1.640000000000000000e+02 4.976761335156507093e-02
1.645000000000000000e+02 4.193010070163460945e-02
1.650000000000000000e+02 3.559090435740012298e-02
1.655000000000000000e+02 3.103240664709944543e-02
1.660000000000000000e+02 2.672885117765116947e-02
1.665000000000000000e+02 2.403120468923970396e-02
1.670000000000000000e+02 2.166919750407037340e-02
1.675000000000000000e+02 1.962709604007626535e-02
1.680000000000000000e+02 1.853473965379046420e-02
1.685000000000000000e+02 1.751622663537390906e-02
1.690000000000000000e+02 1.689741995564911226e-02
1.695000000000000000e+02 1.640656227147636176e-02
1.700000000000000000e+02 1.587916401341198450e-02
1.705000000000000000e+02 1.549674435249458193e-02
1.710000000000000000e+02 1.516429004108880638e-02
1.715000000000000000e+02 1.495646569488014166e-02
1.720000000000000000e+02 1.479270358791869890e-02
1.725000000000000000e+02 1.446907888765881257e-02
1.730000000000000000e+02 1.451135936359163742e-02
1.735000000000000000e+02 1.426540493599722827e-02
1.740000000000000000e+02 1.409344415091460384e-02
1.745000000000000000e+02 1.421094125714873410e-02
1.750000000000000000e+02 1.433315086506277425e-02
1.755000000000000000e+02 1.417432400056034200e-02
1.760000000000000000e+02 1.445998970613900959e-02
1.765000000000000000e+02 1.444268530641142773e-02
1.770000000000000000e+02 1.454957298847632703e-02
1.775000000000000000e+02 1.497055762229181422e-02
1.780000000000000000e+02 1.534892838465624042e-02
1.785000000000000000e+02 1.552919825347835216e-02
1.790000000000000000e+02 1.574778157023709602e-02
1.795000000000000000e+02 1.601302026137811640e-02
1.800000000000000000e+02 1.648915452911862978e-02
1.805000000000000000e+02 1.671677416028579527e-02
1.810000000000000000e+02 1.701121791963773264e-02
1.815000000000000000e+02 1.735869435916151046e-02
1.820000000000000000e+02 1.737979121851429554e-02
1.825000000000000000e+02 1.758311577049723531e-02
1.830000000000000000e+02 1.809289441048739233e-02
1.835000000000000000e+02 1.860269360800545502e-02
1.840000000000000000e+02 1.892175308308976026e-02
1.845000000000000000e+02 1.967873829280280401e-02
1.850000000000000000e+02 2.036107082772684040e-02
1.855000000000000000e+02 2.076004312486919023e-02
1.860000000000000000e+02 2.121383888867049011e-02
1.865000000000000000e+02 2.160100711601813106e-02
1.870000000000000000e+02 2.217157059127864219e-02
1.875000000000000000e+02 2.243912524714193613e-02
1.880000000000000000e+02 2.304563593731616053e-02
1.885000000000000000e+02 2.361388902828277098e-02
1.890000000000000000e+02 2.405346285634809081e-02
1.895000000000000000e+02 2.402075282759518621e-02
1.900000000000000000e+02 2.407860512343397430e-02
1.905000000000000000e+02 2.371661139854055675e-02
1.910000000000000000e+02 2.337692601115978763e-02
1.915000000000000000e+02 2.310970158984304926e-02
1.920000000000000000e+02 2.314472556257202163e-02
1.925000000000000000e+02 2.295855978566605643e-02
1.930000000000000000e+02 2.243230957095553382e-02
1.935000000000000000e+02 2.175268991423934956e-02
1.940000000000000000e+02 2.085700114693646301e-02
1.945000000000000000e+02 1.978585358865661212e-02
1.950000000000000000e+02 1.806958769437124607e-02
1.955000000000000000e+02 1.691687909589687303e-02
1.960000000000000000e+02 1.555741638451492784e-02
1.965000000000000000e+02 1.425545679284573493e-02
1.970000000000000000e+02 1.322225216838653072e-02
1.975000000000000000e+02 1.168905724011140915e-02
1.980000000000000000e+02 1.101296965524440653e-02
1.985000000000000000e+02 1.009574391565342712e-02
1.990000000000000000e+02 9.519085922476355766e-03
1.995000000000000000e+02 8.807324197092182907e-03
2.000000000000000000e+02 8.279498823476956482e-03
2.005000000000000000e+02 7.819219999189542386e-03
2.010000000000000000e+02 7.358604276376599050e-03
2.015000000000000000e+02 7.212962953654469475e-03
2.020000000000000000e+02 6.828943867536343623e-03
2.025000000000000000e+02 6.742752979905855537e-03
2.030000000000000000e+02 6.629326656301174486e-03
2.035000000000000000e+02 6.724466834616802009e-03
2.040000000000000000e+02 6.561351872374479935e-03
2.045000000000000000e+02 6.482015990338076995e-03
2.050000000000000000e+02 6.425132629447088267e-03
2.055000000000000000e+02 6.489541007249579121e-03
2.060000000000000000e+02 6.542696403020182086e-03
2.065000000000000000e+02 6.504231616705417711e-03
2.070000000000000000e+02 6.455868401261199638e-03
2.075000000000000000e+02 6.473683459108856876e-03
2.080000000000000000e+02 6.682667574773454300e-03
2.085000000000000000e+02 6.621985461122950958e-03
2.090000000000000000e+02 6.568059091212385091e-03
2.095000000000000000e+02 6.593039030298951039e-03
2.100000000000000000e+02 6.706113467344544665e-03
2.105000000000000000e+02 6.584920525724576902e-03
2.110000000000000000e+02 6.392844785845112898e-03
2.115000000000000000e+02 6.406536355249298730e-03
2.120000000000000000e+02 6.315823044428835534e-03
2.125000000000000000e+02 6.234113885386444176e-03
2.130000000000000000e+02 6.106747614762734686e-03
2.135000000000000000e+02 6.008612535191789304e-03
2.140000000000000000e+02 5.756957865590951393e-03
2.145000000000000000e+02 5.749421554184681871e-03
2.150000000000000000e+02 6.024829798338945941e-03
2.155000000000000000e+02 5.780987594694364518e-03
2.160000000000000000e+02 5.838676255262984470e-03
2.165000000000000000e+02 5.811864585359418842e-03
2.170000000000000000e+02 5.976481172391914613e-03
2.175000000000000000e+02 5.879624071758377847e-03
2.180000000000000000e+02 5.965076545285443246e-03
2.185000000000000000e+02 5.940877433785567152e-03
2.190000000000000000e+02 5.797931923446711551e-03
2.195000000000000000e+02 5.924675562794341419e-03
2.200000000000000000e+02 6.040503044982129151e-03
