1.100000000000000000e+02 9.945714840940386367e-03
1.105000000000000000e+02 5.231167314322365119e-02
1.110000000000000000e+02 1.265920769711519900e-01
1.115000000000000000e+02 -2.101656644671756266e-02
1.120000000000000000e+02 8.824915469050101380e-02
1.125000000000000000e+02 -2.561805001647794733e-02
1.130000000000000000e+02 1.336650251029975096e-02
1.135000000000000000e+02 7.882493048287782245e-02
1.140000000000000000e+02 2.214220915764781583e-01
1.145000000000000000e+02 1.387950549411537116e-01
1.150000000000000000e+02 1.360485365205896802e-01
1.155000000000000000e+02 1.338305060685175962e-01
1.160000000000000000e+02 1.328906241331168081e-01
1.165000000000000000e+02 1.334594708824259068e-01
1.170000000000000000e+02 1.327233208107472806e-01
1.175000000000000000e+02 1.325505448630930616e-01
1.180000000000000000e+02 1.331234817824725469e-01
1.185000000000000000e+02 1.308296946130314553e-01
1.190000000000000000e+02 1.302890927070346205e-01
1.195000000000000000e+02 1.294451256838111963e-01
1.200000000000000000e+02 1.301376106644242248e-01
1.205000000000000000e+02 1.299606687062754284e-01
1.210000000000000000e+02 1.275362444131875050e-01
1.215000000000000000e+02 1.254743912826754848e-01
1.220000000000000000e+02 1.237454184070827523e-01
1.225000000000000000e+02 1.208408839786033334e-01
1.230000000000000000e+02 1.181368104236270727e-01
1.235000000000000000e+02 1.150319093671972187e-01
1.240000000000000000e+02 1.118755758582198334e-01
1.245000000000000000e+02 1.096054011127622074e-01
1.250000000000000000e+02 1.063617928107892657e-01
1.255000000000000000e+02 1.036547516689476506e-01
1.260000000000000000e+02 1.009979687267404946e-01
1.265000000000000000e+02 9.811328214268598413e-02
1.270000000000000000e+02 9.578873712580850130e-02
1.275000000000000000e+02 9.413322183721636871e-02
1.280000000000000000e+02 9.187077901096979415e-02
1.285000000000000000e+02 9.037164499046664023e-02
1.290000000000000000e+02 8.911685047712188112e-02
1.295000000000000000e+02 8.807427169424257574e-02
1.300000000000000000e+02 8.665320684588605216e-02
1.305000000000000000e+02 8.676255067543896249e-02
1.310000000000000000e+02 8.693847818863441324e-02
1.315000000000000000e+02 8.719728071346422027e-02
1.320000000000000000e+02 8.720011154607998360e-02
1.325000000000000000e+02 8.865680177326440425e-02
1.330000000000000000e+02 9.042978982988310321e-02
1.335000000000000000e+02 9.208263589060572407e-02
1.340000000000000000e+02 9.452483306096379212e-02
1.345000000000000000e+02 9.743765412789577585e-02
1.350000000000000000e+02 1.005636436684499840e-01
1.355000000000000000e+02 1.040622445388482836e-01
1.360000000000000000e+02 1.086655483899133245e-01
1.365000000000000000e+02 1.133499202144062634e-01
1.370000000000000000e+02 1.182961085356989406e-01
1.375000000000000000e+02 1.239676133543928527e-01
1.380000000000000000e+02 1.298734844892680262e-01
1.381999999999999886e+02 1.329428349071500315e-01
1.384000000000000057e+02 1.354977480310088633e-01
1.385999999999999943e+02 1.380841956914735380e-01
1.388000000000000114e+02 1.400540938106452082e-01
1.390000000000000000e+02 1.427005341622158974e-01
1.391999999999999886e+02 1.448176623203961955e-01
1.394000000000000057e+02 1.469339786816779847e-01
1.395999999999999943e+02 1.492901421952313179e-01
1.398000000000000114e+02 1.515534386602994943e-01
1.400000000000000000e+02 1.533965352612079169e-01
1.401999999999999886e+02 1.553602363338641990e-01
1.404000000000000057e+02 1.573683131971302107e-01
1.405999999999999943e+02 1.583754857097735558e-01
1.408000000000000114e+02 1.599451497065763061e-01
1.410000000000000000e+02 1.616306847220737308e-01
1.411999999999999886e+02 1.627194326214108921e-01
1.414000000000000057e+02 1.638905269998993941e-01
1.415999999999999943e+02 1.656027563333866692e-01
1.418000000000000114e+02 1.666276908180683858e-01
1.420000000000000000e+02 1.673642497406376828e-01
1.421999999999999886e+02 1.684091425133650288e-01
1.424000000000000057e+02 1.694501732152039475e-01
1.425999999999999943e+02 1.703240684071592181e-01
1.428000000000000114e+02 1.713209940518496399e-01
1.430000000000000000e+02 1.717575574701822594e-01
1.431999999999999886e+02 1.723087395739956174e-01
1.434000000000000057e+02 1.729702856370844422e-01
1.435999999999999943e+02 1.731242709418981673e-01
1.438000000000000114e+02 1.736126846731208262e-01
1.440000000000000000e+02 1.732998868300385520e-01
1.441999999999999886e+02 1.734298199255880635e-01
1.444000000000000057e+02 1.732771340579071784e-01
1.445999999999999943e+02 1.729846101608225328e-01
1.448000000000000114e+02 1.722980888993932425e-01
1.450000000000000000e+02 1.717620850703351354e-01
1.451999999999999886e+02 1.713944880011263050e-01
1.454000000000000057e+02 1.700351000893180475e-01
1.455999999999999943e+02 1.689932247345241889e-01
1.458000000000000114e+02 1.680902324984074048e-01
1.460000000000000000e+02 1.674107977131536751e-01
1.461999999999999886e+02 1.659892753958677747e-01
1.464000000000000057e+02 1.647054673263299851e-01
1.465999999999999943e+02 1.631888554747464859e-01
1.468000000000000114e+02 1.613410238683242737e-01
1.470000000000000000e+02 1.597494479332687289e-01
1.471999999999999886e+02 1.578097189594803162e-01
1.474000000000000057e+02 1.561257140045588243e-01
1.475999999999999943e+02 1.536995806136022824e-01
1.478000000000000114e+02 1.520233949654578309e-01
1.480000000000000000e+02 1.496426071155379511e-01
1.481999999999999886e+02 1.477351336672085569e-01
1.484000000000000057e+02 1.459031033731944538e-01
1.485999999999999943e+02 1.440141374158903365e-01
1.488000000000000114e+02 1.417324264955157342e-01
1.490000000000000000e+02 1.403443090572814023e-01
1.491999999999999886e+02 1.382987063478756384e-01
1.494000000000000057e+02 1.359196397668613332e-01
1.495999999999999943e+02 1.349065285576880324e-01
1.498000000000000114e+02 1.325768394342587975e-01
1.500000000000000000e+02 1.307977650423441107e-01
1.505000000000000000e+02 1.257233933127811509e-01
1.510000000000000000e+02 1.212575056106583310e-01
1.515000000000000000e+02 1.171601675362860806e-01
1.520000000000000000e+02 1.130537439892083246e-01
1.525000000000000000e+02 1.090823222610878968e-01
1.530000000000000000e+02 1.053436165798677243e-01
1.535000000000000000e+02 1.017637240984268915e-01
1.540000000000000000e+02 9.811645463199814010e-02
1.545000000000000000e+02 9.414865420608146962e-02
1.550000000000000000e+02 8.996893866198694967e-02
1.555000000000000000e+02 8.554158389506978655e-02
1.560000000000000000e+02 8.069983054469033468e-02
1.565000000000000000e+02 7.582708626703241195e-02
1.570000000000000000e+02 7.124946180578480004e-02
1.575000000000000000e+02 6.612443993916246321e-02
1.580000000000000000e+02 6.075488477375361185e-02
1.585000000000000000e+02 5.529918178100654003e-02
1.590000000000000000e+02 4.972870309065845207e-02
1.595000000000000000e+02 4.442743325092069623e-02
1.600000000000000000e+02 3.923772060825614361e-02
1.605000000000000000e+02 3.443793013304454614e-02
1.610000000000000000e+02 3.049616234051120631e-02
1.615000000000000000e+02 2.646140912345306545e-02
1.620000000000000000e+02 2.288426497215052119e-02
1.625000000000000000e+02 1.991224217624949430e-02
1.630000000000000000e+02 1.753169378917002891e-02
1.635000000000000000e+02 1.572746697076647659e-02
1.640000000000000000e+02 1.400901122731891373e-02
1.645000000000000000e+02 1.258616753170908181e-02
1.650000000000000000e+02 1.185817306304642535e-02
1.655000000000000000e+02 1.071535238029395695e-02
1.660000000000000000e+02 1.005185858047282291e-02
1.665000000000000000e+02 9.482934511419023604e-03
1.670000000000000000e+02 8.805406752759401684e-03
1.675000000000000000e+02 8.649986542649347465e-03
1.680000000000000000e+02 8.576738137615624175e-03
1.685000000000000000e+02 8.049203258691980598e-03
1.690000000000000000e+02 7.916400763204843594e-03
1.695000000000000000e+02 7.571160965115160055e-03
1.700000000000000000e+02 7.240807622184887091e-03
1.705000000000000000e+02 6.978387291037616708e-03
1.710000000000000000e+02 6.931510470411207485e-03
1.715000000000000000e+02 7.105345312616757024e-03
1.720000000000000000e+02 6.938979227352128944e-03
1.725000000000000000e+02 6.464317754851085090e-03
1.730000000000000000e+02 6.551820290871737153e-03
1.735000000000000000e+02 6.987259795180542944e-03
1.740000000000000000e+02 6.733783940816345966e-03
1.745000000000000000e+02 6.398357230815406201e-03
1.750000000000000000e+02 6.463486626588258767e-03
1.755000000000000000e+02 6.434501888859616575e-03
1.760000000000000000e+02 6.663805161247002805e-03
1.765000000000000000e+02 6.472686674820390604e-03
1.770000000000000000e+02 6.447526729395688244e-03
1.775000000000000000e+02 6.056260919944109547e-03
1.780000000000000000e+02 6.401593727053862988e-03
1.785000000000000000e+02 6.489053751553831156e-03
1.790000000000000000e+02 6.571542894443898816e-03
1.795000000000000000e+02 6.805647835421843421e-03
1.800000000000000000e+02 6.649209717173048921e-03
1.805000000000000000e+02 6.649495719607868144e-03
1.810000000000000000e+02 6.523340569088171420e-03
1.815000000000000000e+02 6.710791437412204352e-03
1.820000000000000000e+02 6.784230588377038532e-03
1.825000000000000000e+02 6.981717736032119932e-03
1.830000000000000000e+02 7.021663962984740597e-03
1.835000000000000000e+02 6.988665053588275118e-03
1.840000000000000000e+02 6.723299976660870522e-03
1.845000000000000000e+02 6.814020826843659139e-03
1.850000000000000000e+02 6.971243914189166439e-03
1.855000000000000000e+02 7.079856254737852163e-03
1.860000000000000000e+02 7.053395609597611603e-03
1.865000000000000000e+02 7.320070346577269189e-03
1.870000000000000000e+02 7.187738178539731550e-03
1.875000000000000000e+02 7.177401876487108506e-03
1.880000000000000000e+02 7.239955358267584178e-03
1.885000000000000000e+02 7.313424332589267551e-03
1.890000000000000000e+02 7.398171421710208681e-03
1.895000000000000000e+02 7.479851049363203663e-03
1.900000000000000000e+02 7.492683229193967606e-03
1.905000000000000000e+02 7.542360597617928791e-03
1.910000000000000000e+02 7.503811666002570789e-03
1.915000000000000000e+02 7.462428370834510785e-03
1.920000000000000000e+02 7.817782748739293339e-03
1.925000000000000000e+02 7.484956863054424009e-03
1.930000000000000000e+02 7.719767620658761140e-03
1.935000000000000000e+02 7.760678580867116580e-03
1.940000000000000000e+02 7.826800986863800824e-03
1.945000000000000000e+02 7.598362809786976188e-03
1.950000000000000000e+02 7.396144577006174073e-03
1.955000000000000000e+02 6.714920609451723553e-03
1.960000000000000000e+02 7.025461176585011576e-03
1.965000000000000000e+02 6.929373971333769450e-03
1.970000000000000000e+02 6.699501502315390739e-03
1.975000000000000000e+02 6.605283630469265324e-03
1.980000000000000000e+02 6.686877205319177384e-03
1.985000000000000000e+02 6.533335303040922575e-03
1.990000000000000000e+02 6.357187223065288717e-03
1.995000000000000000e+02 6.053260168773570184e-03
2.000000000000000000e+02 5.694185054968356301e-03
2.005000000000000000e+02 5.619855573302916414e-03
2.010000000000000000e+02 5.385561971621404508e-03
2.015000000000000000e+02 5.290125564426420221e-03
2.020000000000000000e+02 4.997848685997384813e-03
2.025000000000000000e+02 4.884105965189463640e-03
2.030000000000000000e+02 4.999499713248224501e-03
2.035000000000000000e+02 4.955865066795368118e-03
2.040000000000000000e+02 4.579090223242746407e-03
2.045000000000000000e+02 4.418082732589550914e-03
2.050000000000000000e+02 4.524754522044244394e-03
2.055000000000000000e+02 4.613402746776624867e-03
2.060000000000000000e+02 4.369883468621160727e-03
2.065000000000000000e+02 4.558770978391322136e-03
2.070000000000000000e+02 4.373780782782732586e-03
2.075000000000000000e+02 4.444195502173757181e-03
2.080000000000000000e+02 4.507231469777765731e-03
2.085000000000000000e+02 4.305512548011613573e-03
2.090000000000000000e+02 4.225406961572895220e-03
2.095000000000000000e+02 3.959584504023524673e-03
2.100000000000000000e+02 4.110692865905282364e-03
2.105000000000000000e+02 4.142748219900771987e-03
2.110000000000000000e+02 4.056571721569968841e-03
2.115000000000000000e+02 4.227023296692526341e-03
2.120000000000000000e+02 4.119725867917125618e-03
2.125000000000000000e+02 4.060475350877560535e-03
2.130000000000000000e+02 3.848996256433332829e-03
2.135000000000000000e+02 4.048734149878684130e-03
2.140000000000000000e+02 4.082137647288247746e-03
2.145000000000000000e+02 3.970902433808949812e-03
2.150000000000000000e+02 3.825134594529471226e-03
2.155000000000000000e+02 4.000125775912174997e-03
2.160000000000000000e+02 4.267642427625217665e-03
2.165000000000000000e+02 4.138622473528781077e-03
2.170000000000000000e+02 3.864766193615677692e-03
2.175000000000000000e+02 3.946362205862444412e-03
2.180000000000000000e+02 3.945906392169237081e-03
2.185000000000000000e+02 4.021922750618985194e-03
2.190000000000000000e+02 4.494788562962427104e-03
2.195000000000000000e+02 4.131084625376209296e-03
2.200000000000000000e+02 4.608260432924705073e-03
