1.100000000000000000e+02 4.029175381330864919e-02
1.105000000000000000e+02 2.283232259811796352e-02
1.110000000000000000e+02 1.397533955877420728e-02
1.115000000000000000e+02 9.757598098234131212e-02
1.120000000000000000e+02 1.512936342660245806e-02
1.125000000000000000e+02 -1.967865424942888408e-02
1.130000000000000000e+02 1.175825998437000398e-02
1.135000000000000000e+02 -7.655042264204860170e-02
1.140000000000000000e+02 nan
1.145000000000000000e+02 6.202899858234696140e-01
1.150000000000000000e+02 6.078450365401696365e-01
1.155000000000000000e+02 5.923609093576832629e-01
1.160000000000000000e+02 5.867533451163395863e-01
1.165000000000000000e+02 5.804093922430646479e-01
1.170000000000000000e+02 5.788652870647557069e-01
1.175000000000000000e+02 5.720626636471310977e-01
1.180000000000000000e+02 5.720486084197381471e-01
1.185000000000000000e+02 5.712202022723861239e-01
1.190000000000000000e+02 5.679275990883295711e-01
1.195000000000000000e+02 5.621437731209322219e-01
1.200000000000000000e+02 5.592349581509261647e-01
1.205000000000000000e+02 5.500963051622353994e-01
1.210000000000000000e+02 5.469699506271542555e-01
1.215000000000000000e+02 5.387064040936090370e-01
1.220000000000000000e+02 5.304669049712097406e-01
1.225000000000000000e+02 5.187145959783678872e-01
1.230000000000000000e+02 5.107540040217029009e-01
1.235000000000000000e+02 4.980071438252428040e-01
1.240000000000000000e+02 4.867061371636819400e-01
1.245000000000000000e+02 4.745358878744650455e-01
1.250000000000000000e+02 4.623031176858420910e-01
1.255000000000000000e+02 4.493799755050257305e-01
1.260000000000000000e+02 4.366444511103260706e-01
1.265000000000000000e+02 4.253114320790499225e-01
1.270000000000000000e+02 4.142757738987328797e-01
1.275000000000000000e+02 4.032117853368943905e-01
1.280000000000000000e+02 3.951483118231183811e-01
1.285000000000000000e+02 3.866950378586233583e-01
1.290000000000000000e+02 3.791132356938811121e-01
1.295000000000000000e+02 3.722739253355488165e-01
1.300000000000000000e+02 3.678757051051006477e-01
1.305000000000000000e+02 3.642876993048817513e-01
1.310000000000000000e+02 3.620265601945248934e-01
1.315000000000000000e+02 3.610937998873383625e-01
1.320000000000000000e+02 3.614317102589242325e-01
1.325000000000000000e+02 3.639435722552967212e-01
1.330000000000000000e+02 3.672518368377398201e-01
1.335000000000000000e+02 3.729244582798363905e-01
1.340000000000000000e+02 3.801402744002719825e-01
1.345000000000000000e+02 3.887935641349606897e-01
1.350000000000000000e+02 3.995166204000992760e-01
1.355000000000000000e+02 4.114130571234071998e-01
1.360000000000000000e+02 4.252517213006457020e-01
1.365000000000000000e+02 4.403540245335942349e-01
1.370000000000000000e+02 4.572629862421718761e-01
1.375000000000000000e+02 4.758478065007023527e-01
1.380000000000000000e+02 4.950609808207658835e-01
1.385000000000000000e+02 5.153612715279801693e-01
1.390000000000000000e+02 5.346760216074268879e-01
1.395000000000000000e+02 5.529629520572545420e-01
1.400000000000000000e+02 5.693080742369376335e-01
1.405000000000000000e+02 5.833773569953232263e-01
1.410000000000000000e+02 5.942604463344067778e-01
1.415000000000000000e+02 6.023524890789865305e-01
1.420000000000000000e+02 6.088025970014866450e-01
1.425000000000000000e+02 6.138031273454023218e-01
1.430000000000000000e+02 6.169180681724643067e-01
1.435000000000000000e+02 6.183470847634354728e-01
1.440000000000000000e+02 6.173289858917464512e-01
1.445000000000000000e+02 6.138474716689223953e-01
1.450000000000000000e+02 6.081514030849600738e-01
1.455000000000000000e+02 6.000406123424772975e-01
1.460000000000000000e+02 5.897875362335451843e-01
1.465000000000000000e+02 5.765960730453141281e-01
1.470000000000000000e+02 5.607106000464926465e-01
1.475000000000000000e+02 5.431594246244896285e-01
1.480000000000000000e+02 5.237387786254816824e-01
1.485000000000000000e+02 5.051074585855995780e-01
1.490000000000000000e+02 4.879711006524510286e-01
1.495000000000000000e+02 4.707057701424239293e-01
1.500000000000000000e+02 4.530047401353811121e-01
1.505000000000000000e+02 4.364785527043894553e-01
1.510000000000000000e+02 4.195205098623697171e-01
1.515000000000000000e+02 4.032534539690289521e-01
1.520000000000000000e+02 3.868666203513042579e-01
1.525000000000000000e+02 3.724478175070087271e-01
1.530000000000000000e+02 3.598357143274144576e-01
1.535000000000000000e+02 3.472692754686927952e-01
1.540000000000000000e+02 3.346216094833491250e-01
1.545000000000000000e+02 3.209402926961080760e-01
1.550000000000000000e+02 3.068863797413157180e-01
1.555000000000000000e+02 2.923709153771115177e-01
1.560000000000000000e+02 2.770688321989541736e-01
1.565000000000000000e+02 2.611189743842395328e-01
1.570000000000000000e+02 2.451721586287486099e-01
1.575000000000000000e+02 2.292493987304980163e-01
1.580000000000000000e+02 2.128707676206758048e-01
1.585000000000000000e+02 1.962810430938889683e-01
1.590000000000000000e+02 1.788678477119680643e-01
1.595000000000000000e+02 1.622491852899119458e-01
1.600000000000000000e+02 1.453904775890321466e-01
1.605000000000000000e+02 1.296258351055689650e-01
1.610000000000000000e+02 1.147761716055688413e-01
1.615000000000000000e+02 1.011047615859737708e-01
1.620000000000000000e+02 8.958718705606172339e-02
1.625000000000000000e+02 7.903607772615310612e-02
1.630000000000000000e+02 7.086851006601659064e-02
1.635000000000000000e+02 6.353737423801825157e-02
1.640000000000000000e+02 5.775540993464976097e-02
1.645000000000000000e+02 5.276399477704114827e-02
1.650000000000000000e+02 4.870566235542096722e-02
1.655000000000000000e+02 4.538088565882043152e-02
1.660000000000000000e+02 4.265766538341908554e-02
1.665000000000000000e+02 4.059238171226970532e-02
1.670000000000000000e+02 3.856116879816111342e-02
1.675000000000000000e+02 3.655425587767879153e-02
1.680000000000000000e+02 3.479256864857810383e-02
1.685000000000000000e+02 3.336975669592116139e-02
1.690000000000000000e+02 3.237760946334755641e-02
1.695000000000000000e+02 3.149236972454213385e-02
1.700000000000000000e+02 3.076014245507340331e-02
1.705000000000000000e+02 2.990999511872249189e-02
1.710000000000000000e+02 2.889513242173678484e-02
1.715000000000000000e+02 2.791004345738848716e-02
1.720000000000000000e+02 2.730903846358578163e-02
1.725000000000000000e+02 2.672914831077264838e-02
1.730000000000000000e+02 2.490881152819447372e-02
1.735000000000000000e+02 2.459671979981449541e-02
1.740000000000000000e+02 2.377191761782183194e-02
1.745000000000000000e+02 2.284294949750538192e-02
1.750000000000000000e+02 2.228065593811544287e-02
1.755000000000000000e+02 2.200908417083833127e-02
1.760000000000000000e+02 2.188730526671143345e-02
1.765000000000000000e+02 2.121064887581001340e-02
1.770000000000000000e+02 2.103514031888783012e-02
1.775000000000000000e+02 2.101710290043484058e-02
1.780000000000000000e+02 2.030697173077006257e-02
1.785000000000000000e+02 2.025659074411568714e-02
1.790000000000000000e+02 2.011671010175751159e-02
1.795000000000000000e+02 1.977473065554827616e-02
1.800000000000000000e+02 1.960243048232467727e-02
1.805000000000000000e+02 1.956612340501737157e-02
1.810000000000000000e+02 1.929390704375732665e-02
1.815000000000000000e+02 1.939997032964114673e-02
1.820000000000000000e+02 1.858167348126466348e-02
1.825000000000000000e+02 1.869372454402870240e-02
1.830000000000000000e+02 1.878479311989483466e-02
1.835000000000000000e+02 1.890478332520574567e-02
1.840000000000000000e+02 1.911683930399195319e-02
1.845000000000000000e+02 1.930653903583981479e-02
1.850000000000000000e+02 1.913068800364074035e-02
1.855000000000000000e+02 1.907236264290138039e-02
1.860000000000000000e+02 1.940489565633415903e-02
1.865000000000000000e+02 1.921432363484631284e-02
1.870000000000000000e+02 1.961556924371516894e-02
1.875000000000000000e+02 1.945242777689121932e-02
1.880000000000000000e+02 1.934253322094052138e-02
1.885000000000000000e+02 1.896843241511735403e-02
1.890000000000000000e+02 1.914560468058276038e-02
1.895000000000000000e+02 1.917082231079242707e-02
1.900000000000000000e+02 1.907280060616992068e-02
1.905000000000000000e+02 1.882035422327613117e-02
1.910000000000000000e+02 1.866020607607663320e-02
1.915000000000000000e+02 1.807257616474194223e-02
1.920000000000000000e+02 1.759199824521824954e-02
1.925000000000000000e+02 1.749492186700080110e-02
1.930000000000000000e+02 1.732054500481355896e-02
1.935000000000000000e+02 1.676924266293284074e-02
1.940000000000000000e+02 1.658755651940988646e-02
1.945000000000000000e+02 1.618633894247750379e-02
1.950000000000000000e+02 1.541438112247037369e-02
1.955000000000000000e+02 1.469155754637024684e-02
1.960000000000000000e+02 1.400845761161144919e-02
1.965000000000000000e+02 1.306349794960593586e-02
1.970000000000000000e+02 1.215342599437735718e-02
1.975000000000000000e+02 1.145288867695454585e-02
1.980000000000000000e+02 1.101143836165823300e-02
1.985000000000000000e+02 9.900032732041982170e-03
1.990000000000000000e+02 9.455538266537171985e-03
1.995000000000000000e+02 8.852198511894743965e-03
2.000000000000000000e+02 8.311908848865144639e-03
2.005000000000000000e+02 8.069913975688923491e-03
2.010000000000000000e+02 7.586509910494788900e-03
2.015000000000000000e+02 7.153692620473372024e-03
2.020000000000000000e+02 6.644336400406625209e-03
2.025000000000000000e+02 6.001861371049158241e-03
2.030000000000000000e+02 5.851336141094815035e-03
2.035000000000000000e+02 5.796785577236014675e-03
2.040000000000000000e+02 5.561529783017862306e-03
2.045000000000000000e+02 4.826596947022295490e-03
2.050000000000000000e+02 5.149483887613199792e-03
2.055000000000000000e+02 5.068498968309225611e-03
2.060000000000000000e+02 4.464401131875596167e-03
2.065000000000000000e+02 4.496901505090756743e-03
2.070000000000000000e+02 4.609794790122147788e-03
2.075000000000000000e+02 4.130969701413018773e-03
2.080000000000000000e+02 4.064334935687317733e-03
2.085000000000000000e+02 3.919959937374863264e-03
2.090000000000000000e+02 3.311778257655930476e-03
2.095000000000000000e+02 3.106397590167383604e-03
2.100000000000000000e+02 3.085217946991643864e-03
2.105000000000000000e+02 2.548313061800057226e-03
2.110000000000000000e+02 2.830525744814434055e-03
2.115000000000000000e+02 2.527182669610447165e-03
2.120000000000000000e+02 2.248284141563814623e-03
2.125000000000000000e+02 2.273037010493675694e-03
2.130000000000000000e+02 2.092774707469246317e-03
2.135000000000000000e+02 1.993578285238480161e-03
2.140000000000000000e+02 1.582826643636495948e-03
2.145000000000000000e+02 2.109954897183070281e-03
2.150000000000000000e+02 2.004716515071875912e-03
2.155000000000000000e+02 1.762015876064460147e-03
2.160000000000000000e+02 1.489520508472004772e-03
2.165000000000000000e+02 1.716860119141760217e-03
2.170000000000000000e+02 1.704286059697180094e-03
2.175000000000000000e+02 1.348629237661877868e-03
2.180000000000000000e+02 1.383372603732624341e-03
2.185000000000000000e+02 1.378270174295126958e-03
2.190000000000000000e+02 1.359737333635687839e-03
2.195000000000000000e+02 1.197959778815901270e-03
2.200000000000000000e+02 8.356383734985387219e-04
