1.100000000000000000e+02 -2.664183778343617859e-01
1.105000000000000000e+02 -1.721335426711644578e-01
1.110000000000000000e+02 -4.085551365683611769e-01
1.115000000000000000e+02 -5.716471491040429065e-01
1.120000000000000000e+02 -5.295351139311815780e-01
1.125000000000000000e+02 nan
1.130000000000000000e+02 -9.558487420525745293e-01
1.135000000000000000e+02 -1.620514374054415896e+00
1.140000000000000000e+02 nan
1.145000000000000000e+02 7.470806961286794445e-01
1.150000000000000000e+02 6.860626043074181668e-01
1.155000000000000000e+02 6.728176546523543244e-01
1.160000000000000000e+02 6.617506568270251632e-01
1.165000000000000000e+02 6.565229274039081631e-01
1.170000000000000000e+02 6.499909051304701979e-01
1.175000000000000000e+02 6.461850870127821000e-01
1.180000000000000000e+02 6.430228198438546761e-01
1.185000000000000000e+02 6.351161112088147265e-01
1.190000000000000000e+02 6.324091233008121149e-01
1.195000000000000000e+02 6.253621998876010002e-01
1.200000000000000000e+02 6.185500046252460082e-01
1.205000000000000000e+02 6.092532265053088869e-01
1.210000000000000000e+02 6.010612107135486770e-01
1.215000000000000000e+02 5.890693016591690423e-01
1.220000000000000000e+02 5.790544390311097578e-01
1.225000000000000000e+02 5.662221682865239414e-01
1.230000000000000000e+02 5.512861245226352569e-01
1.235000000000000000e+02 5.382353866529903108e-01
1.240000000000000000e+02 5.244530581099899891e-01
1.245000000000000000e+02 5.110949395403902029e-01
1.250000000000000000e+02 4.956261443530625699e-01
1.255000000000000000e+02 4.834219847163094830e-01
1.260000000000000000e+02 4.698019425800328275e-01
1.265000000000000000e+02 4.576124271623246975e-01
1.270000000000000000e+02 4.466956098769870875e-01
1.275000000000000000e+02 4.360674989413105274e-01
1.280000000000000000e+02 4.272779545410581581e-01
1.285000000000000000e+02 4.194953443397727577e-01
1.290000000000000000e+02 4.127057156108002167e-01
1.295000000000000000e+02 4.077617939381612544e-01
1.300000000000000000e+02 4.037214520707262388e-01
1.305000000000000000e+02 4.009566895601600622e-01
1.310000000000000000e+02 3.996193971358686925e-01
1.315000000000000000e+02 4.001517102371084378e-01
1.320000000000000000e+02 4.017872106655728248e-01
1.325000000000000000e+02 4.055496218181917634e-01
1.330000000000000000e+02 4.110431702316060809e-01
1.335000000000000000e+02 4.178818854878988964e-01
1.340000000000000000e+02 4.269038385386589862e-01
1.345000000000000000e+02 4.376448604999408354e-01
1.350000000000000000e+02 4.501958067899461402e-01
1.355000000000000000e+02 4.645175616862421419e-01
1.360000000000000000e+02 4.810894285154780348e-01
1.365000000000000000e+02 4.989953076565120660e-01
1.370000000000000000e+02 5.188379987913532831e-01
1.375000000000000000e+02 5.406089278177673707e-01
1.380000000000000000e+02 5.630338401875937260e-01
1.381999999999999886e+02 5.720778094116076851e-01
1.384000000000000057e+02 5.810071358441046829e-01
1.385999999999999943e+02 5.896113578549733170e-01
1.388000000000000114e+02 5.984056690721346605e-01
1.390000000000000000e+02 6.067484063372658998e-01
1.391999999999999886e+02 6.145384704150494981e-01
1.394000000000000057e+02 6.223609944657670923e-01
1.395999999999999943e+02 6.294420954378532329e-01
1.398000000000000114e+02 6.364678952605175022e-01
1.400000000000000000e+02 6.431823933337438293e-01
1.401999999999999886e+02 6.484439227021009389e-01
1.404000000000000057e+02 6.541754649152673462e-01
1.405999999999999943e+02 6.587091964541423872e-01
1.408000000000000114e+02 6.630465796894889907e-01
1.410000000000000000e+02 6.667083787003630357e-01
1.411999999999999886e+02 6.700699567983362526e-01
1.414000000000000057e+02 6.728552900648674395e-01
1.415999999999999943e+02 6.757784491755415290e-01
1.418000000000000114e+02 6.784037736623916848e-01
1.420000000000000000e+02 6.806872456495612900e-01
1.421999999999999886e+02 6.828076365611407406e-01
1.424000000000000057e+02 6.837403226116851584e-01
1.425999999999999943e+02 6.846002144947591628e-01
1.428000000000000114e+02 6.852337108700441437e-01
1.430000000000000000e+02 6.860711052672766597e-01
1.431999999999999886e+02 6.858653853161569280e-01
1.434000000000000057e+02 6.854138688963462567e-01
1.435999999999999943e+02 6.841560948673491849e-01
1.438000000000000114e+02 6.827134466813037372e-01
1.440000000000000000e+02 6.796967336414813099e-01
1.441999999999999886e+02 6.767963895397809404e-01
1.444000000000000057e+02 6.732955271506216866e-01
1.445999999999999943e+02 6.694462632506339439e-01
1.448000000000000114e+02 6.653868668644966622e-01
1.450000000000000000e+02 6.607407857401530471e-01
1.451999999999999886e+02 6.554394220729816700e-01
1.454000000000000057e+02 6.496173813429152455e-01
1.455999999999999943e+02 6.433791376286607244e-01
1.458000000000000114e+02 6.370222359757384822e-01
1.460000000000000000e+02 6.294142863038133529e-01
1.461999999999999886e+02 6.224719274782204437e-01
1.464000000000000057e+02 6.144639002872572808e-01
1.465999999999999943e+02 6.060092260124660957e-01
1.468000000000000114e+02 5.977910166445773443e-01
1.470000000000000000e+02 5.885012090124016604e-01
1.471999999999999886e+02 5.791621568054705627e-01
1.474000000000000057e+02 5.692037566979837315e-01
1.475999999999999943e+02 5.596463164920802980e-01
1.478000000000000114e+02 5.499221752509868555e-01
1.480000000000000000e+02 5.399993677515551038e-01
1.481999999999999886e+02 5.299869792599483098e-01
1.484000000000000057e+02 5.209012637471926999e-01
1.485999999999999943e+02 5.119279389333140085e-01
1.488000000000000114e+02 5.036517261000188483e-01
1.490000000000000000e+02 4.952491974451911361e-01
1.491999999999999886e+02 4.875800517097161335e-01
1.494000000000000057e+02 4.792728338145625377e-01
1.495999999999999943e+02 4.713486603368888250e-01
1.498000000000000114e+02 4.634213059943044777e-01
1.500000000000000000e+02 4.560167734909689186e-01
1.505000000000000000e+02 4.370393802490927793e-01
1.510000000000000000e+02 4.180701608947506309e-01
1.515000000000000000e+02 3.994918223585317008e-01
1.520000000000000000e+02 3.820696305500259071e-01
1.525000000000000000e+02 3.656695601198765577e-01
1.530000000000000000e+02 3.510146531345442189e-01
1.535000000000000000e+02 3.363056033174015025e-01
1.540000000000000000e+02 3.209557015133057134e-01
1.545000000000000000e+02 3.048203769982921196e-01
1.550000000000000000e+02 2.873008651621798415e-01
1.555000000000000000e+02 2.698992733520174103e-01
1.560000000000000000e+02 2.516469009140789304e-01
1.565000000000000000e+02 2.326159187647551529e-01
1.570000000000000000e+02 2.135841533302571260e-01
1.575000000000000000e+02 1.946681656605642186e-01
1.580000000000000000e+02 1.753405987686875445e-01
1.585000000000000000e+02 1.557730416718206279e-01
1.590000000000000000e+02 1.368219786976804520e-01
1.595000000000000000e+02 1.178121324474518811e-01
1.600000000000000000e+02 9.997267917329587250e-02
1.605000000000000000e+02 8.294472165685878862e-02
1.610000000000000000e+02 6.874203421541731640e-02
1.615000000000000000e+02 5.605357061621726866e-02
1.620000000000000000e+02 4.474923541231112800e-02
1.625000000000000000e+02 3.583176125755857533e-02
1.630000000000000000e+02 2.820818371723664286e-02
1.635000000000000000e+02 2.245620436555877467e-02
1.640000000000000000e+02 1.777003095535836796e-02
1.645000000000000000e+02 1.401743464499843189e-02
1.650000000000000000e+02 1.089027697287428716e-02
1.655000000000000000e+02 8.658302315345740505e-03
1.660000000000000000e+02 6.987618645837744523e-03
1.665000000000000000e+02 5.834601781551361846e-03
1.670000000000000000e+02 4.800707931074741155e-03
1.675000000000000000e+02 3.895803360565937117e-03
1.680000000000000000e+02 2.966046820588578818e-03
1.685000000000000000e+02 2.272224298307735924e-03
1.690000000000000000e+02 1.655726214295407750e-03
1.695000000000000000e+02 1.498106278077316949e-03
1.700000000000000000e+02 8.930472587206215356e-04
1.705000000000000000e+02 3.899992016524093203e-04
1.710000000000000000e+02 5.536017540194376274e-04
1.715000000000000000e+02 2.365771558141358942e-04
1.720000000000000000e+02 -3.112557590862676123e-04
1.725000000000000000e+02 -1.166195936321006322e-04
1.730000000000000000e+02 -8.323205361356879285e-04
1.735000000000000000e+02 -9.689246629860832644e-04
1.740000000000000000e+02 -1.010877239343301775e-03
1.745000000000000000e+02 -8.124232552178639296e-04
1.750000000000000000e+02 -1.036354852097180323e-03
1.755000000000000000e+02 -6.761030176710082669e-04
1.760000000000000000e+02 -1.002159254684608118e-03
1.765000000000000000e+02 -7.985828050902697792e-04
1.770000000000000000e+02 -8.091578939779346669e-04
1.775000000000000000e+02 -7.104027998019713484e-04
1.780000000000000000e+02 -9.923163443338787158e-04
1.785000000000000000e+02 -2.371805285274799493e-04
1.790000000000000000e+02 -3.557722443096365621e-04
1.795000000000000000e+02 -7.116245009586280980e-05
1.800000000000000000e+02 -1.492092920558175462e-04
1.805000000000000000e+02 -2.086155290693680897e-04
1.810000000000000000e+02 7.963971713052642567e-04
1.815000000000000000e+02 1.467040738730051707e-03
1.820000000000000000e+02 1.838628129898191299e-03
1.825000000000000000e+02 2.653844238711640120e-03
1.830000000000000000e+02 2.277626941878513594e-03
1.835000000000000000e+02 2.585502298886312340e-03
1.840000000000000000e+02 2.494302179920343272e-03
1.845000000000000000e+02 2.970009498660650983e-03
1.850000000000000000e+02 3.114846055199467067e-03
1.855000000000000000e+02 3.450983716535857039e-03
1.860000000000000000e+02 3.776305681225334589e-03
1.865000000000000000e+02 4.707716458948974121e-03
1.870000000000000000e+02 4.882435879358304129e-03
1.875000000000000000e+02 4.430663003002975088e-03
1.880000000000000000e+02 4.428890519961173507e-03
1.885000000000000000e+02 4.680893301379229939e-03
1.890000000000000000e+02 5.391752508363126424e-03
1.895000000000000000e+02 4.970304257068570465e-03
1.900000000000000000e+02 5.347855953098249945e-03
1.905000000000000000e+02 4.946927232557317422e-03
1.910000000000000000e+02 4.778052061094583899e-03
1.915000000000000000e+02 4.834969478100651676e-03
1.920000000000000000e+02 4.852462854461878951e-03
1.925000000000000000e+02 4.980805080407844053e-03
1.930000000000000000e+02 4.807029763417985067e-03
1.935000000000000000e+02 4.632268422668101189e-03
1.940000000000000000e+02 4.196740304540268890e-03
1.945000000000000000e+02 3.538351433258641113e-03
1.950000000000000000e+02 2.719531069650012612e-03
1.955000000000000000e+02 2.275946584537165678e-03
1.960000000000000000e+02 1.377050848285162922e-03
1.965000000000000000e+02 1.011860621142087260e-03
1.970000000000000000e+02 5.203925055342253220e-04
1.975000000000000000e+02 2.463995548675450417e-04
1.980000000000000000e+02 -2.742553629230527713e-04
1.985000000000000000e+02 -1.072938272549547011e-03
1.990000000000000000e+02 -1.656274906593004125e-03
1.995000000000000000e+02 -2.429292196843255234e-03
2.000000000000000000e+02 -2.225425747170587179e-03
2.005000000000000000e+02 -2.535947768838701238e-03
2.010000000000000000e+02 -2.201752064201889427e-03
2.015000000000000000e+02 -2.627224435528558149e-03
2.020000000000000000e+02 -2.899903870095168774e-03
2.025000000000000000e+02 -2.775643586327669957e-03
2.030000000000000000e+02 -3.007104469015656634e-03
2.035000000000000000e+02 -3.059647344064793991e-03
2.040000000000000000e+02 -3.153143270242274050e-03
2.045000000000000000e+02 -3.178227674543256803e-03
2.050000000000000000e+02 -3.019155654426679443e-03
2.055000000000000000e+02 -3.539729585165556774e-03
2.060000000000000000e+02 -3.175975973763104157e-03
2.065000000000000000e+02 -3.163073948830990093e-03
2.070000000000000000e+02 -2.817043982285301253e-03
2.075000000000000000e+02 -2.732485391482162001e-03
2.080000000000000000e+02 -3.090808471142117951e-03
2.085000000000000000e+02 -2.926489066997807042e-03
2.090000000000000000e+02 -2.918386370987830110e-03
2.095000000000000000e+02 -2.915656755385414786e-03
2.100000000000000000e+02 -2.943243642419525897e-03
2.105000000000000000e+02 -3.034057436044523565e-03
2.110000000000000000e+02 -3.263637742087396963e-03
2.115000000000000000e+02 -3.668180246117494058e-03
2.120000000000000000e+02 -3.467196148236003847e-03
2.125000000000000000e+02 -3.415053512798560918e-03
2.130000000000000000e+02 -3.352736324073318352e-03
2.135000000000000000e+02 -3.440345445619178311e-03
2.140000000000000000e+02 -3.330232569978082337e-03
2.145000000000000000e+02 -3.718614885369219206e-03
2.150000000000000000e+02 -3.194250302428819008e-03
2.155000000000000000e+02 -3.347226892465662591e-03
2.160000000000000000e+02 -2.968757330553738281e-03
2.165000000000000000e+02 -2.599075204861984751e-03
2.170000000000000000e+02 -2.422094578653753456e-03
2.175000000000000000e+02 -2.418340666123531494e-03
2.180000000000000000e+02 -2.417364141024264720e-03
2.185000000000000000e+02 -2.333982471218902077e-03
2.190000000000000000e+02 -2.341334216947303908e-03
2.195000000000000000e+02 -2.376168618499938882e-03
2.200000000000000000e+02 -2.158265740237160554e-03
