1.100000000000000000e+02 7.743855230611601526e-02
1.105000000000000000e+02 -5.389084150942771712e-02
1.110000000000000000e+02 -5.047618412853210196e-02
1.115000000000000000e+02 5.047220502866634623e-02
1.120000000000000000e+02 3.176582038087383784e-03
1.125000000000000000e+02 -1.490185366102740258e-02
1.130000000000000000e+02 3.566485695932209571e-02
1.135000000000000000e+02 -5.760611243804576731e-02
1.140000000000000000e+02 1.072946521950800536e+00
1.145000000000000000e+02 5.001169045889581888e-01
1.150000000000000000e+02 4.894838894372876559e-01
1.155000000000000000e+02 4.889446952928863110e-01
1.160000000000000000e+02 4.856384530884984563e-01
1.165000000000000000e+02 4.807445661590379893e-01
1.170000000000000000e+02 4.794963411580501766e-01
1.175000000000000000e+02 4.771787499493014284e-01
1.180000000000000000e+02 4.723698820837551327e-01
1.185000000000000000e+02 4.717047214107613629e-01
1.190000000000000000e+02 4.692009317970747273e-01
1.195000000000000000e+02 4.649427891513752131e-01
1.200000000000000000e+02 4.635899551842040944e-01
1.205000000000000000e+02 4.583125812622842465e-01
1.210000000000000000e+02 4.531224141275227435e-01
1.215000000000000000e+02 4.455811606655492030e-01
1.220000000000000000e+02 4.386897204386739912e-01
1.225000000000000000e+02 4.313916598454846651e-01
1.230000000000000000e+02 4.212110203749149795e-01
1.235000000000000000e+02 4.110680906265080092e-01
1.240000000000000000e+02 4.010107116170905095e-01
1.245000000000000000e+02 3.912993764654794648e-01
1.250000000000000000e+02 3.805630027107694824e-01
1.255000000000000000e+02 3.702155745742425896e-01
1.260000000000000000e+02 3.597070021912112114e-01
1.265000000000000000e+02 3.507571438991480273e-01
1.270000000000000000e+02 3.412934962737231848e-01
1.275000000000000000e+02 3.333111818049562802e-01
1.280000000000000000e+02 3.257590585740890443e-01
1.285000000000000000e+02 3.196114549630608148e-01
1.290000000000000000e+02 3.138168930122306466e-01
1.295000000000000000e+02 3.091211882306909020e-01
1.300000000000000000e+02 3.055695309428955730e-01
1.305000000000000000e+02 3.029970155795510545e-01
1.310000000000000000e+02 3.014171868703051649e-01
1.315000000000000000e+02 3.008660899499726038e-01
1.320000000000000000e+02 3.020273367437841250e-01
1.325000000000000000e+02 3.040787663253537443e-01
1.330000000000000000e+02 3.075575632080004285e-01
1.335000000000000000e+02 3.129927883687955714e-01
1.340000000000000000e+02 3.190272082559515998e-01
1.345000000000000000e+02 3.268970494745900290e-01
1.350000000000000000e+02 3.360021943623684448e-01
1.355000000000000000e+02 3.463549963571322388e-01
1.360000000000000000e+02 3.580334824610310052e-01
1.365000000000000000e+02 3.711999800439007569e-01
1.370000000000000000e+02 3.850668188391816460e-01
1.375000000000000000e+02 4.005571897276147819e-01
1.380000000000000000e+02 4.165819250889694070e-01
1.385000000000000000e+02 4.329367471607147855e-01
1.390000000000000000e+02 4.486778029064191209e-01
1.395000000000000000e+02 4.636055775976729576e-01
1.400000000000000000e+02 4.763979318946189867e-01
1.405000000000000000e+02 4.870012402109325511e-01
1.410000000000000000e+02 4.950422403639327951e-01
1.415000000000000000e+02 5.012001574354290057e-01
1.420000000000000000e+02 5.054405834774607920e-01
1.425000000000000000e+02 5.085511273106829710e-01
1.430000000000000000e+02 5.105589584896251809e-01
1.435000000000000000e+02 5.112231967129695631e-01
1.440000000000000000e+02 5.093629766177715235e-01
1.445000000000000000e+02 5.052039045785432503e-01
1.450000000000000000e+02 4.993950933075406717e-01
1.455000000000000000e+02 4.920771269178355056e-01
1.460000000000000000e+02 4.833994008881902227e-01
1.465000000000000000e+02 4.722212873679863532e-01
1.470000000000000000e+02 4.585570341379080483e-01
1.475000000000000000e+02 4.432386354702393394e-01
1.480000000000000000e+02 4.267371942355877024e-01
1.485000000000000000e+02 4.104739875336229082e-01
1.490000000000000000e+02 3.968600283982832155e-01
1.495000000000000000e+02 3.832236998457454469e-01
1.500000000000000000e+02 3.693409805988228101e-01
1.505000000000000000e+02 3.551441559916261315e-01
1.510000000000000000e+02 3.408032576073534714e-01
1.515000000000000000e+02 3.266587325140475340e-01
1.520000000000000000e+02 3.131523671077321991e-01
1.525000000000000000e+02 3.015640037230257198e-01
1.530000000000000000e+02 2.912072549568595625e-01
1.535000000000000000e+02 2.812192196446521297e-01
1.540000000000000000e+02 2.708286581897128009e-01
1.545000000000000000e+02 2.592536646291559999e-01
1.550000000000000000e+02 2.477641530670259551e-01
1.555000000000000000e+02 2.356318022055189920e-01
1.560000000000000000e+02 2.224398705909179097e-01
1.565000000000000000e+02 2.093304426053637091e-01
1.570000000000000000e+02 1.963797503437041958e-01
1.575000000000000000e+02 1.834254678905324898e-01
1.580000000000000000e+02 1.698787993888176973e-01
1.585000000000000000e+02 1.559103459575684192e-01
1.590000000000000000e+02 1.418862618105557472e-01
1.595000000000000000e+02 1.275477050529167655e-01
1.600000000000000000e+02 1.135456787658349481e-01
1.605000000000000000e+02 9.989169192263883112e-02
1.610000000000000000e+02 8.711945199435484899e-02
1.615000000000000000e+02 7.580647370096295357e-02
1.620000000000000000e+02 6.613706536180713469e-02
1.625000000000000000e+02 5.758362974468886342e-02
1.630000000000000000e+02 5.028666794907264703e-02
1.635000000000000000e+02 4.424864519646237032e-02
1.640000000000000000e+02 3.894230033394826401e-02
1.645000000000000000e+02 3.468110371361351335e-02
1.650000000000000000e+02 3.115366729352052680e-02
1.655000000000000000e+02 2.813580313205849004e-02
1.660000000000000000e+02 2.569267432525519645e-02
1.665000000000000000e+02 2.337457411214077796e-02
1.670000000000000000e+02 2.126128063500114934e-02
1.675000000000000000e+02 1.947846218068026783e-02
1.680000000000000000e+02 1.823297385644609067e-02
1.685000000000000000e+02 1.732876645256251069e-02
1.690000000000000000e+02 1.622408678483469244e-02
1.695000000000000000e+02 1.549018752349926031e-02
1.700000000000000000e+02 1.490144369946719803e-02
1.705000000000000000e+02 1.412175056221554037e-02
1.710000000000000000e+02 1.377734968637325981e-02
1.715000000000000000e+02 1.296698593789340735e-02
1.720000000000000000e+02 1.232786681709437809e-02
1.725000000000000000e+02 1.179945300847488887e-02
1.730000000000000000e+02 1.120121866263638043e-02
1.735000000000000000e+02 1.084954548259987710e-02
1.740000000000000000e+02 1.034361387558294619e-02
1.745000000000000000e+02 9.929667074171939084e-03
1.750000000000000000e+02 9.777862048066422382e-03
1.755000000000000000e+02 9.097692032987976171e-03
1.760000000000000000e+02 9.040245019787481254e-03
1.765000000000000000e+02 8.902045140226709508e-03
1.770000000000000000e+02 8.539586122413707694e-03
1.775000000000000000e+02 8.411638478574214040e-03
1.780000000000000000e+02 9.100869433883572446e-03
1.785000000000000000e+02 8.560483434427744454e-03
1.790000000000000000e+02 8.443936724039577402e-03
1.795000000000000000e+02 8.200348804120795657e-03
1.800000000000000000e+02 8.433420242523513924e-03
1.805000000000000000e+02 8.422834648373471803e-03
1.810000000000000000e+02 8.189387412213922079e-03
1.815000000000000000e+02 7.965620193391214146e-03
1.820000000000000000e+02 7.682050983411062815e-03
1.825000000000000000e+02 7.753841238562091988e-03
1.830000000000000000e+02 7.943438115662993654e-03
1.835000000000000000e+02 7.962098710758572576e-03
1.840000000000000000e+02 7.730807439023865135e-03
1.845000000000000000e+02 7.548973679540731466e-03
1.850000000000000000e+02 7.909420527446133983e-03
1.855000000000000000e+02 7.619093150082062622e-03
1.860000000000000000e+02 7.732006059958391152e-03
1.865000000000000000e+02 7.823704382208172131e-03
1.870000000000000000e+02 7.746942274114636089e-03
1.875000000000000000e+02 7.664931668879710995e-03
1.880000000000000000e+02 7.474800445753373643e-03
1.885000000000000000e+02 7.473344252012517445e-03
1.890000000000000000e+02 7.808193472955106233e-03
1.895000000000000000e+02 7.447239624196667906e-03
1.900000000000000000e+02 7.667782664937093824e-03
1.905000000000000000e+02 7.325513312840978460e-03
1.910000000000000000e+02 7.412523119593446112e-03
1.915000000000000000e+02 7.241548873426295260e-03
1.920000000000000000e+02 7.347616745721932512e-03
1.925000000000000000e+02 7.012277257810719741e-03
1.930000000000000000e+02 7.246324713649353322e-03
1.935000000000000000e+02 6.910333251873899615e-03
1.940000000000000000e+02 7.126139866834409024e-03
1.945000000000000000e+02 6.935662409762717237e-03
1.950000000000000000e+02 6.655132344412583757e-03
1.955000000000000000e+02 6.356825277618514958e-03
1.960000000000000000e+02 6.083355188820745857e-03
1.965000000000000000e+02 5.833107495718084338e-03
1.970000000000000000e+02 5.858470838424115895e-03
1.975000000000000000e+02 5.553986589519247126e-03
1.980000000000000000e+02 5.491479440410963406e-03
1.985000000000000000e+02 4.427581675828322870e-03
1.990000000000000000e+02 3.908965563954573501e-03
1.995000000000000000e+02 3.564287310593632161e-03
2.000000000000000000e+02 2.813083368538691394e-03
2.005000000000000000e+02 2.310602103531988680e-03
2.010000000000000000e+02 1.825513610718274308e-03
2.015000000000000000e+02 1.694977204533264746e-03
2.020000000000000000e+02 1.398955619903805491e-03
2.025000000000000000e+02 1.041932581553102087e-03
2.030000000000000000e+02 5.382404362013012587e-04
2.035000000000000000e+02 -1.657032435278383054e-05
2.040000000000000000e+02 -2.899711382747947506e-04
2.045000000000000000e+02 -5.261890376323470403e-04
2.050000000000000000e+02 -9.263291963180226435e-04
2.055000000000000000e+02 -7.351006345316104477e-04
2.060000000000000000e+02 -9.003348833958477139e-04
2.065000000000000000e+02 -9.047201155532389859e-04
2.070000000000000000e+02 -9.160912827503366615e-04
2.075000000000000000e+02 -1.124854193332673440e-03
2.080000000000000000e+02 -3.770841239749031211e-04
2.085000000000000000e+02 -7.218241969930720616e-04
2.090000000000000000e+02 -4.907080448458320905e-04
2.095000000000000000e+02 -9.571212072580465675e-04
2.100000000000000000e+02 -8.037975402851331224e-04
2.105000000000000000e+02 -9.166431857044768329e-04
2.110000000000000000e+02 -8.975261215907237621e-04
2.115000000000000000e+02 -8.631875872897025069e-04
2.120000000000000000e+02 -8.409093514169888603e-04
2.125000000000000000e+02 -1.036880712528917819e-03
2.130000000000000000e+02 -1.276763817821284855e-03
2.135000000000000000e+02 -1.369216051406864582e-03
2.140000000000000000e+02 -1.427191445535336018e-03
2.145000000000000000e+02 -1.504316116151179069e-03
2.150000000000000000e+02 -1.381601464176173072e-03
2.155000000000000000e+02 -1.500250679888912161e-03
2.160000000000000000e+02 -1.511666055446395573e-03
2.165000000000000000e+02 -1.326290414982540669e-03
2.170000000000000000e+02 -1.409587201485518280e-03
2.175000000000000000e+02 -1.761029586139317748e-03
2.180000000000000000e+02 -1.387382136135925387e-03
2.185000000000000000e+02 -1.297857130096975644e-03
2.190000000000000000e+02 -1.321678785089488604e-03
2.195000000000000000e+02 -1.430639411477507058e-03
2.200000000000000000e+02 -1.480542621115480068e-03
