1.100000000000000000e+02 -2.407615264538581420e-02
1.105000000000000000e+02 2.637533763690422597e-03
1.110000000000000000e+02 2.540653069197840175e-02
1.115000000000000000e+02 -2.347579516941990588e-02
1.120000000000000000e+02 1.381556183191632592e-01
1.125000000000000000e+02 6.249250270504132232e-02
1.130000000000000000e+02 1.031189811790408743e-02
1.135000000000000000e+02 -9.775994199827711673e-02
1.140000000000000000e+02 nan
1.145000000000000000e+02 1.246564303571858767e+00
1.150000000000000000e+02 1.062835334289479627e+00
1.155000000000000000e+02 1.045737393752131483e+00
1.160000000000000000e+02 1.010299340971899440e+00
1.165000000000000000e+02 9.972594495188510377e-01
1.170000000000000000e+02 9.965412493732545007e-01
1.175000000000000000e+02 9.771694903304719571e-01
1.180000000000000000e+02 9.782994592999206818e-01
1.185000000000000000e+02 9.675423512775329637e-01
1.190000000000000000e+02 9.532208987220385232e-01
1.195000000000000000e+02 9.462988644386041148e-01
1.200000000000000000e+02 9.302606873163904444e-01
1.205000000000000000e+02 9.175208766782531056e-01
1.210000000000000000e+02 9.022334707661444630e-01
1.215000000000000000e+02 8.886128772748612681e-01
1.220000000000000000e+02 8.686189391170715535e-01
1.225000000000000000e+02 8.501306274148021647e-01
1.230000000000000000e+02 8.321853995101414769e-01
1.235000000000000000e+02 8.118017643125564620e-01
1.240000000000000000e+02 7.920353471843730730e-01
1.245000000000000000e+02 7.719300062424345743e-01
1.250000000000000000e+02 7.535285549146942818e-01
1.255000000000000000e+02 7.341749317844393774e-01
1.260000000000000000e+02 7.158701132852366422e-01
1.265000000000000000e+02 6.985884777550228630e-01
1.270000000000000000e+02 6.820111966088625577e-01
1.275000000000000000e+02 6.674095460548008507e-01
1.280000000000000000e+02 6.541736959419640618e-01
1.285000000000000000e+02 6.409776296498056469e-01
1.290000000000000000e+02 6.310930732993399461e-01
1.295000000000000000e+02 6.216893254277535696e-01
1.300000000000000000e+02 6.138259135667013533e-01
1.305000000000000000e+02 6.088578973579303888e-01
1.310000000000000000e+02 6.042962583892600437e-01
1.315000000000000000e+02 6.017813975010879446e-01
1.320000000000000000e+02 6.018814977861490778e-01
1.325000000000000000e+02 6.040130343006792080e-01
1.330000000000000000e+02 6.086180331521714448e-01
1.335000000000000000e+02 6.157682136382247595e-01
1.340000000000000000e+02 6.248126378548747306e-01
1.345000000000000000e+02 6.363236601220492172e-01
1.350000000000000000e+02 6.506464178663353692e-01
1.355000000000000000e+02 6.677743084806500029e-01
1.360000000000000000e+02 6.873746064133046119e-01
1.365000000000000000e+02 7.102754592169667758e-01
1.370000000000000000e+02 7.353604195625760287e-01
1.375000000000000000e+02 7.629242269645515329e-01
1.380000000000000000e+02 7.916490997186064194e-01
1.381999999999999886e+02 8.022364016375017615e-01
1.384000000000000057e+02 8.135524300510506013e-01
1.385999999999999943e+02 8.250584884175192757e-01
1.388000000000000114e+02 8.354425971803072226e-01
1.390000000000000000e+02 8.462740893954403543e-01
1.391999999999999886e+02 8.570216218789598051e-01
1.394000000000000057e+02 8.667475143712883856e-01
1.395999999999999943e+02 8.768957673772880268e-01
1.398000000000000114e+02 8.855084215411201942e-01
1.400000000000000000e+02 8.950879102150127720e-01
1.401999999999999886e+02 9.029652689482045025e-01
1.404000000000000057e+02 9.105221717711201590e-01
1.405999999999999943e+02 9.170715104671040008e-01
1.408000000000000114e+02 9.234092374569105033e-01
1.410000000000000000e+02 9.293523250330594232e-01
1.411999999999999886e+02 9.340859111337634912e-01
1.414000000000000057e+02 9.391298375697315626e-01
1.415999999999999943e+02 9.437814701220939018e-01
1.418000000000000114e+02 9.478173344470237627e-01
1.420000000000000000e+02 9.511050331588675188e-01
1.421999999999999886e+02 9.543160255746374609e-01
1.424000000000000057e+02 9.570376043063208993e-01
1.425999999999999943e+02 9.601725274796172327e-01
1.428000000000000114e+02 9.614293635770212454e-01
1.430000000000000000e+02 9.630536183109751347e-01
1.431999999999999886e+02 9.632114593080065568e-01
1.434000000000000057e+02 9.630060263910971141e-01
1.435999999999999943e+02 9.626194926492954718e-01
1.438000000000000114e+02 9.613898095739393801e-01
1.440000000000000000e+02 9.592383099008806591e-01
1.441999999999999886e+02 9.563204341433263478e-01
1.444000000000000057e+02 9.520250687730000827e-01
1.445999999999999943e+02 9.472248478568572327e-01
1.448000000000000114e+02 9.427493925969172572e-01
1.450000000000000000e+02 9.365902030951348545e-01
1.451999999999999886e+02 9.310099989496324335e-01
1.454000000000000057e+02 9.242155922791256417e-01
1.455999999999999943e+02 9.167051900336916637e-01
1.458000000000000114e+02 9.094636792895903765e-01
1.460000000000000000e+02 9.002756913072754719e-01
1.461999999999999886e+02 8.914688609921789242e-01
1.464000000000000057e+02 8.825194581892474854e-01
1.465999999999999943e+02 8.721065363205861010e-01
1.468000000000000114e+02 8.610543866644539968e-01
1.470000000000000000e+02 8.505201431871043383e-01
1.471999999999999886e+02 8.384181576012992299e-01
1.474000000000000057e+02 8.266872330600232299e-01
1.475999999999999943e+02 8.141242105808670360e-01
1.478000000000000114e+02 8.019296957672719106e-01
1.480000000000000000e+02 7.884504894394747110e-01
1.481999999999999886e+02 7.765992748932928347e-01
1.484000000000000057e+02 7.651342082795171695e-01
1.485999999999999943e+02 7.537940038151448308e-01
1.488000000000000114e+02 7.429888465283971399e-01
1.490000000000000000e+02 7.319074878468031509e-01
1.491999999999999886e+02 7.212610696165508983e-01
1.494000000000000057e+02 7.106209033398229735e-01
1.495999999999999943e+02 6.999315065487287102e-01
1.498000000000000114e+02 6.893101150105558350e-01
1.500000000000000000e+02 6.785961742993854573e-01
1.505000000000000000e+02 6.522786161996176890e-01
1.510000000000000000e+02 6.263203273055160114e-01
1.515000000000000000e+02 6.001290696406411662e-01
1.520000000000000000e+02 5.757812249317418862e-01
1.525000000000000000e+02 5.529666631600858029e-01
1.530000000000000000e+02 5.314676353740692694e-01
1.535000000000000000e+02 5.098145373198008645e-01
1.540000000000000000e+02 4.868751425177742509e-01
1.545000000000000000e+02 4.631535205631301944e-01
1.550000000000000000e+02 4.383867762483341091e-01
1.555000000000000000e+02 4.126032062381809196e-01
1.560000000000000000e+02 3.848032034875113472e-01
1.565000000000000000e+02 3.561723031582798571e-01
1.570000000000000000e+02 3.276975057963941174e-01
1.575000000000000000e+02 2.982720747182074916e-01
1.580000000000000000e+02 2.688490581793091527e-01
1.585000000000000000e+02 2.398060376112788883e-01
1.590000000000000000e+02 2.107181082424253449e-01
1.595000000000000000e+02 1.824686714304762369e-01
1.600000000000000000e+02 1.559135960750187289e-01
1.605000000000000000e+02 1.307523421967968225e-01
1.610000000000000000e+02 1.087368806243324826e-01
1.615000000000000000e+02 8.975489522857842128e-02
1.620000000000000000e+02 7.296238575940124094e-02
1.625000000000000000e+02 5.908648007760829157e-02
1.630000000000000000e+02 4.758670503164036392e-02
1.635000000000000000e+02 3.905372655507827889e-02
1.640000000000000000e+02 3.142739892846661137e-02
1.645000000000000000e+02 2.581273556878935921e-02
1.650000000000000000e+02 2.123270047341631675e-02
1.655000000000000000e+02 1.751338003837078425e-02
1.660000000000000000e+02 1.464367706945491135e-02
1.665000000000000000e+02 1.250420052219534083e-02
1.670000000000000000e+02 1.066283345781301670e-02
1.675000000000000000e+02 9.306493381404318602e-03
1.680000000000000000e+02 8.169046574692419641e-03
1.685000000000000000e+02 6.845431400579541671e-03
1.690000000000000000e+02 6.112229645633493989e-03
1.695000000000000000e+02 5.638221670917117553e-03
1.700000000000000000e+02 5.165783125449349006e-03
1.705000000000000000e+02 4.680270697920823827e-03
1.710000000000000000e+02 4.666177546929444094e-03
1.715000000000000000e+02 4.559543332754823798e-03
1.720000000000000000e+02 4.289609952658958447e-03
1.725000000000000000e+02 4.030499008259228258e-03
1.730000000000000000e+02 3.896034764279301781e-03
1.735000000000000000e+02 3.735886666505493919e-03
1.740000000000000000e+02 3.631627105553762030e-03
1.745000000000000000e+02 3.510896752362717161e-03
1.750000000000000000e+02 3.724425048216152383e-03
1.755000000000000000e+02 3.635895090311430308e-03
1.760000000000000000e+02 3.858575394587514945e-03
1.765000000000000000e+02 3.698044603646635439e-03
1.770000000000000000e+02 4.742682568249165405e-03
1.775000000000000000e+02 4.915585563661180324e-03
1.780000000000000000e+02 4.921354588931356987e-03
1.785000000000000000e+02 5.467293483746378698e-03
1.790000000000000000e+02 5.742480789216855390e-03
1.795000000000000000e+02 5.766754010872563070e-03
1.800000000000000000e+02 6.221912131075193683e-03
1.805000000000000000e+02 6.492769161195867215e-03
1.810000000000000000e+02 6.704632292097004870e-03
1.815000000000000000e+02 6.971657671098648035e-03
1.820000000000000000e+02 7.560700331204396434e-03
1.825000000000000000e+02 7.837166273328154825e-03
1.830000000000000000e+02 7.729466499829830244e-03
1.835000000000000000e+02 8.410783924254478308e-03
1.840000000000000000e+02 8.615156393469835389e-03
1.845000000000000000e+02 8.849192312982786038e-03
1.850000000000000000e+02 9.610576443465678256e-03
1.855000000000000000e+02 9.762191487002034110e-03
1.860000000000000000e+02 1.005883676816031642e-02
1.865000000000000000e+02 1.042776882367883393e-02
1.870000000000000000e+02 1.059184047913298149e-02
1.875000000000000000e+02 1.045105122342670882e-02
1.880000000000000000e+02 1.083059077708451758e-02
1.885000000000000000e+02 1.150862601762236807e-02
1.890000000000000000e+02 1.265417340458388669e-02
1.895000000000000000e+02 1.256551582428322607e-02
1.900000000000000000e+02 1.287395596042077012e-02
1.905000000000000000e+02 1.245877958123977995e-02
1.910000000000000000e+02 1.230307433363734583e-02
1.915000000000000000e+02 1.245350259692522450e-02
1.920000000000000000e+02 1.215944134996828352e-02
1.925000000000000000e+02 1.240482233891848120e-02
1.930000000000000000e+02 1.187685272827266637e-02
1.935000000000000000e+02 1.149207523344969450e-02
1.940000000000000000e+02 1.086198476638743950e-02
1.945000000000000000e+02 1.003735378915815435e-02
1.950000000000000000e+02 8.942251895067044806e-03
1.955000000000000000e+02 7.985315833539051791e-03
1.960000000000000000e+02 7.473607385357435365e-03
1.965000000000000000e+02 6.450958071349276006e-03
1.970000000000000000e+02 5.502308363226697009e-03
1.975000000000000000e+02 4.695035526833212652e-03
1.980000000000000000e+02 4.220535230288454190e-03
1.985000000000000000e+02 3.104394036857606280e-03
1.990000000000000000e+02 3.056205214360065061e-03
1.995000000000000000e+02 2.486844358059388336e-03
2.000000000000000000e+02 2.100128505362973408e-03
2.005000000000000000e+02 2.025467268872033558e-03
2.010000000000000000e+02 1.405984748456516912e-03
2.015000000000000000e+02 1.116286865163612597e-03
2.020000000000000000e+02 1.093152513694894577e-03
2.025000000000000000e+02 1.213557032522992636e-03
2.030000000000000000e+02 1.477253013979712773e-03
2.035000000000000000e+02 1.634080740011217879e-03
2.040000000000000000e+02 1.294808151264746545e-03
2.045000000000000000e+02 1.327670438775156161e-03
2.050000000000000000e+02 1.250984883213967147e-03
2.055000000000000000e+02 1.392802660384393062e-03
2.060000000000000000e+02 1.476756591175806951e-03
2.065000000000000000e+02 1.303770029412102413e-03
2.070000000000000000e+02 1.452804034153095314e-03
2.075000000000000000e+02 1.290981581515283916e-03
2.080000000000000000e+02 1.297968153790344213e-03
2.085000000000000000e+02 1.403495668868957012e-03
2.090000000000000000e+02 1.702813369988865136e-03
2.095000000000000000e+02 1.807671502438695310e-03
2.100000000000000000e+02 2.066319802680285141e-03
2.105000000000000000e+02 1.994875957838211211e-03
2.110000000000000000e+02 2.029839508837479392e-03
2.115000000000000000e+02 1.785221231862036111e-03
2.120000000000000000e+02 1.881911834327815820e-03
2.125000000000000000e+02 1.945300389233318170e-03
2.130000000000000000e+02 9.472848963893357567e-04
2.135000000000000000e+02 1.401183748812100073e-03
2.140000000000000000e+02 1.346069213176303301e-03
2.145000000000000000e+02 1.170543767148262033e-03
2.150000000000000000e+02 8.484248228754758415e-04
2.155000000000000000e+02 1.110572323487248481e-03
2.160000000000000000e+02 8.514277981948161021e-04
2.165000000000000000e+02 9.962995424715672017e-04
2.170000000000000000e+02 1.108983753405519196e-03
2.175000000000000000e+02 1.304618407986259804e-03
2.180000000000000000e+02 1.100287792718064725e-03
2.185000000000000000e+02 7.970148891205602404e-04
2.190000000000000000e+02 5.049501900220772785e-04
2.195000000000000000e+02 9.429822066510067232e-04
2.200000000000000000e+02 1.216756706357334647e-03
