1.100000000000000000e+02 -4.584687566749365284e-02
1.105000000000000000e+02 -2.366388110439975392e-02
1.110000000000000000e+02 1.678493050489245075e-01
1.115000000000000000e+02 3.254111631321690568e-02
1.120000000000000000e+02 4.125438080594049164e-03
1.125000000000000000e+02 -7.209407004292424370e-02
1.130000000000000000e+02 2.965347204873688882e-03
1.135000000000000000e+02 1.063659804123849306e-01
1.140000000000000000e+02 nan
1.145000000000000000e+02 6.747114771028893676e-01
1.150000000000000000e+02 6.194132219918579985e-01
1.155000000000000000e+02 6.137771991081580891e-01
1.160000000000000000e+02 6.102346781909404605e-01
1.165000000000000000e+02 6.006692433595259839e-01
1.170000000000000000e+02 5.917138589708148544e-01
1.175000000000000000e+02 5.908592859296970534e-01
1.180000000000000000e+02 5.886095644737250332e-01
1.185000000000000000e+02 5.819701445386554761e-01
1.190000000000000000e+02 5.808630867352191363e-01
1.195000000000000000e+02 5.732794222415672492e-01
1.200000000000000000e+02 5.647018248184191291e-01
1.205000000000000000e+02 5.604228395747438141e-01
1.210000000000000000e+02 5.507951653277876058e-01
1.215000000000000000e+02 5.417821854742100873e-01
1.220000000000000000e+02 5.309579099679881953e-01
1.225000000000000000e+02 5.205393203722401552e-01
1.230000000000000000e+02 5.090497018723976197e-01
1.235000000000000000e+02 4.954622114068066296e-01
1.240000000000000000e+02 4.832060337636248648e-01
1.245000000000000000e+02 4.705049967569587266e-01
1.250000000000000000e+02 4.579649335115738573e-01
1.255000000000000000e+02 4.458094340463034655e-01
1.260000000000000000e+02 4.342834626855949232e-01
1.265000000000000000e+02 4.227925305036251413e-01
1.270000000000000000e+02 4.127385744735911910e-01
1.275000000000000000e+02 4.028589706091888489e-01
1.280000000000000000e+02 3.949905076715210517e-01
1.285000000000000000e+02 3.883156784216427182e-01
1.290000000000000000e+02 3.825088284337598843e-01
1.295000000000000000e+02 3.775776195687434722e-01
1.300000000000000000e+02 3.737017387806402247e-01
1.305000000000000000e+02 3.715524075432709572e-01
1.310000000000000000e+02 3.705842271125938669e-01
1.315000000000000000e+02 3.707959974678898263e-01
1.320000000000000000e+02 3.721878734159737578e-01
1.325000000000000000e+02 3.755623332844764128e-01
1.330000000000000000e+02 3.806248501120431116e-01
1.335000000000000000e+02 3.872772758317716280e-01
1.340000000000000000e+02 3.950429028854852143e-01
1.345000000000000000e+02 4.049760404624463961e-01
1.350000000000000000e+02 4.162464453875390213e-01
1.355000000000000000e+02 4.291289780791837094e-01
1.360000000000000000e+02 4.441812530083165123e-01
1.365000000000000000e+02 4.607468158863202712e-01
1.370000000000000000e+02 4.792053081884046217e-01
1.375000000000000000e+02 4.988176693197720057e-01
1.380000000000000000e+02 5.194699891446062923e-01
1.381999999999999886e+02 5.276057854510202150e-01
1.384000000000000057e+02 5.358399455614941687e-01
1.385999999999999943e+02 5.439082515568043341e-01
1.388000000000000114e+02 5.516563690187407110e-01
1.390000000000000000e+02 5.595964402814685990e-01
1.391999999999999886e+02 5.668297606871179894e-01
1.394000000000000057e+02 5.738659407861933515e-01
1.395999999999999943e+02 5.808299733761917993e-01
1.398000000000000114e+02 5.873523256474535437e-01
1.400000000000000000e+02 5.930450810116592031e-01
1.401999999999999886e+02 5.985697835495445984e-01
1.404000000000000057e+02 6.039747157355338514e-01
1.405999999999999943e+02 6.080665392593485041e-01
1.408000000000000114e+02 6.124575809258229198e-01
1.410000000000000000e+02 6.163154279199167807e-01
1.411999999999999886e+02 6.192504779779880453e-01
1.414000000000000057e+02 6.222819115957389791e-01
1.415999999999999943e+02 6.247883405241431154e-01
1.418000000000000114e+02 6.268436566959781908e-01
1.420000000000000000e+02 6.291049114558856514e-01
1.421999999999999886e+02 6.309648185850208479e-01
1.424000000000000057e+02 6.324295994357478357e-01
1.425999999999999943e+02 6.335751045204969234e-01
1.428000000000000114e+02 6.348312980011443507e-01
1.430000000000000000e+02 6.351116160241979669e-01
1.431999999999999886e+02 6.351829830146924483e-01
1.434000000000000057e+02 6.344365237995696072e-01
1.435999999999999943e+02 6.337503914305482322e-01
1.438000000000000114e+02 6.324118586049292112e-01
1.440000000000000000e+02 6.305145611007617612e-01
1.441999999999999886e+02 6.281541743090481855e-01
1.444000000000000057e+02 6.251281237736939778e-01
1.445999999999999943e+02 6.217271938257361574e-01
1.448000000000000114e+02 6.175917702129144482e-01
1.450000000000000000e+02 6.135936169069007295e-01
1.451999999999999886e+02 6.089850134256385994e-01
1.454000000000000057e+02 6.032719860776162291e-01
1.455999999999999943e+02 5.978209143598505193e-01
1.458000000000000114e+02 5.921025884075979961e-01
1.460000000000000000e+02 5.862905221358425401e-01
1.461999999999999886e+02 5.795763604489654330e-01
1.464000000000000057e+02 5.725903328632179212e-01
1.465999999999999943e+02 5.650509901933657986e-01
1.468000000000000114e+02 5.570390493714405533e-01
1.470000000000000000e+02 5.491093199267810254e-01
1.471999999999999886e+02 5.404459629957315547e-01
1.474000000000000057e+02 5.318005937445541287e-01
1.475999999999999943e+02 5.228117919524758461e-01
1.478000000000000114e+02 5.140525971084027868e-01
1.480000000000000000e+02 5.050523011585249522e-01
1.481999999999999886e+02 4.967353338091797244e-01
1.484000000000000057e+02 4.883888884105848094e-01
1.485999999999999943e+02 4.804756925168282566e-01
1.488000000000000114e+02 4.721703970884633117e-01
1.490000000000000000e+02 4.651299068462555475e-01
1.491999999999999886e+02 4.573802126510658761e-01
1.494000000000000057e+02 4.498400724068075673e-01
1.495999999999999943e+02 4.428004145551543980e-01
1.498000000000000114e+02 4.349528205425027827e-01
1.500000000000000000e+02 4.275693010584883380e-01
1.505000000000000000e+02 4.097158047506895273e-01
1.510000000000000000e+02 3.921110026224206013e-01
1.515000000000000000e+02 3.752674752079737663e-01
1.520000000000000000e+02 3.592586677802689921e-01
1.525000000000000000e+02 3.444841086980297007e-01
1.530000000000000000e+02 3.303849390951483223e-01
1.535000000000000000e+02 3.167060216455943600e-01
1.540000000000000000e+02 3.027094679635105590e-01
1.545000000000000000e+02 2.874593227477174606e-01
1.550000000000000000e+02 2.720583432229443654e-01
1.555000000000000000e+02 2.557484616188546167e-01
1.560000000000000000e+02 2.387701331869865884e-01
1.565000000000000000e+02 2.209299673061518310e-01
1.570000000000000000e+02 2.038271970371698383e-01
1.575000000000000000e+02 1.858517281612236394e-01
1.580000000000000000e+02 1.678166549282399389e-01
1.585000000000000000e+02 1.495828218017756228e-01
1.590000000000000000e+02 1.315219281833308329e-01
1.595000000000000000e+02 1.139695636853904626e-01
1.600000000000000000e+02 9.733629847475974706e-02
1.605000000000000000e+02 8.147551386434527532e-02
1.610000000000000000e+02 6.807515083959631008e-02
1.615000000000000000e+02 5.566152617163851180e-02
1.620000000000000000e+02 4.527920472479970981e-02
1.625000000000000000e+02 3.673184345921915589e-02
1.630000000000000000e+02 2.962487156582815570e-02
1.635000000000000000e+02 2.436448564499418129e-02
1.640000000000000000e+02 1.999303710911426099e-02
1.645000000000000000e+02 1.625261780648437279e-02
1.650000000000000000e+02 1.376678253371657092e-02
1.655000000000000000e+02 1.150925199327767698e-02
1.660000000000000000e+02 9.929167592386167057e-03
1.665000000000000000e+02 8.505326727784480803e-03
1.670000000000000000e+02 7.529586627863986067e-03
1.675000000000000000e+02 6.706748233675151501e-03
1.680000000000000000e+02 5.944185927943072476e-03
1.685000000000000000e+02 5.406764572979364143e-03
1.690000000000000000e+02 4.891670056286758113e-03
1.695000000000000000e+02 4.397332742893060760e-03
1.700000000000000000e+02 3.998538871870565593e-03
1.705000000000000000e+02 3.570139285365702374e-03
1.710000000000000000e+02 3.208585297158561989e-03
1.715000000000000000e+02 3.082982823775355392e-03
1.720000000000000000e+02 2.936475865733324028e-03
1.725000000000000000e+02 2.568740219300059795e-03
1.730000000000000000e+02 2.481230002264034513e-03
1.735000000000000000e+02 2.545209122834173054e-03
1.740000000000000000e+02 2.456995317907336752e-03
1.745000000000000000e+02 2.177141446792078654e-03
1.750000000000000000e+02 2.306290050304026038e-03
1.755000000000000000e+02 2.256189679694039791e-03
1.760000000000000000e+02 2.723565360968575183e-03
1.765000000000000000e+02 2.638295505438539683e-03
1.770000000000000000e+02 2.529246481658908689e-03
1.775000000000000000e+02 2.270765150011868488e-03
1.780000000000000000e+02 2.783004262769737339e-03
1.785000000000000000e+02 2.557564682851962926e-03
1.790000000000000000e+02 2.775341664581583521e-03
1.795000000000000000e+02 3.101170796196006576e-03
1.800000000000000000e+02 3.211348408568716339e-03
1.805000000000000000e+02 3.160547288967102079e-03
1.810000000000000000e+02 3.149158745657292414e-03
1.815000000000000000e+02 3.259716538900316474e-03
1.820000000000000000e+02 3.333429535855424002e-03
1.825000000000000000e+02 3.644410377760158061e-03
1.830000000000000000e+02 4.022627531898738569e-03
1.835000000000000000e+02 3.795693555223040878e-03
1.840000000000000000e+02 3.990525255153527621e-03
1.845000000000000000e+02 4.301068410801004230e-03
1.850000000000000000e+02 4.181340507941275382e-03
1.855000000000000000e+02 4.545723792441562668e-03
1.860000000000000000e+02 4.375250844011596522e-03
1.865000000000000000e+02 4.680711494906407248e-03
1.870000000000000000e+02 4.723334092825526818e-03
1.875000000000000000e+02 4.899985562135816992e-03
1.880000000000000000e+02 4.846410677207849474e-03
1.885000000000000000e+02 5.431614295954807943e-03
1.890000000000000000e+02 5.459795521212893084e-03
1.895000000000000000e+02 5.377431412346864344e-03
1.900000000000000000e+02 5.372416865239412753e-03
1.905000000000000000e+02 5.643469833593290665e-03
1.910000000000000000e+02 5.578528489208597375e-03
1.915000000000000000e+02 5.584545910757301827e-03
1.920000000000000000e+02 5.723596910845194473e-03
1.925000000000000000e+02 5.401897299136185562e-03
1.930000000000000000e+02 5.564320277370244164e-03
1.935000000000000000e+02 5.324764023780048303e-03
1.940000000000000000e+02 5.353108605712248239e-03
1.945000000000000000e+02 5.089359292683112018e-03
1.950000000000000000e+02 5.042029875004176709e-03
1.955000000000000000e+02 4.564269457234084934e-03
1.960000000000000000e+02 4.763460750114862328e-03
1.965000000000000000e+02 4.445088230227055986e-03
1.970000000000000000e+02 3.980188227938274113e-03
1.975000000000000000e+02 3.545845956767605407e-03
1.980000000000000000e+02 3.332956258889119110e-03
1.985000000000000000e+02 2.798648133005439496e-03
1.990000000000000000e+02 2.425973239613617247e-03
1.995000000000000000e+02 2.111483581986999328e-03
2.000000000000000000e+02 1.730038195604357946e-03
2.005000000000000000e+02 1.220224861720079412e-03
2.010000000000000000e+02 1.212399031939430556e-03
2.015000000000000000e+02 9.896488325682117285e-04
2.020000000000000000e+02 8.114971814003144740e-04
2.025000000000000000e+02 8.267578770534495186e-04
2.030000000000000000e+02 1.005501404494823278e-03
2.035000000000000000e+02 9.310575656398665427e-04
2.040000000000000000e+02 5.677748031466875586e-04
2.045000000000000000e+02 9.177314668251516407e-04
2.050000000000000000e+02 5.081193752098347918e-04
2.055000000000000000e+02 4.082179116842690920e-04
2.060000000000000000e+02 5.811780886390952071e-04
2.065000000000000000e+02 9.452743891889077345e-04
2.070000000000000000e+02 5.850188677630934527e-04
2.075000000000000000e+02 7.220636325310091259e-04
2.080000000000000000e+02 7.850670823238428079e-04
2.085000000000000000e+02 5.264638398669136635e-04
2.090000000000000000e+02 8.351811945800109022e-04
2.095000000000000000e+02 8.564708261523854525e-04
2.100000000000000000e+02 8.541521703767362148e-04
2.105000000000000000e+02 6.578439361156439551e-04
2.110000000000000000e+02 8.354320861073393509e-04
2.115000000000000000e+02 7.086816680301787682e-04
2.120000000000000000e+02 6.691265091581082838e-04
2.125000000000000000e+02 9.003370986311649447e-04
2.130000000000000000e+02 2.725482448575871209e-04
2.135000000000000000e+02 6.864865482388817419e-04
2.140000000000000000e+02 4.715929248099924825e-04
2.145000000000000000e+02 5.658872733460101586e-04
2.150000000000000000e+02 6.113709930446512529e-04
2.155000000000000000e+02 7.864954794877263358e-04
2.160000000000000000e+02 9.345585641577985403e-04
2.165000000000000000e+02 6.479402561105949239e-04
2.170000000000000000e+02 6.468374449420384413e-04
2.175000000000000000e+02 8.835089651173226198e-04
2.180000000000000000e+02 9.721202759434465152e-04
2.185000000000000000e+02 1.107585100484932130e-03
2.190000000000000000e+02 1.027759663111147206e-03
2.195000000000000000e+02 1.258845101656695404e-03
2.200000000000000000e+02 1.423891192332701894e-03
