1.100000000000000000e+02 4.742573846461831111e-02
1.105000000000000000e+02 1.624448432371065898e-02
1.110000000000000000e+02 1.309012134882742151e-02
1.115000000000000000e+02 5.220845755929139076e-02
1.120000000000000000e+02 1.293391715771837966e-02
1.125000000000000000e+02 -1.692577829681936666e-02
1.130000000000000000e+02 -5.515853378019470316e-02
1.135000000000000000e+02 -5.092384289369403239e-02
1.140000000000000000e+02 6.366706416189228668e-02
1.145000000000000000e+02 3.657544667189736864e-02
1.150000000000000000e+02 3.621921872698577460e-02
1.155000000000000000e+02 3.424371447568864274e-02
1.160000000000000000e+02 3.207262156579782780e-02
1.165000000000000000e+02 3.411537117073738801e-02
1.170000000000000000e+02 3.278322283022754718e-02
1.175000000000000000e+02 3.290936659610545906e-02
1.180000000000000000e+02 3.294709045548982473e-02
1.185000000000000000e+02 3.279102576097799732e-02
1.190000000000000000e+02 3.323333388988498893e-02
1.195000000000000000e+02 3.393207432829003362e-02
1.200000000000000000e+02 3.270734621838200518e-02
1.205000000000000000e+02 3.229931002383418931e-02
1.210000000000000000e+02 3.231206924167417949e-02
1.215000000000000000e+02 3.198045527385555420e-02
1.220000000000000000e+02 3.073821221231146095e-02
1.225000000000000000e+02 2.915500911419418792e-02
1.230000000000000000e+02 2.898534226543345027e-02
1.235000000000000000e+02 2.797416840955057118e-02
1.240000000000000000e+02 2.683443883538139466e-02
1.245000000000000000e+02 2.676289651801636027e-02
1.250000000000000000e+02 2.590406390731406217e-02
1.255000000000000000e+02 2.493375488657013223e-02
1.260000000000000000e+02 2.358534475640494329e-02
1.265000000000000000e+02 2.306443507720784894e-02
1.270000000000000000e+02 2.242598700786840871e-02
1.275000000000000000e+02 2.257696189809368231e-02
1.280000000000000000e+02 2.138674063642835924e-02
1.285000000000000000e+02 2.133443214504745014e-02
1.290000000000000000e+02 2.103485031756112747e-02
1.295000000000000000e+02 2.123001382447374519e-02
1.300000000000000000e+02 2.113809088626658964e-02
1.305000000000000000e+02 2.138883953658535231e-02
1.310000000000000000e+02 2.174128126271861541e-02
1.315000000000000000e+02 2.237552727972575220e-02
1.320000000000000000e+02 2.281472738953170196e-02
1.325000000000000000e+02 2.329327116819948640e-02
1.330000000000000000e+02 2.412161014307840495e-02
1.335000000000000000e+02 2.525295859081879216e-02
1.340000000000000000e+02 2.627939722190233973e-02
1.345000000000000000e+02 2.768168056976533925e-02
1.350000000000000000e+02 2.908134707331018129e-02
1.355000000000000000e+02 3.062334858672155144e-02
1.360000000000000000e+02 3.256784123802213687e-02
1.365000000000000000e+02 3.448791415955328177e-02
1.370000000000000000e+02 3.597369733404841979e-02
1.375000000000000000e+02 3.841919830903686717e-02
1.380000000000000000e+02 4.019185296266666874e-02
1.385000000000000000e+02 4.253263877300392237e-02
1.390000000000000000e+02 4.428462031351082517e-02
1.395000000000000000e+02 4.630183591589689257e-02
1.400000000000000000e+02 4.776193322269023378e-02
1.405000000000000000e+02 4.897363024214790306e-02
1.410000000000000000e+02 5.003393798506553664e-02
1.415000000000000000e+02 5.008632348893717057e-02
1.420000000000000000e+02 5.076805333340558141e-02
1.425000000000000000e+02 5.071710122342296123e-02
1.430000000000000000e+02 5.053508725921856265e-02
1.435000000000000000e+02 5.052498915461170470e-02
1.440000000000000000e+02 4.973191167529343593e-02
1.445000000000000000e+02 4.926094021828669733e-02
1.450000000000000000e+02 4.809362023427574129e-02
1.455000000000000000e+02 4.673742466178040095e-02
1.460000000000000000e+02 4.525615904502647974e-02
1.465000000000000000e+02 4.372762420398703526e-02
1.470000000000000000e+02 4.208665676699571007e-02
1.475000000000000000e+02 3.990450298270680624e-02
1.480000000000000000e+02 3.799293558044927743e-02
1.485000000000000000e+02 3.619066213172605212e-02
1.490000000000000000e+02 3.429435954452551838e-02
1.495000000000000000e+02 3.271726323099297812e-02
1.500000000000000000e+02 3.170172033475741891e-02
1.505000000000000000e+02 3.012323169532197739e-02
1.510000000000000000e+02 2.864371758395544559e-02
1.515000000000000000e+02 2.691204697099518900e-02
1.520000000000000000e+02 2.592670346289327465e-02
1.525000000000000000e+02 2.452654354643570705e-02
1.530000000000000000e+02 2.356190252740137867e-02
1.535000000000000000e+02 2.224628194552350641e-02
1.540000000000000000e+02 2.130238683064451452e-02
1.545000000000000000e+02 2.005212475507056960e-02
1.550000000000000000e+02 1.878173434839604250e-02
1.555000000000000000e+02 1.744241833944538966e-02
1.560000000000000000e+02 1.632226813041488811e-02
1.565000000000000000e+02 1.455359272213448824e-02
1.570000000000000000e+02 1.364722842018203756e-02
1.575000000000000000e+02 1.187123399704558858e-02
1.580000000000000000e+02 1.027569237695719409e-02
1.585000000000000000e+02 9.110902277366897395e-03
1.590000000000000000e+02 8.146341388508344938e-03
1.595000000000000000e+02 6.752031489387093702e-03
1.600000000000000000e+02 5.332123514609988547e-03
1.605000000000000000e+02 4.102813086546147278e-03
1.610000000000000000e+02 3.198586619557584713e-03
1.615000000000000000e+02 2.343422939244246134e-03
1.620000000000000000e+02 1.437762656531353569e-03
1.625000000000000000e+02 4.185353157167461392e-04
1.630000000000000000e+02 -8.872471543954240693e-05
1.635000000000000000e+02 -7.256026531280979335e-04
1.640000000000000000e+02 -4.556500442884870382e-04
1.645000000000000000e+02 -8.171686439159373417e-04
1.650000000000000000e+02 -1.250414191815861411e-03
1.655000000000000000e+02 -1.258921387655506522e-03
1.660000000000000000e+02 -1.520663875010503730e-03
1.665000000000000000e+02 -1.577396220602747231e-03
1.670000000000000000e+02 -1.570146244117434078e-03
1.675000000000000000e+02 -1.491143923141138514e-03
1.680000000000000000e+02 -1.292560526569367860e-03
1.685000000000000000e+02 -1.244758471187762524e-03
1.690000000000000000e+02 -1.102215735122286534e-03
1.695000000000000000e+02 -1.331232683060285318e-03
1.700000000000000000e+02 -1.341609872921449001e-03
1.705000000000000000e+02 -1.148914649276169949e-03
1.710000000000000000e+02 -5.848836381212262330e-04
1.715000000000000000e+02 -7.974681561899748692e-04
1.720000000000000000e+02 -9.989070289044322832e-04
1.725000000000000000e+02 -4.847907657451715072e-04
1.730000000000000000e+02 -6.776310262605011970e-04
1.735000000000000000e+02 -4.783163812446741825e-04
1.740000000000000000e+02 -4.908286769826134249e-04
1.745000000000000000e+02 -6.715533790876850430e-04
1.750000000000000000e+02 -1.173621000137850144e-03
1.755000000000000000e+02 -1.634369571595611871e-03
1.760000000000000000e+02 -1.033566725799596941e-03
1.765000000000000000e+02 -1.074070262215930712e-03
1.770000000000000000e+02 -1.199487693100670122e-03
1.775000000000000000e+02 -1.084879350910648811e-03
1.780000000000000000e+02 -9.946006218757678929e-04
1.785000000000000000e+02 -8.573973972574723372e-04
1.790000000000000000e+02 -5.490298724014736845e-04
1.795000000000000000e+02 -3.890515792238765573e-04
1.800000000000000000e+02 -4.903416563487911130e-04
1.805000000000000000e+02 -4.949026034270845987e-05
1.810000000000000000e+02 -5.293562484812560026e-04
1.815000000000000000e+02 2.296143186761138728e-05
1.820000000000000000e+02 7.513151854288270092e-05
1.825000000000000000e+02 1.591112555625743598e-04
1.830000000000000000e+02 3.030888033971110675e-04
1.835000000000000000e+02 6.666378027020439202e-04
1.840000000000000000e+02 7.849446145268898630e-04
1.845000000000000000e+02 7.794679591549230711e-04
1.850000000000000000e+02 8.190832431513592540e-04
1.855000000000000000e+02 1.230580831989925954e-03
1.860000000000000000e+02 1.003124094178860877e-03
1.865000000000000000e+02 1.089218924736448527e-03
1.870000000000000000e+02 1.404198710092390652e-03
1.875000000000000000e+02 1.604267878198847776e-03
1.880000000000000000e+02 1.651134670943177601e-03
1.885000000000000000e+02 1.416373100104520661e-03
1.890000000000000000e+02 1.964324045934462328e-03
1.895000000000000000e+02 1.432149731172472577e-03
1.900000000000000000e+02 1.877976496672688822e-03
1.905000000000000000e+02 2.217337585721144977e-03
1.910000000000000000e+02 2.181653302957294645e-03
1.915000000000000000e+02 2.184781640996784954e-03
1.920000000000000000e+02 2.138500896340560578e-03
1.925000000000000000e+02 2.079865517594126165e-03
1.930000000000000000e+02 2.252171661221108977e-03
1.935000000000000000e+02 2.533698596460581907e-03
1.940000000000000000e+02 2.194394567755223596e-03
1.945000000000000000e+02 2.364753845122070236e-03
1.950000000000000000e+02 2.466844436651194957e-03
1.955000000000000000e+02 2.206475655449005244e-03
1.960000000000000000e+02 2.384217465258630340e-03
1.965000000000000000e+02 2.066463290322774222e-03
1.970000000000000000e+02 1.990721758108816592e-03
1.975000000000000000e+02 2.265838099606909146e-03
1.980000000000000000e+02 2.044379471265178171e-03
1.985000000000000000e+02 1.817167813335969061e-03
1.990000000000000000e+02 1.559354055278050358e-03
1.995000000000000000e+02 1.455927273185548057e-03
2.000000000000000000e+02 1.413681346751639086e-03
2.005000000000000000e+02 1.010044859999107607e-03
2.010000000000000000e+02 1.123528970496130231e-03
2.015000000000000000e+02 8.042495251084136104e-04
2.020000000000000000e+02 5.623043908611618114e-04
2.025000000000000000e+02 6.695471593486418578e-04
2.030000000000000000e+02 5.669235611819438978e-04
2.035000000000000000e+02 5.393369835633903073e-04
2.040000000000000000e+02 2.676450150013196341e-04
2.045000000000000000e+02 4.761990606628326798e-04
2.050000000000000000e+02 4.002883095774555761e-04
2.055000000000000000e+02 1.539824730800080736e-04
2.060000000000000000e+02 -8.893176308655548472e-05
2.065000000000000000e+02 -8.585610604179257435e-05
2.070000000000000000e+02 4.430903237767309997e-04
2.075000000000000000e+02 8.831349129542571469e-06
2.080000000000000000e+02 4.884863278867390799e-05
2.085000000000000000e+02 4.192915991224887971e-05
2.090000000000000000e+02 1.275307177991199408e-04
2.095000000000000000e+02 2.260294566460153943e-04
2.100000000000000000e+02 3.409464452564370924e-04
2.105000000000000000e+02 -2.834554582555418598e-04
2.110000000000000000e+02 -2.075098996588165825e-04
2.115000000000000000e+02 -2.923806609635667725e-04
2.120000000000000000e+02 -4.722645967528184014e-04
2.125000000000000000e+02 -2.946659198403219653e-04
2.130000000000000000e+02 -4.663397820941027187e-04
2.135000000000000000e+02 -5.403702181871579890e-04
2.140000000000000000e+02 -1.427504229171516574e-04
2.145000000000000000e+02 -1.141374189573618941e-04
2.150000000000000000e+02 1.808994171030846732e-04
2.155000000000000000e+02 1.143820228118282763e-04
2.160000000000000000e+02 -2.173420212201334321e-04
2.165000000000000000e+02 1.047312336144063543e-04
2.170000000000000000e+02 1.096520094259860467e-04
2.175000000000000000e+02 3.514498211599926939e-04
2.180000000000000000e+02 2.776773707545681508e-04
2.185000000000000000e+02 3.204471812670259831e-04
2.190000000000000000e+02 2.386236441085029254e-04
2.195000000000000000e+02 2.843081244737768153e-04
2.200000000000000000e+02 5.736028402042989182e-04
