1.100000000000000000e+02 -2.465697969075011931e-01
1.105000000000000000e+02 -1.051833964741981098e-01
1.110000000000000000e+02 -1.448588003401333757e-01
1.115000000000000000e+02 -2.037677805557676636e-01
1.120000000000000000e+02 -2.387695331706484458e-01
1.125000000000000000e+02 -1.683358943210783443e-01
1.130000000000000000e+02 -1.816823145844109755e-01
1.135000000000000000e+02 5.623305668110794436e-03
1.140000000000000000e+02 1.228545633806519044e+00
1.145000000000000000e+02 5.439369297217881982e-01
1.150000000000000000e+02 5.215707332848641409e-01
1.155000000000000000e+02 5.074506550779672720e-01
1.160000000000000000e+02 5.057048533628496489e-01
1.165000000000000000e+02 5.029549995918024541e-01
1.170000000000000000e+02 4.996073425648461797e-01
1.175000000000000000e+02 4.950554568897985175e-01
1.180000000000000000e+02 4.922134116743912546e-01
1.185000000000000000e+02 4.859543562316141485e-01
1.190000000000000000e+02 4.824653682834814661e-01
1.195000000000000000e+02 4.799585836039971243e-01
1.200000000000000000e+02 4.733782331092306617e-01
1.205000000000000000e+02 4.663659444729915116e-01
1.210000000000000000e+02 4.597452915723899691e-01
1.215000000000000000e+02 4.510485590451611682e-01
1.220000000000000000e+02 4.432646631910407975e-01
1.225000000000000000e+02 4.330640583739073790e-01
1.230000000000000000e+02 4.240292880502423700e-01
1.235000000000000000e+02 4.139712856523822815e-01
1.240000000000000000e+02 4.034601186529079286e-01
1.245000000000000000e+02 3.941187790045621031e-01
1.250000000000000000e+02 3.836645805170601498e-01
1.255000000000000000e+02 3.739410915998849783e-01
1.260000000000000000e+02 3.644956829259495823e-01
1.265000000000000000e+02 3.555079135325953654e-01
1.270000000000000000e+02 3.466215355028307576e-01
1.275000000000000000e+02 3.387774039889706601e-01
1.280000000000000000e+02 3.315767506560354794e-01
1.285000000000000000e+02 3.247936900965398554e-01
1.290000000000000000e+02 3.192354696362152411e-01
1.295000000000000000e+02 3.137936442973663920e-01
1.300000000000000000e+02 3.093425498020371256e-01
1.305000000000000000e+02 3.062174995149042345e-01
1.310000000000000000e+02 3.038620010764127022e-01
1.315000000000000000e+02 3.024656320988789449e-01
1.320000000000000000e+02 3.021463037958754261e-01
1.325000000000000000e+02 3.020552981986023289e-01
1.330000000000000000e+02 3.040462921008721398e-01
1.335000000000000000e+02 3.070841159443227220e-01
1.340000000000000000e+02 3.116189812978442664e-01
1.345000000000000000e+02 3.169461001061761318e-01
1.350000000000000000e+02 3.238853426621852161e-01
1.355000000000000000e+02 3.318542720996324746e-01
1.360000000000000000e+02 3.414782671155703886e-01
1.365000000000000000e+02 3.529534094722250881e-01
1.370000000000000000e+02 3.655929569399422041e-01
1.375000000000000000e+02 3.791542737359397952e-01
1.380000000000000000e+02 3.937898842675846556e-01
1.381999999999999886e+02 3.999533094224186902e-01
1.384000000000000057e+02 4.056723800093330889e-01
1.385999999999999943e+02 4.115283294889876542e-01
1.388000000000000114e+02 4.171521616428233159e-01
1.390000000000000000e+02 4.218550269726084045e-01
1.391999999999999886e+02 4.269134988495991712e-01
1.394000000000000057e+02 4.317262391332402638e-01
1.395999999999999943e+02 4.365603943828376687e-01
1.398000000000000114e+02 4.416369441601246115e-01
1.400000000000000000e+02 4.454685401341562101e-01
1.401999999999999886e+02 4.502233988528396846e-01
1.404000000000000057e+02 4.538363472251494279e-01
1.405999999999999943e+02 4.573876794151751635e-01
1.408000000000000114e+02 4.608766414903626152e-01
1.410000000000000000e+02 4.645646536817268912e-01
1.411999999999999886e+02 4.666581780242862187e-01
1.414000000000000057e+02 4.697022705592726610e-01
1.415999999999999943e+02 4.718196020799584889e-01
1.418000000000000114e+02 4.741272062372691165e-01
1.420000000000000000e+02 4.758065479938602405e-01
1.421999999999999886e+02 4.780855220756251578e-01
1.424000000000000057e+02 4.796315294918427896e-01
1.425999999999999943e+02 4.811024775216385940e-01
1.428000000000000114e+02 4.826108520582979566e-01
1.430000000000000000e+02 4.830470087573261462e-01
1.431999999999999886e+02 4.834725086751107681e-01
1.434000000000000057e+02 4.835148532864546045e-01
1.435999999999999943e+02 4.835187462339650133e-01
1.438000000000000114e+02 4.835360537695438388e-01
1.440000000000000000e+02 4.828396891762301024e-01
1.441999999999999886e+02 4.816236379369531195e-01
1.444000000000000057e+02 4.797132090833710061e-01
1.445999999999999943e+02 4.776178846012014145e-01
1.448000000000000114e+02 4.753622590429525951e-01
1.450000000000000000e+02 4.722439847357875475e-01
1.451999999999999886e+02 4.691762413838894696e-01
1.454000000000000057e+02 4.657988094043676863e-01
1.455999999999999943e+02 4.627534924955626905e-01
1.458000000000000114e+02 4.586462443697458813e-01
1.460000000000000000e+02 4.543290870189200525e-01
1.461999999999999886e+02 4.498487918704891508e-01
1.464000000000000057e+02 4.453941167130588963e-01
1.465999999999999943e+02 4.402255860927646314e-01
1.468000000000000114e+02 4.349019030053485890e-01
1.470000000000000000e+02 4.293345851805118185e-01
1.471999999999999886e+02 4.229878627966531801e-01
1.474000000000000057e+02 4.170975482095189979e-01
1.475999999999999943e+02 4.107632095267005901e-01
1.478000000000000114e+02 4.049095996219683746e-01
1.480000000000000000e+02 3.988909152737833419e-01
1.481999999999999886e+02 3.929822626390095386e-01
1.484000000000000057e+02 3.867146479652882607e-01
1.485999999999999943e+02 3.803593611416176690e-01
1.488000000000000114e+02 3.743142740113912237e-01
1.490000000000000000e+02 3.695040624824256770e-01
1.491999999999999886e+02 3.642691174443734026e-01
1.494000000000000057e+02 3.585904036746083712e-01
1.495999999999999943e+02 3.535943914981776182e-01
1.498000000000000114e+02 3.481750696672214485e-01
1.500000000000000000e+02 3.421948572086228046e-01
1.505000000000000000e+02 3.294296305490556076e-01
1.510000000000000000e+02 3.158837312739183889e-01
1.515000000000000000e+02 3.030072860501120680e-01
1.520000000000000000e+02 2.903119192882102073e-01
1.525000000000000000e+02 2.780661513830894327e-01
1.530000000000000000e+02 2.672146787160638581e-01
1.535000000000000000e+02 2.557617019403362613e-01
1.540000000000000000e+02 2.439967225634333270e-01
1.545000000000000000e+02 2.316264932161261614e-01
1.550000000000000000e+02 2.184054767384054907e-01
1.555000000000000000e+02 2.053188531835134223e-01
1.560000000000000000e+02 1.908484417274869671e-01
1.565000000000000000e+02 1.759140748118055986e-01
1.570000000000000000e+02 1.603907786528117885e-01
1.575000000000000000e+02 1.455776949994325165e-01
1.580000000000000000e+02 1.297833070234566122e-01
1.585000000000000000e+02 1.147013030732158267e-01
1.590000000000000000e+02 9.985978906050664572e-02
1.595000000000000000e+02 8.486214258836599633e-02
1.600000000000000000e+02 7.116513854433401121e-02
1.605000000000000000e+02 5.895674893940303085e-02
1.610000000000000000e+02 4.749981443675086595e-02
1.615000000000000000e+02 3.728781463694529064e-02
1.620000000000000000e+02 2.927311830869990320e-02
1.625000000000000000e+02 2.184055591657419609e-02
1.630000000000000000e+02 1.553406777872732257e-02
1.635000000000000000e+02 1.108505277184328175e-02
1.640000000000000000e+02 7.837018040491946017e-03
1.645000000000000000e+02 4.506970750740241574e-03
1.650000000000000000e+02 1.523795187003110360e-03
1.655000000000000000e+02 -3.769712042520666283e-04
1.660000000000000000e+02 -1.718007429800757178e-03
1.665000000000000000e+02 -2.673106267150345862e-03
1.670000000000000000e+02 -3.964180157605425546e-03
1.675000000000000000e+02 -4.803803278317270858e-03
1.680000000000000000e+02 -5.232859114184265636e-03
1.685000000000000000e+02 -5.142889505668522994e-03
1.690000000000000000e+02 -6.215553462008862988e-03
1.695000000000000000e+02 -6.858349549973188214e-03
1.700000000000000000e+02 -7.202034265754979174e-03
1.705000000000000000e+02 -7.240274633423277040e-03
1.710000000000000000e+02 -7.303660048752640827e-03
1.715000000000000000e+02 -7.185449424521002555e-03
1.720000000000000000e+02 -7.421567618927577166e-03
1.725000000000000000e+02 -7.607410878909654471e-03
1.730000000000000000e+02 -7.851055498519571990e-03
1.735000000000000000e+02 -7.817672599116224849e-03
1.740000000000000000e+02 -7.971030276618343291e-03
1.745000000000000000e+02 -7.973109586571252433e-03
1.750000000000000000e+02 -7.655470277398297198e-03
1.755000000000000000e+02 -7.579621395881296422e-03
1.760000000000000000e+02 -7.053127397765997404e-03
1.765000000000000000e+02 -7.357269669993411060e-03
1.770000000000000000e+02 -7.212038967997557587e-03
1.775000000000000000e+02 -7.530817532117459016e-03
1.780000000000000000e+02 -6.968954923402574317e-03
1.785000000000000000e+02 -6.649205047876567340e-03
1.790000000000000000e+02 -5.978545794094823791e-03
1.795000000000000000e+02 -5.882696686746772922e-03
1.800000000000000000e+02 -5.755362136216748796e-03
1.805000000000000000e+02 -5.600314673010525247e-03
1.810000000000000000e+02 -5.147590249017254364e-03
1.815000000000000000e+02 -4.544399804151779201e-03
1.820000000000000000e+02 -4.757591747895385630e-03
1.825000000000000000e+02 -4.932465472259470705e-03
1.830000000000000000e+02 -3.908091497676040825e-03
1.835000000000000000e+02 -4.108710974142859053e-03
1.840000000000000000e+02 -3.830814941438607721e-03
1.845000000000000000e+02 -3.492089559600656049e-03
1.850000000000000000e+02 -2.943979029345508876e-03
1.855000000000000000e+02 -3.285433519239022802e-03
1.860000000000000000e+02 -3.202788000430257642e-03
1.865000000000000000e+02 -2.328287660120380732e-03
1.870000000000000000e+02 -2.309608472678876829e-03
1.875000000000000000e+02 -1.884552443168837623e-03
1.880000000000000000e+02 -1.746887619274130592e-03
1.885000000000000000e+02 -1.472586399088655039e-03
1.890000000000000000e+02 -4.246364128935728390e-04
1.895000000000000000e+02 -1.661481442858572918e-04
1.900000000000000000e+02 2.272866084656206267e-04
1.905000000000000000e+02 1.029592407599140818e-05
1.910000000000000000e+02 -2.559102420696350425e-04
1.915000000000000000e+02 -6.129365333266083684e-04
1.920000000000000000e+02 -3.098439462700884042e-04
1.925000000000000000e+02 -3.714606238148882521e-04
1.930000000000000000e+02 7.484526132923458623e-06
1.935000000000000000e+02 -1.930898329863469395e-04
1.940000000000000000e+02 -7.374669442379907375e-04
1.945000000000000000e+02 -1.311961739789507374e-03
1.950000000000000000e+02 -2.155883980631346890e-03
1.955000000000000000e+02 -2.369233834911152903e-03
1.960000000000000000e+02 -3.335684459017601491e-03
1.965000000000000000e+02 -3.892652346704524383e-03
1.970000000000000000e+02 -4.164830310157898938e-03
1.975000000000000000e+02 -4.636796691088767262e-03
1.980000000000000000e+02 -5.054312584366792843e-03
1.985000000000000000e+02 -5.227522575945326225e-03
1.990000000000000000e+02 -5.951129387928212437e-03
1.995000000000000000e+02 -5.896748812550577437e-03
2.000000000000000000e+02 -6.072125001130276693e-03
2.005000000000000000e+02 -6.344115426620928685e-03
2.010000000000000000e+02 -7.079358309924966772e-03
2.015000000000000000e+02 -6.714255939838816717e-03
2.020000000000000000e+02 -6.972922419533854159e-03
2.025000000000000000e+02 -6.996407769695204767e-03
2.030000000000000000e+02 -7.022792925750692174e-03
2.035000000000000000e+02 -7.337685991280065885e-03
2.040000000000000000e+02 -7.575311311011030668e-03
2.045000000000000000e+02 -7.233393604794083158e-03
2.050000000000000000e+02 -7.597443128925419550e-03
2.055000000000000000e+02 -7.329017125166679275e-03
2.060000000000000000e+02 -7.793590431434466691e-03
2.065000000000000000e+02 -7.216722297724233355e-03
2.070000000000000000e+02 -7.288512955843817753e-03
2.075000000000000000e+02 -6.781261290863010126e-03
2.080000000000000000e+02 -7.280503691327500256e-03
2.085000000000000000e+02 -6.884562450473644818e-03
2.090000000000000000e+02 -6.975767843642286144e-03
2.095000000000000000e+02 -6.840824245586569000e-03
2.100000000000000000e+02 -6.847043527899928338e-03
2.105000000000000000e+02 -6.803418289559130458e-03
2.110000000000000000e+02 -6.713645137232954023e-03
2.115000000000000000e+02 -6.604911011067845193e-03
2.120000000000000000e+02 -6.755246207863848870e-03
2.125000000000000000e+02 -6.903927955572808188e-03
2.130000000000000000e+02 -6.796626529079594428e-03
2.135000000000000000e+02 -6.458318491856894841e-03
2.140000000000000000e+02 -6.371235392066056102e-03
2.145000000000000000e+02 -6.371267956769035429e-03
2.150000000000000000e+02 -6.623425187460915339e-03
2.155000000000000000e+02 -6.344047809715784234e-03
2.160000000000000000e+02 -6.469721069490134459e-03
2.165000000000000000e+02 -6.407453476560336786e-03
2.170000000000000000e+02 -6.567795736919949078e-03
2.175000000000000000e+02 -6.276880150274661077e-03
2.180000000000000000e+02 -6.644185447236513817e-03
2.185000000000000000e+02 -6.380206507408016890e-03
2.190000000000000000e+02 -6.149824816988040503e-03
2.195000000000000000e+02 -6.176316856775727025e-03
2.200000000000000000e+02 -6.795563110304183446e-03
