1.100000000000000000e+02 1.298939143979218336e-01
1.105000000000000000e+02 -5.310959814221738462e-02
1.110000000000000000e+02 -3.104841992766537925e-02
1.115000000000000000e+02 7.144080591899400721e-03
1.120000000000000000e+02 6.677214706651972420e-02
1.125000000000000000e+02 4.286944822903076407e-03
1.130000000000000000e+02 5.870848200023590785e-02
1.135000000000000000e+02 -9.768705424713286511e-02
1.140000000000000000e+02 nan
1.145000000000000000e+02 1.472772435090984766e+00
1.150000000000000000e+02 1.261627309681848885e+00
1.155000000000000000e+02 1.218042224390018857e+00
1.160000000000000000e+02 1.195856695130648184e+00
1.165000000000000000e+02 1.200328785194630710e+00
1.170000000000000000e+02 1.178033680402108985e+00
1.175000000000000000e+02 1.174221852845676484e+00
1.180000000000000000e+02 1.146928421576869805e+00
1.185000000000000000e+02 1.139039865151707076e+00
1.190000000000000000e+02 1.131277645981093150e+00
1.195000000000000000e+02 1.114197479065905716e+00
1.200000000000000000e+02 1.097232075429174447e+00
1.205000000000000000e+02 1.084796548396481652e+00
1.210000000000000000e+02 1.068390378993604006e+00
1.215000000000000000e+02 1.049742468808532836e+00
1.220000000000000000e+02 1.028408377757075387e+00
1.225000000000000000e+02 1.007584448509231345e+00
1.230000000000000000e+02 9.843873056641651020e-01
1.235000000000000000e+02 9.654316338405166675e-01
1.240000000000000000e+02 9.393732891340298430e-01
1.245000000000000000e+02 9.176593839157242138e-01
1.250000000000000000e+02 8.940588048487143613e-01
1.255000000000000000e+02 8.739900206370815328e-01
1.260000000000000000e+02 8.528173188500243196e-01
1.265000000000000000e+02 8.319724601156246457e-01
1.270000000000000000e+02 8.125653260288597801e-01
1.275000000000000000e+02 7.963293187433203579e-01
1.280000000000000000e+02 7.803833425741117935e-01
1.285000000000000000e+02 7.642397652864814095e-01
1.290000000000000000e+02 7.521634378580708269e-01
1.295000000000000000e+02 7.409583776836964342e-01
1.300000000000000000e+02 7.314267153781691677e-01
1.305000000000000000e+02 7.231188040843615772e-01
1.310000000000000000e+02 7.176347770305603335e-01
1.315000000000000000e+02 7.130297672223592231e-01
1.320000000000000000e+02 7.116545042660257225e-01
1.325000000000000000e+02 7.129774102497402621e-01
1.330000000000000000e+02 7.167541893030510147e-01
1.335000000000000000e+02 7.227260717701927684e-01
1.340000000000000000e+02 7.316963446146045325e-01
1.345000000000000000e+02 7.432161159646862858e-01
1.350000000000000000e+02 7.587062442567249487e-01
1.355000000000000000e+02 7.763492058735593782e-01
1.360000000000000000e+02 7.980662426669390408e-01
1.365000000000000000e+02 8.224965262062221560e-01
1.370000000000000000e+02 8.501672942447252579e-01
1.375000000000000000e+02 8.800861370971365671e-01
1.380000000000000000e+02 9.109767259814655072e-01
1.381999999999999886e+02 9.229144240397498811e-01
1.384000000000000057e+02 9.353601337327653864e-01
1.385999999999999943e+02 9.473196758422711694e-01
1.388000000000000114e+02 9.592179203592234860e-01
1.390000000000000000e+02 9.701933164420489808e-01
1.391999999999999886e+02 9.819328001106956139e-01
1.394000000000000057e+02 9.935022198432198470e-01
1.395999999999999943e+02 1.003607476389428710e+00
1.398000000000000114e+02 1.013756260202197446e+00
1.400000000000000000e+02 1.022955301928997418e+00
1.401999999999999886e+02 1.032339108223100155e+00
1.404000000000000057e+02 1.041157590435136671e+00
1.405999999999999943e+02 1.048180640291145105e+00
1.408000000000000114e+02 1.055349120538966012e+00
1.410000000000000000e+02 1.062908644634916078e+00
1.411999999999999886e+02 1.069083449468470670e+00
1.414000000000000057e+02 1.074786237336104788e+00
1.415999999999999943e+02 1.080809573768704013e+00
1.418000000000000114e+02 1.086437050591602116e+00
1.420000000000000000e+02 1.089404207385884282e+00
1.421999999999999886e+02 1.095437919934433291e+00
1.424000000000000057e+02 1.097944205193992717e+00
1.425999999999999943e+02 1.102019045022790467e+00
1.428000000000000114e+02 1.104277663941745979e+00
1.430000000000000000e+02 1.106268464575238752e+00
1.431999999999999886e+02 1.108459352172568080e+00
1.434000000000000057e+02 1.109126384330098247e+00
1.435999999999999943e+02 1.107417973756026131e+00
1.438000000000000114e+02 1.107359680619192321e+00
1.440000000000000000e+02 1.105098560132170782e+00
1.441999999999999886e+02 1.102265031834838815e+00
1.444000000000000057e+02 1.097800984379334599e+00
1.445999999999999943e+02 1.093738875793776710e+00
1.448000000000000114e+02 1.089201268115217225e+00
1.450000000000000000e+02 1.083317371379683536e+00
1.451999999999999886e+02 1.076844663789454648e+00
1.454000000000000057e+02 1.071072049995541287e+00
1.455999999999999943e+02 1.063715100038303385e+00
1.458000000000000114e+02 1.055394713427439290e+00
1.460000000000000000e+02 1.046918126842005581e+00
1.461999999999999886e+02 1.037725947826764195e+00
1.464000000000000057e+02 1.027860725950956677e+00
1.465999999999999943e+02 1.016268252802683181e+00
1.468000000000000114e+02 1.004960386371045677e+00
1.470000000000000000e+02 9.940617909644806627e-01
1.471999999999999886e+02 9.810677295588550173e-01
1.474000000000000057e+02 9.687570242333428672e-01
1.475999999999999943e+02 9.551121382280005623e-01
1.478000000000000114e+02 9.410443516974451583e-01
1.480000000000000000e+02 9.282102391386736207e-01
1.481999999999999886e+02 9.143964782752815879e-01
1.484000000000000057e+02 9.018395161395874604e-01
1.485999999999999943e+02 8.892394452262464277e-01
1.488000000000000114e+02 8.775712942916154002e-01
1.490000000000000000e+02 8.653277338371513361e-01
1.491999999999999886e+02 8.536833141432312866e-01
1.494000000000000057e+02 8.421273070123358462e-01
1.495999999999999943e+02 8.301840009865331105e-01
1.498000000000000114e+02 8.186830686384969358e-01
1.500000000000000000e+02 8.062259411538046372e-01
1.505000000000000000e+02 7.768532398600971334e-01
1.510000000000000000e+02 7.468227892058569850e-01
1.515000000000000000e+02 7.174899987871117268e-01
1.520000000000000000e+02 6.891698626924701587e-01
1.525000000000000000e+02 6.628539239893553869e-01
1.530000000000000000e+02 6.377252352887829989e-01
1.535000000000000000e+02 6.122241576541972430e-01
1.540000000000000000e+02 5.853711580242986212e-01
1.545000000000000000e+02 5.570045498314754040e-01
1.550000000000000000e+02 5.273905514788110871e-01
1.555000000000000000e+02 4.956873989757108467e-01
1.560000000000000000e+02 4.622344119766830239e-01
1.565000000000000000e+02 4.275222414874410015e-01
1.570000000000000000e+02 3.927129505899351614e-01
1.575000000000000000e+02 3.583120605994039032e-01
1.580000000000000000e+02 3.231483949373112341e-01
1.585000000000000000e+02 2.869481074316302394e-01
1.590000000000000000e+02 2.520951685295409472e-01
1.595000000000000000e+02 2.188236624991875268e-01
1.600000000000000000e+02 1.865658509066169257e-01
1.605000000000000000e+02 1.575325996652843508e-01
1.610000000000000000e+02 1.316669247274774857e-01
1.615000000000000000e+02 1.088370876290383621e-01
1.620000000000000000e+02 8.941676475355271603e-02
1.625000000000000000e+02 7.304562063914118997e-02
1.630000000000000000e+02 5.937208016353736489e-02
1.635000000000000000e+02 4.851992421483749401e-02
1.640000000000000000e+02 3.909183875639762884e-02
1.645000000000000000e+02 3.246395033222956167e-02
1.650000000000000000e+02 2.667266233579991194e-02
1.655000000000000000e+02 2.235509771689831240e-02
1.660000000000000000e+02 1.842136722977414515e-02
1.665000000000000000e+02 1.600040721356499676e-02
1.670000000000000000e+02 1.370248051851127163e-02
1.675000000000000000e+02 1.130412780895410224e-02
1.680000000000000000e+02 9.368098829993983315e-03
1.685000000000000000e+02 8.250218498410335707e-03
1.690000000000000000e+02 7.759186545797577654e-03
1.695000000000000000e+02 7.685403580056223913e-03
1.700000000000000000e+02 6.936001528965306251e-03
1.705000000000000000e+02 6.523027913446477130e-03
1.710000000000000000e+02 5.619167175154875411e-03
1.715000000000000000e+02 4.696684056200570688e-03
1.720000000000000000e+02 4.220070351252033780e-03
1.725000000000000000e+02 4.095878075812580885e-03
1.730000000000000000e+02 3.923035651946659048e-03
1.735000000000000000e+02 3.632093777836045440e-03
1.740000000000000000e+02 3.092877003112307673e-03
1.745000000000000000e+02 2.739952305236356949e-03
1.750000000000000000e+02 3.271684156471583050e-03
1.755000000000000000e+02 2.778601193347258677e-03
1.760000000000000000e+02 3.243619239767947787e-03
1.765000000000000000e+02 3.372072598536399526e-03
1.770000000000000000e+02 3.349803403484393188e-03
1.775000000000000000e+02 3.335587107308006331e-03
1.780000000000000000e+02 3.734007861342673092e-03
1.785000000000000000e+02 4.002218785475145091e-03
1.790000000000000000e+02 4.145503978071582961e-03
1.795000000000000000e+02 5.078761282532371843e-03
1.800000000000000000e+02 4.985166863476889892e-03
1.805000000000000000e+02 5.486206159607733696e-03
1.810000000000000000e+02 6.181275753332356529e-03
1.815000000000000000e+02 6.826813562349366878e-03
1.820000000000000000e+02 6.986496580413556652e-03
1.825000000000000000e+02 7.317355238548384384e-03
1.830000000000000000e+02 8.340209219709120159e-03
1.835000000000000000e+02 9.042437628568841465e-03
1.840000000000000000e+02 9.571040384767744852e-03
1.845000000000000000e+02 1.089194200865673152e-02
1.850000000000000000e+02 1.221796679331905999e-02
1.855000000000000000e+02 1.297528716692309889e-02
1.860000000000000000e+02 1.340564429527702980e-02
1.865000000000000000e+02 1.380171292613011254e-02
1.870000000000000000e+02 1.411419346351630577e-02
1.875000000000000000e+02 1.479531973374843302e-02
1.880000000000000000e+02 1.632274647644136115e-02
1.885000000000000000e+02 1.699874546468317302e-02
1.890000000000000000e+02 1.788035253845179570e-02
1.895000000000000000e+02 1.742155713234216224e-02
1.900000000000000000e+02 1.788349705364413247e-02
1.905000000000000000e+02 1.760574684927301847e-02
1.910000000000000000e+02 1.658298171597179238e-02
1.915000000000000000e+02 1.691163943142929074e-02
1.920000000000000000e+02 1.745808293665666172e-02
1.925000000000000000e+02 1.707131589237037561e-02
1.930000000000000000e+02 1.644410870923634221e-02
1.935000000000000000e+02 1.580024407859617272e-02
1.940000000000000000e+02 1.454214374161163538e-02
1.945000000000000000e+02 1.354491241495599241e-02
1.950000000000000000e+02 1.139856141680362957e-02
1.955000000000000000e+02 9.437813464660176413e-03
1.960000000000000000e+02 7.935087010951953276e-03
1.965000000000000000e+02 6.428792496193317350e-03
1.970000000000000000e+02 5.374742018301052575e-03
1.975000000000000000e+02 3.875030112177560004e-03
1.980000000000000000e+02 3.231354054353589422e-03
1.985000000000000000e+02 2.189713281572248406e-03
1.990000000000000000e+02 1.265572306475436356e-03
1.995000000000000000e+02 7.830056137690875580e-04
2.000000000000000000e+02 1.113383095322828965e-03
2.005000000000000000e+02 2.480136532891277017e-05
2.010000000000000000e+02 5.119594509703159768e-04
2.015000000000000000e+02 -2.085107288766827993e-04
2.020000000000000000e+02 -4.533371079502339840e-04
2.025000000000000000e+02 -6.680895368981371344e-04
2.030000000000000000e+02 -6.640250508511216527e-04
2.035000000000000000e+02 -2.569530959210817103e-04
2.040000000000000000e+02 -5.271627214252520757e-04
2.045000000000000000e+02 -3.703892353213890506e-04
2.050000000000000000e+02 -9.186408063968493879e-05
2.055000000000000000e+02 -3.664008520338243153e-04
2.060000000000000000e+02 -8.739428811522400426e-05
2.065000000000000000e+02 1.656585589945442890e-04
2.070000000000000000e+02 1.480838171035726814e-04
2.075000000000000000e+02 -1.019548286865580068e-04
2.080000000000000000e+02 1.108633941892422410e-04
2.085000000000000000e+02 3.888754781257868528e-04
2.090000000000000000e+02 2.540188690681304006e-04
2.095000000000000000e+02 7.060097783712196472e-05
2.100000000000000000e+02 5.198205300345719445e-04
2.105000000000000000e+02 4.524082455768326416e-04
2.110000000000000000e+02 7.452878783634407601e-04
2.115000000000000000e+02 1.520609803954801897e-04
2.120000000000000000e+02 1.027674319036128801e-03
2.125000000000000000e+02 1.059088266055322760e-04
2.130000000000000000e+02 3.486648583029479148e-04
2.135000000000000000e+02 2.224687154736118056e-05
2.140000000000000000e+02 -4.603450236863603661e-05
2.145000000000000000e+02 1.413484421453740404e-04
2.150000000000000000e+02 -3.597084143746286100e-05
2.155000000000000000e+02 2.037884733007534559e-04
2.160000000000000000e+02 2.999797346987424589e-04
2.165000000000000000e+02 4.873977703393367355e-04
2.170000000000000000e+02 1.190281385786320055e-03
2.175000000000000000e+02 6.971710361899080685e-04
2.180000000000000000e+02 1.168496052434088743e-03
2.185000000000000000e+02 1.060028558108708522e-03
2.190000000000000000e+02 9.879833515788125076e-04
2.195000000000000000e+02 1.196140824432718758e-03
2.200000000000000000e+02 8.893281016396232521e-04
