1.100000000000000000e+02 1.229353264586386524e-02
1.105000000000000000e+02 3.492511701350903969e-02
1.110000000000000000e+02 -1.795838569196741841e-01
1.115000000000000000e+02 2.031101875107235374e-02
1.120000000000000000e+02 7.640322887115692796e-02
1.125000000000000000e+02 -3.542584463178639897e-02
1.130000000000000000e+02 -6.960022067747721752e-02
1.135000000000000000e+02 -1.216002514287820579e-01
1.140000000000000000e+02 3.103224540148268873e-01
1.145000000000000000e+02 2.052912733737235762e-01
1.150000000000000000e+02 1.920999910999768301e-01
1.155000000000000000e+02 1.905271782736394914e-01
1.160000000000000000e+02 1.874111062896068047e-01
1.165000000000000000e+02 1.872553196675647014e-01
1.170000000000000000e+02 1.867486542301524666e-01
1.175000000000000000e+02 1.846994503691508360e-01
1.180000000000000000e+02 1.806068734192465830e-01
1.185000000000000000e+02 1.817091340852841630e-01
1.190000000000000000e+02 1.814634690825903951e-01
1.195000000000000000e+02 1.782462440361015921e-01
1.200000000000000000e+02 1.765859861008224341e-01
1.205000000000000000e+02 1.724862433912296156e-01
1.210000000000000000e+02 1.709252936313189475e-01
1.215000000000000000e+02 1.670735873720711473e-01
1.220000000000000000e+02 1.631563507475847496e-01
1.225000000000000000e+02 1.589646802436173734e-01
1.230000000000000000e+02 1.542581258651518905e-01
1.235000000000000000e+02 1.494293445622291161e-01
1.240000000000000000e+02 1.446169780977426822e-01
1.245000000000000000e+02 1.404718715961273401e-01
1.250000000000000000e+02 1.355224104102823457e-01
1.255000000000000000e+02 1.307643337629154356e-01
1.260000000000000000e+02 1.265374105220745116e-01
1.265000000000000000e+02 1.222703249205229215e-01
1.270000000000000000e+02 1.184572630776789814e-01
1.275000000000000000e+02 1.153591570909132946e-01
1.280000000000000000e+02 1.121588354672795329e-01
1.285000000000000000e+02 1.098911332155935588e-01
1.290000000000000000e+02 1.072971993127673218e-01
1.295000000000000000e+02 1.062832661554371089e-01
1.300000000000000000e+02 1.052884689454058054e-01
1.305000000000000000e+02 1.050331088935096135e-01
1.310000000000000000e+02 1.046915644632885056e-01
1.315000000000000000e+02 1.060177663288811301e-01
1.320000000000000000e+02 1.073699909244010542e-01
1.325000000000000000e+02 1.089067525779104373e-01
1.330000000000000000e+02 1.115378337393741065e-01
1.335000000000000000e+02 1.146446408598593009e-01
1.340000000000000000e+02 1.189091348033488177e-01
1.345000000000000000e+02 1.232805356451625589e-01
1.350000000000000000e+02 1.284588303090911099e-01
1.355000000000000000e+02 1.341557364618700954e-01
1.360000000000000000e+02 1.407739471606337389e-01
1.365000000000000000e+02 1.479577007469685401e-01
1.370000000000000000e+02 1.550945631447961104e-01
1.375000000000000000e+02 1.632752853737012011e-01
1.380000000000000000e+02 1.715460876239714716e-01
1.385000000000000000e+02 1.803905867095434989e-01
1.390000000000000000e+02 1.882626002164991819e-01
1.395000000000000000e+02 1.955127076306576173e-01
1.400000000000000000e+02 2.020232011282929452e-01
1.405000000000000000e+02 2.072047082777508653e-01
1.410000000000000000e+02 2.110880981910050191e-01
1.415000000000000000e+02 2.138013931235368259e-01
1.420000000000000000e+02 2.158080338847453983e-01
1.425000000000000000e+02 2.171038583915878839e-01
1.430000000000000000e+02 2.174077183131627178e-01
1.435000000000000000e+02 2.172023504867437449e-01
1.440000000000000000e+02 2.156333264050416532e-01
1.445000000000000000e+02 2.130191865114178518e-01
1.450000000000000000e+02 2.092953313992338693e-01
1.455000000000000000e+02 2.049131448973906811e-01
1.460000000000000000e+02 1.995619091719040283e-01
1.465000000000000000e+02 1.930673222266412192e-01
1.470000000000000000e+02 1.858304978987576628e-01
1.475000000000000000e+02 1.776743486673650341e-01
1.480000000000000000e+02 1.693381141983799076e-01
1.485000000000000000e+02 1.616907884833425901e-01
1.490000000000000000e+02 1.542141088152283179e-01
1.495000000000000000e+02 1.472543772290030029e-01
1.500000000000000000e+02 1.405580178507673250e-01
1.505000000000000000e+02 1.340211734672163424e-01
1.510000000000000000e+02 1.273559110063325339e-01
1.515000000000000000e+02 1.210985476047614501e-01
1.520000000000000000e+02 1.157561701480169514e-01
1.525000000000000000e+02 1.099690129352522139e-01
1.530000000000000000e+02 1.052528410643908813e-01
1.535000000000000000e+02 1.003529951680425247e-01
1.540000000000000000e+02 9.576362979842616141e-02
1.545000000000000000e+02 9.054759070070521332e-02
1.550000000000000000e+02 8.547535714978631016e-02
1.555000000000000000e+02 7.989103994395205244e-02
1.560000000000000000e+02 7.440176149874591638e-02
1.565000000000000000e+02 6.848916484072030408e-02
1.570000000000000000e+02 6.272103689359177781e-02
1.575000000000000000e+02 5.688628798731885927e-02
1.580000000000000000e+02 5.059331311369739265e-02
1.585000000000000000e+02 4.432063419973537866e-02
1.590000000000000000e+02 3.872237533487864897e-02
1.595000000000000000e+02 3.259789678139417279e-02
1.600000000000000000e+02 2.649861041266982423e-02
1.605000000000000000e+02 2.097331448122598252e-02
1.610000000000000000e+02 1.591687358073444469e-02
1.615000000000000000e+02 1.108006411000502303e-02
1.620000000000000000e+02 6.906571376150937892e-03
1.625000000000000000e+02 3.611391656559391743e-03
1.630000000000000000e+02 6.275783716815480076e-04
1.635000000000000000e+02 -1.822491020559796789e-03
1.640000000000000000e+02 -3.686637487128897970e-03
1.645000000000000000e+02 -4.876409473488788060e-03
1.650000000000000000e+02 -6.225344061604368151e-03
1.655000000000000000e+02 -7.148368789754761150e-03
1.660000000000000000e+02 -7.776331087867035738e-03
1.665000000000000000e+02 -8.245317887562719772e-03
1.670000000000000000e+02 -8.311993983179779069e-03
1.675000000000000000e+02 -8.656271479732888935e-03
1.680000000000000000e+02 -8.874755603840558948e-03
1.685000000000000000e+02 -8.740696494333281830e-03
1.690000000000000000e+02 -8.515853522715940288e-03
1.695000000000000000e+02 -8.777888984312956847e-03
1.700000000000000000e+02 -8.752191003508741352e-03
1.705000000000000000e+02 -8.497589966913252427e-03
1.710000000000000000e+02 -8.403850105359570929e-03
1.715000000000000000e+02 -8.029688618842657777e-03
1.720000000000000000e+02 -8.224312949696027664e-03
1.725000000000000000e+02 -7.528009482248426525e-03
1.730000000000000000e+02 -7.346230864585926758e-03
1.735000000000000000e+02 -7.191762843162831202e-03
1.740000000000000000e+02 -7.356276660180403534e-03
1.745000000000000000e+02 -6.931442166359587029e-03
1.750000000000000000e+02 -6.610023275805327822e-03
1.755000000000000000e+02 -6.521410827027411018e-03
1.760000000000000000e+02 -6.036238309261094358e-03
1.765000000000000000e+02 -6.171178904815835357e-03
1.770000000000000000e+02 -5.983907135021651960e-03
1.775000000000000000e+02 -5.614761885925371489e-03
1.780000000000000000e+02 -5.593667658055928409e-03
1.785000000000000000e+02 -5.185720932216275961e-03
1.790000000000000000e+02 -4.992002404051314700e-03
1.795000000000000000e+02 -5.045899570914618923e-03
1.800000000000000000e+02 -4.874494072158026131e-03
1.805000000000000000e+02 -4.602111078944016130e-03
1.810000000000000000e+02 -4.380714284109951673e-03
1.815000000000000000e+02 -4.306499854186444758e-03
1.820000000000000000e+02 -4.015832837108335336e-03
1.825000000000000000e+02 -3.947310123210560559e-03
1.830000000000000000e+02 -3.865687966830537101e-03
1.835000000000000000e+02 -3.171527620196996564e-03
1.840000000000000000e+02 -3.094607455513597415e-03
1.845000000000000000e+02 -2.963955831459633670e-03
1.850000000000000000e+02 -2.931768716245248402e-03
1.855000000000000000e+02 -2.538172944239310436e-03
1.860000000000000000e+02 -2.278728547644066210e-03
1.865000000000000000e+02 -2.260349302363148880e-03
1.870000000000000000e+02 -2.166240352233257584e-03
1.875000000000000000e+02 -2.011701057598416342e-03
1.880000000000000000e+02 -1.703894750945727111e-03
1.885000000000000000e+02 -1.643359019898843259e-03
1.890000000000000000e+02 -1.505506051057999180e-03
1.895000000000000000e+02 -1.078917370239279106e-03
1.900000000000000000e+02 -1.029647737424613197e-03
1.905000000000000000e+02 -7.970513909764750547e-04
1.910000000000000000e+02 -8.720654865305102086e-04
1.915000000000000000e+02 -5.045772619287434285e-04
1.920000000000000000e+02 -5.595469906374261069e-04
1.925000000000000000e+02 -3.391063079265511080e-04
1.930000000000000000e+02 -2.811607816549979689e-04
1.935000000000000000e+02 -2.365672195335436607e-04
1.940000000000000000e+02 -3.989166959453638111e-05
1.945000000000000000e+02 -1.590389906977945976e-04
1.950000000000000000e+02 1.444420391222668110e-04
1.955000000000000000e+02 1.435970496399500019e-04
1.960000000000000000e+02 2.634585310912932279e-04
1.965000000000000000e+02 -9.849521330190893668e-06
1.970000000000000000e+02 -2.921924183018845961e-04
1.975000000000000000e+02 -1.398515163334685210e-04
1.980000000000000000e+02 -3.140353412201378632e-04
1.985000000000000000e+02 -4.948970119722564129e-04
1.990000000000000000e+02 -6.737657924840259908e-04
1.995000000000000000e+02 -9.043500187476538740e-04
2.000000000000000000e+02 -1.040734286657963399e-03
2.005000000000000000e+02 -1.536873193260505704e-03
2.010000000000000000e+02 -1.480076145955735653e-03
2.015000000000000000e+02 -1.885552674300608814e-03
2.020000000000000000e+02 -1.916432627913731025e-03
2.025000000000000000e+02 -2.521744649583924219e-03
2.030000000000000000e+02 -2.558408503669793669e-03
2.035000000000000000e+02 -2.507826578313183258e-03
2.040000000000000000e+02 -2.615051905338569484e-03
2.045000000000000000e+02 -2.417287834125284203e-03
2.050000000000000000e+02 -2.536702952339491175e-03
2.055000000000000000e+02 -2.832640475807830186e-03
2.060000000000000000e+02 -2.731160626114957895e-03
2.065000000000000000e+02 -3.098484579418246329e-03
2.070000000000000000e+02 -2.794536513512213896e-03
2.075000000000000000e+02 -2.979429798708522082e-03
2.080000000000000000e+02 -2.719538029295437680e-03
2.085000000000000000e+02 -2.777854505045984808e-03
2.090000000000000000e+02 -2.446663636557249583e-03
2.095000000000000000e+02 -2.812050578767117531e-03
2.100000000000000000e+02 -2.709251530963569746e-03
2.105000000000000000e+02 -2.649084645521328565e-03
2.110000000000000000e+02 -2.587302527818828666e-03
2.115000000000000000e+02 -2.626848697273347771e-03
2.120000000000000000e+02 -2.777087025988476260e-03
2.125000000000000000e+02 -2.452568599419447260e-03
2.130000000000000000e+02 -2.571532109835517488e-03
2.135000000000000000e+02 -2.767857964904751021e-03
2.140000000000000000e+02 -2.596149003478059707e-03
2.145000000000000000e+02 -2.449977490889054550e-03
2.150000000000000000e+02 -2.102103837453044542e-03
2.155000000000000000e+02 -2.348968082574869141e-03
2.160000000000000000e+02 -2.331481816994541729e-03
2.165000000000000000e+02 -2.236911857615550472e-03
2.170000000000000000e+02 -2.445074842670419760e-03
2.175000000000000000e+02 -2.236262945898627799e-03
2.180000000000000000e+02 -1.955605659674138248e-03
2.185000000000000000e+02 -2.236453806336219808e-03
2.190000000000000000e+02 -1.984225864142357982e-03
2.195000000000000000e+02 -1.904590439605625398e-03
2.200000000000000000e+02 -1.920681232909975849e-03
