1.100000000000000000e+02 1.620389671528067177e-01
1.105000000000000000e+02 -7.635465136642005657e-02
1.110000000000000000e+02 4.003306198765576446e-02
1.115000000000000000e+02 -6.686466135838139979e-02
1.120000000000000000e+02 -8.802358635510143525e-02
1.125000000000000000e+02 -8.852748945607831488e-02
1.130000000000000000e+02 -1.100412187721318685e-01
1.135000000000000000e+02 -1.493561305178708887e-02
1.140000000000000000e+02 nan
1.145000000000000000e+02 9.730533520264729175e-01
1.150000000000000000e+02 9.472422656184205092e-01
1.155000000000000000e+02 9.220163120318525252e-01
1.160000000000000000e+02 8.962765651699560188e-01
1.165000000000000000e+02 8.941055401679175452e-01
1.170000000000000000e+02 8.899776829414407509e-01
1.175000000000000000e+02 8.823777701567866449e-01
1.180000000000000000e+02 8.795316826592868287e-01
1.185000000000000000e+02 8.682124108575096644e-01
1.190000000000000000e+02 8.601773233134600849e-01
1.195000000000000000e+02 8.577175580089225759e-01
1.200000000000000000e+02 8.423104374442567099e-01
1.205000000000000000e+02 8.308530887818752486e-01
1.210000000000000000e+02 8.175673179188611694e-01
1.215000000000000000e+02 8.074738382397449454e-01
1.220000000000000000e+02 7.917959266743754831e-01
1.225000000000000000e+02 7.719293593145782895e-01
1.230000000000000000e+02 7.574760528709452156e-01
1.235000000000000000e+02 7.410955945759815089e-01
1.240000000000000000e+02 7.203948590781983352e-01
1.245000000000000000e+02 7.025120627859539058e-01
1.250000000000000000e+02 6.850309835507781830e-01
1.255000000000000000e+02 6.659561249996752696e-01
1.260000000000000000e+02 6.498446766314470713e-01
1.265000000000000000e+02 6.337470681720469567e-01
1.270000000000000000e+02 6.186464513350916627e-01
1.275000000000000000e+02 6.044708966526259886e-01
1.280000000000000000e+02 5.923858053833228610e-01
1.285000000000000000e+02 5.815150653360168231e-01
1.290000000000000000e+02 5.706253619216692385e-01
1.295000000000000000e+02 5.622461524079710449e-01
1.300000000000000000e+02 5.565004141353873113e-01
1.305000000000000000e+02 5.512683751114250130e-01
1.310000000000000000e+02 5.479327515566446705e-01
1.315000000000000000e+02 5.460639000588632941e-01
1.320000000000000000e+02 5.467069461317919377e-01
1.325000000000000000e+02 5.493146041898557819e-01
1.330000000000000000e+02 5.541078170952921100e-01
1.335000000000000000e+02 5.612137851599454663e-01
1.340000000000000000e+02 5.708216549954827634e-01
1.345000000000000000e+02 5.830889350562893370e-01
1.350000000000000000e+02 5.969360433199841776e-01
1.355000000000000000e+02 6.135703764658471115e-01
1.360000000000000000e+02 6.328177343191678794e-01
1.365000000000000000e+02 6.544638035612087013e-01
1.370000000000000000e+02 6.787726456015328313e-01
1.375000000000000000e+02 7.053169703766093424e-01
1.380000000000000000e+02 7.327257539596548908e-01
1.385000000000000000e+02 7.601254710886192756e-01
1.390000000000000000e+02 7.875010725586383264e-01
1.395000000000000000e+02 8.106928068243377528e-01
1.400000000000000000e+02 8.322924558062376743e-01
1.405000000000000000e+02 8.500623514266535397e-01
1.410000000000000000e+02 8.642653992181819067e-01
1.415000000000000000e+02 8.753331273178066585e-01
1.420000000000000000e+02 8.844540976652628395e-01
1.425000000000000000e+02 8.910617026469208612e-01
1.430000000000000000e+02 8.944681938497602847e-01
1.435000000000000000e+02 8.946370092007687180e-01
1.440000000000000000e+02 8.904445263452301917e-01
1.445000000000000000e+02 8.810799822697809036e-01
1.450000000000000000e+02 8.688468245808327328e-01
1.455000000000000000e+02 8.527996852328895150e-01
1.460000000000000000e+02 8.331712287249326554e-01
1.465000000000000000e+02 8.099039290972813721e-01
1.470000000000000000e+02 7.836147783840863301e-01
1.475000000000000000e+02 7.540578267451023553e-01
1.480000000000000000e+02 7.238940809983558378e-01
1.485000000000000000e+02 6.945594009960758264e-01
1.490000000000000000e+02 6.686343221882725674e-01
1.495000000000000000e+02 6.423447474075820729e-01
1.500000000000000000e+02 6.167882515959934864e-01
1.505000000000000000e+02 5.915316183400913808e-01
1.510000000000000000e+02 5.664815111966388095e-01
1.515000000000000000e+02 5.422944137886004379e-01
1.520000000000000000e+02 5.191198771975297221e-01
1.525000000000000000e+02 4.974006385196525493e-01
1.530000000000000000e+02 4.775758311243443188e-01
1.535000000000000000e+02 4.578256163089866604e-01
1.540000000000000000e+02 4.368259286720997947e-01
1.545000000000000000e+02 4.147757881486441311e-01
1.550000000000000000e+02 3.922431344297395706e-01
1.555000000000000000e+02 3.682866204791342968e-01
1.560000000000000000e+02 3.430830235963486241e-01
1.565000000000000000e+02 3.168789096866492794e-01
1.570000000000000000e+02 2.912041401439298127e-01
1.575000000000000000e+02 2.647774908514073933e-01
1.580000000000000000e+02 2.383640270114123771e-01
1.585000000000000000e+02 2.119444077363816514e-01
1.590000000000000000e+02 1.856302874348312870e-01
1.595000000000000000e+02 1.601150421865233930e-01
1.600000000000000000e+02 1.355865297123405311e-01
1.605000000000000000e+02 1.133903114347332014e-01
1.610000000000000000e+02 9.350861058783822843e-02
1.615000000000000000e+02 7.656725839348291207e-02
1.620000000000000000e+02 6.164494818792246034e-02
1.625000000000000000e+02 4.942674285641293630e-02
1.630000000000000000e+02 3.986379524471865554e-02
1.635000000000000000e+02 3.223865866543431519e-02
1.640000000000000000e+02 2.599640313884358372e-02
1.645000000000000000e+02 2.144571209824441479e-02
1.650000000000000000e+02 1.754018212719637981e-02
1.655000000000000000e+02 1.456784203668420700e-02
1.660000000000000000e+02 1.254657100971842687e-02
1.665000000000000000e+02 1.040564494373800997e-02
1.670000000000000000e+02 9.622541973545825633e-03
1.675000000000000000e+02 8.389488176327715083e-03
1.680000000000000000e+02 7.815980954629146715e-03
1.685000000000000000e+02 7.498952472269165316e-03
1.690000000000000000e+02 6.755903320856028113e-03
1.695000000000000000e+02 6.295377823371646475e-03
1.700000000000000000e+02 6.454782701242627388e-03
1.705000000000000000e+02 5.901736351795026578e-03
1.710000000000000000e+02 6.379162083035939956e-03
1.715000000000000000e+02 5.821842477567213021e-03
1.720000000000000000e+02 5.985350272937138560e-03
1.725000000000000000e+02 5.814245378182860031e-03
1.730000000000000000e+02 5.789776740957817622e-03
1.735000000000000000e+02 5.473309112837403470e-03
1.740000000000000000e+02 5.771939050662959307e-03
1.745000000000000000e+02 5.080087562211948495e-03
1.750000000000000000e+02 5.728228440336238098e-03
1.755000000000000000e+02 6.438327185680948681e-03
1.760000000000000000e+02 5.697385556771733875e-03
1.765000000000000000e+02 6.102914117791896111e-03
1.770000000000000000e+02 6.433677169457416474e-03
1.775000000000000000e+02 6.969084037307251428e-03
1.780000000000000000e+02 6.897439686836833936e-03
1.785000000000000000e+02 7.507034759710361563e-03
1.790000000000000000e+02 7.855622472965374803e-03
1.795000000000000000e+02 8.017724955636306577e-03
1.800000000000000000e+02 7.783956298124658502e-03
1.805000000000000000e+02 8.611160117397540989e-03
1.810000000000000000e+02 9.066441630035851351e-03
1.815000000000000000e+02 9.597459196463462711e-03
1.820000000000000000e+02 9.517174352711616631e-03
1.825000000000000000e+02 1.019809723615029869e-02
1.830000000000000000e+02 1.061999104825281891e-02
1.835000000000000000e+02 1.188073163229856968e-02
1.840000000000000000e+02 1.142749645633026577e-02
1.845000000000000000e+02 1.262741737380915392e-02
1.850000000000000000e+02 1.245474632059371568e-02
1.855000000000000000e+02 1.313526408374166531e-02
1.860000000000000000e+02 1.329452070370111018e-02
1.865000000000000000e+02 1.393098540606763774e-02
1.870000000000000000e+02 1.404638546879929603e-02
1.875000000000000000e+02 1.396302740305550502e-02
1.880000000000000000e+02 1.487158832964222480e-02
1.885000000000000000e+02 1.525343929568229000e-02
1.890000000000000000e+02 1.566972561495052346e-02
1.895000000000000000e+02 1.613937178273994535e-02
1.900000000000000000e+02 1.603460918136806468e-02
1.905000000000000000e+02 1.597909004598035629e-02
1.910000000000000000e+02 1.565407996561492959e-02
1.915000000000000000e+02 1.546335675844549319e-02
1.920000000000000000e+02 1.564647750626472003e-02
1.925000000000000000e+02 1.536267445509819501e-02
1.930000000000000000e+02 1.561030181214469355e-02
1.935000000000000000e+02 1.506098509155250238e-02
1.940000000000000000e+02 1.426039044510246656e-02
1.945000000000000000e+02 1.326603161727977001e-02
1.950000000000000000e+02 1.139659084992521859e-02
1.955000000000000000e+02 1.062968982063519120e-02
1.960000000000000000e+02 9.895055847366414706e-03
1.965000000000000000e+02 8.478843107921157918e-03
1.970000000000000000e+02 7.318458870920028711e-03
1.975000000000000000e+02 6.754715650410757048e-03
1.980000000000000000e+02 5.943453394959084986e-03
1.985000000000000000e+02 5.081188313965103419e-03
1.990000000000000000e+02 4.822618026836402762e-03
1.995000000000000000e+02 4.599085445927258813e-03
2.000000000000000000e+02 3.901294739659048882e-03
2.005000000000000000e+02 3.949886772754270838e-03
2.010000000000000000e+02 3.526365499252624974e-03
2.015000000000000000e+02 3.523601164666077985e-03
2.020000000000000000e+02 3.151631326428994302e-03
2.025000000000000000e+02 3.657618075492000739e-03
2.030000000000000000e+02 3.721766683658266767e-03
2.035000000000000000e+02 3.543465474544425006e-03
2.040000000000000000e+02 3.409784384930185722e-03
2.045000000000000000e+02 3.073136797457783152e-03
2.050000000000000000e+02 2.609001543196121011e-03
2.055000000000000000e+02 2.991844880553959189e-03
2.060000000000000000e+02 3.387902064935425887e-03
2.065000000000000000e+02 3.356554548430298011e-03
2.070000000000000000e+02 2.906107007307064897e-03
2.075000000000000000e+02 3.420240562232507251e-03
2.080000000000000000e+02 3.439209975548105334e-03
2.085000000000000000e+02 3.521078337657173891e-03
2.090000000000000000e+02 2.863901437716828355e-03
2.095000000000000000e+02 3.320059593660649056e-03
2.100000000000000000e+02 3.237536802865241797e-03
2.105000000000000000e+02 3.053317866989110115e-03
2.110000000000000000e+02 3.276501569358388367e-03
2.115000000000000000e+02 2.769814576085295570e-03
2.120000000000000000e+02 2.930781647410831900e-03
2.125000000000000000e+02 3.438220028913131950e-03
2.130000000000000000e+02 3.523931293556106185e-03
2.135000000000000000e+02 3.494066061137123241e-03
2.140000000000000000e+02 3.454219421016729418e-03
2.145000000000000000e+02 3.020755956606896529e-03
2.150000000000000000e+02 3.135033311575470463e-03
2.155000000000000000e+02 4.151949113671084095e-03
2.160000000000000000e+02 3.348759786620976453e-03
2.165000000000000000e+02 3.262033399422257108e-03
2.170000000000000000e+02 3.597117301041528013e-03
2.175000000000000000e+02 3.399189798348088969e-03
2.180000000000000000e+02 3.360206449537316790e-03
2.185000000000000000e+02 3.456723631110602667e-03
2.190000000000000000e+02 3.408576048776108119e-03
2.195000000000000000e+02 3.526239580320935860e-03
2.200000000000000000e+02 3.457835153138317814e-03
