1.100000000000000000e+02 2.783427299514363174e-03
1.105000000000000000e+02 -9.762824301339635344e-03
1.110000000000000000e+02 3.315996249687189895e-02
1.115000000000000000e+02 9.639867243207929370e-02
1.120000000000000000e+02 -7.387433378461067714e-03
1.125000000000000000e+02 4.477250890272374551e-02
1.130000000000000000e+02 9.433104523938234953e-02
1.135000000000000000e+02 2.084937044163472780e-02
1.140000000000000000e+02 5.135896453980796084e-01
1.145000000000000000e+02 3.144813469342014334e-01
1.150000000000000000e+02 3.012562070978178630e-01
1.155000000000000000e+02 2.947117291247773330e-01
1.160000000000000000e+02 2.913631868507292610e-01
1.165000000000000000e+02 2.915724700250131862e-01
1.170000000000000000e+02 2.907344010028340420e-01
1.175000000000000000e+02 2.904857093814461888e-01
1.180000000000000000e+02 2.887760299282526311e-01
1.185000000000000000e+02 2.854168630886645408e-01
1.190000000000000000e+02 2.849302680222172701e-01
1.195000000000000000e+02 2.816311174616379365e-01
1.200000000000000000e+02 2.782106879656758847e-01
1.205000000000000000e+02 2.760928220238260677e-01
1.210000000000000000e+02 2.706037866637522882e-01
1.215000000000000000e+02 2.666856413547599725e-01
1.220000000000000000e+02 2.599678564819337123e-01
1.225000000000000000e+02 2.548899301593820499e-01
1.230000000000000000e+02 2.480549567498809560e-01
1.235000000000000000e+02 2.413499996340226217e-01
1.240000000000000000e+02 2.344066050008319912e-01
1.245000000000000000e+02 2.278821567107777724e-01
1.250000000000000000e+02 2.211022366366178216e-01
1.255000000000000000e+02 2.145707323230197638e-01
1.260000000000000000e+02 2.084076167642701094e-01
1.265000000000000000e+02 2.025096229487176880e-01
1.270000000000000000e+02 1.967986492924955755e-01
1.275000000000000000e+02 1.913461094068506785e-01
1.280000000000000000e+02 1.873460798557654849e-01
1.285000000000000000e+02 1.829026852941508796e-01
1.290000000000000000e+02 1.800041572693736047e-01
1.295000000000000000e+02 1.772510992771684779e-01
1.300000000000000000e+02 1.751439885432486410e-01
1.305000000000000000e+02 1.738689115391706119e-01
1.310000000000000000e+02 1.735840842288238761e-01
1.315000000000000000e+02 1.732075505811383476e-01
1.320000000000000000e+02 1.741756352096276717e-01
1.325000000000000000e+02 1.759743775792868836e-01
1.330000000000000000e+02 1.783229742585107358e-01
1.335000000000000000e+02 1.817762014008209581e-01
1.340000000000000000e+02 1.859543034058822319e-01
1.345000000000000000e+02 1.909897348693293528e-01
1.350000000000000000e+02 1.970505182900300356e-01
1.355000000000000000e+02 2.041446117423890982e-01
1.360000000000000000e+02 2.115030961201590787e-01
1.365000000000000000e+02 2.201172260757669474e-01
1.370000000000000000e+02 2.296670155471672858e-01
1.375000000000000000e+02 2.402497304123959454e-01
1.380000000000000000e+02 2.509081512436330264e-01
1.381999999999999886e+02 2.547730409838213639e-01
1.384000000000000057e+02 2.592318517909413811e-01
1.385999999999999943e+02 2.633736572539880916e-01
1.388000000000000114e+02 2.676387467370135997e-01
1.390000000000000000e+02 2.718407641151389109e-01
1.391999999999999886e+02 2.760719305745434893e-01
1.394000000000000057e+02 2.799181014822405000e-01
1.395999999999999943e+02 2.836888276664746855e-01
1.398000000000000114e+02 2.875738404548850990e-01
1.400000000000000000e+02 2.906511897563567870e-01
1.401999999999999886e+02 2.941015666246937776e-01
1.404000000000000057e+02 2.965313793271156517e-01
1.405999999999999943e+02 2.990753648204834136e-01
1.408000000000000114e+02 3.018759683008602202e-01
1.410000000000000000e+02 3.036670430436909651e-01
1.411999999999999886e+02 3.060227022608201786e-01
1.414000000000000057e+02 3.074905230609614737e-01
1.415999999999999943e+02 3.093659480681658636e-01
1.418000000000000114e+02 3.110456485752796096e-01
1.420000000000000000e+02 3.120136741545443959e-01
1.421999999999999886e+02 3.137941522991924970e-01
1.424000000000000057e+02 3.145681135061674794e-01
1.425999999999999943e+02 3.156244275356104856e-01
1.428000000000000114e+02 3.163609540720436208e-01
1.430000000000000000e+02 3.167353986502849938e-01
1.431999999999999886e+02 3.172588188922048635e-01
1.434000000000000057e+02 3.176357487255213607e-01
1.435999999999999943e+02 3.171272145943211940e-01
1.438000000000000114e+02 3.168667676789111431e-01
1.440000000000000000e+02 3.165329556690801294e-01
1.441999999999999886e+02 3.152061712582454600e-01
1.444000000000000057e+02 3.140436027149703935e-01
1.445999999999999943e+02 3.125383126363983077e-01
1.448000000000000114e+02 3.109108802552310036e-01
1.450000000000000000e+02 3.087691237196241723e-01
1.451999999999999886e+02 3.066844242989744673e-01
1.454000000000000057e+02 3.042198553316149412e-01
1.455999999999999943e+02 3.016458902454214885e-01
1.458000000000000114e+02 2.990316565860257625e-01
1.460000000000000000e+02 2.959310033934092754e-01
1.461999999999999886e+02 2.925299314023634412e-01
1.464000000000000057e+02 2.890518796060361773e-01
1.465999999999999943e+02 2.854985916830626858e-01
1.468000000000000114e+02 2.817642100657974380e-01
1.470000000000000000e+02 2.777403185632726923e-01
1.471999999999999886e+02 2.738009390443059687e-01
1.474000000000000057e+02 2.694384911783370140e-01
1.475999999999999943e+02 2.648738641414146167e-01
1.478000000000000114e+02 2.605376908146317949e-01
1.480000000000000000e+02 2.556792304564260987e-01
1.481999999999999886e+02 2.511451530812683908e-01
1.484000000000000057e+02 2.464607380770282574e-01
1.485999999999999943e+02 2.428114149461876869e-01
1.488000000000000114e+02 2.386683543581915035e-01
1.490000000000000000e+02 2.348266041481079647e-01
1.491999999999999886e+02 2.307442078778220440e-01
1.494000000000000057e+02 2.266810513106902181e-01
1.495999999999999943e+02 2.231354751296622807e-01
1.498000000000000114e+02 2.194921715027922660e-01
1.500000000000000000e+02 2.152885153527218376e-01
1.505000000000000000e+02 2.073866364968321996e-01
1.510000000000000000e+02 1.982719558378703284e-01
1.515000000000000000e+02 1.898925013684497065e-01
1.520000000000000000e+02 1.819985970832189714e-01
1.525000000000000000e+02 1.744223313664470254e-01
1.530000000000000000e+02 1.676701560748877218e-01
1.535000000000000000e+02 1.605140729869116711e-01
1.540000000000000000e+02 1.535047894745159569e-01
1.545000000000000000e+02 1.464957717915296720e-01
1.550000000000000000e+02 1.390081708584185172e-01
1.555000000000000000e+02 1.308446615574247740e-01
1.560000000000000000e+02 1.229196190622178914e-01
1.565000000000000000e+02 1.138999852195991119e-01
1.570000000000000000e+02 1.054045999450422266e-01
1.575000000000000000e+02 9.680814838862319971e-02
1.580000000000000000e+02 8.837597186621329315e-02
1.585000000000000000e+02 7.892123877689845302e-02
1.590000000000000000e+02 6.951934779237069206e-02
1.595000000000000000e+02 6.071730536699459363e-02
1.600000000000000000e+02 5.202551403344177205e-02
1.605000000000000000e+02 4.426721691794952701e-02
1.610000000000000000e+02 3.704187713600051030e-02
1.615000000000000000e+02 3.053479374108981209e-02
1.620000000000000000e+02 2.489596166872841410e-02
1.625000000000000000e+02 2.012758418661037690e-02
1.630000000000000000e+02 1.609046467448718362e-02
1.635000000000000000e+02 1.242437457230698324e-02
1.640000000000000000e+02 1.015626071920657653e-02
1.645000000000000000e+02 8.053033602628578355e-03
1.650000000000000000e+02 6.488255219219595665e-03
1.655000000000000000e+02 5.320764870560806999e-03
1.660000000000000000e+02 3.864053373097780207e-03
1.665000000000000000e+02 3.279316354688098338e-03
1.670000000000000000e+02 2.726543498150440278e-03
1.675000000000000000e+02 2.593006696278111686e-03
1.680000000000000000e+02 1.712566312895624776e-03
1.685000000000000000e+02 1.175536481459921005e-03
1.690000000000000000e+02 1.140354573694389844e-03
1.695000000000000000e+02 8.375251870404047455e-04
1.700000000000000000e+02 4.786698690778764306e-04
1.705000000000000000e+02 5.669037454455628112e-04
1.710000000000000000e+02 6.914393442979530676e-04
1.715000000000000000e+02 4.141911053606991207e-04
1.720000000000000000e+02 5.257857370431683270e-04
1.725000000000000000e+02 4.029844132384072545e-04
1.730000000000000000e+02 5.581651015926165959e-04
1.735000000000000000e+02 5.717215111049926083e-04
1.740000000000000000e+02 6.831875851874901840e-04
1.745000000000000000e+02 4.381222950124053373e-04
1.750000000000000000e+02 4.900692970734868903e-04
1.755000000000000000e+02 1.426963301010688656e-03
1.760000000000000000e+02 1.036061922459985581e-03
1.765000000000000000e+02 1.034707041783539030e-03
1.770000000000000000e+02 1.407088792872340397e-03
1.775000000000000000e+02 1.512213290448129188e-03
1.780000000000000000e+02 1.822230974546399512e-03
1.785000000000000000e+02 2.032763518982427711e-03
1.790000000000000000e+02 2.306530031909658288e-03
1.795000000000000000e+02 2.474951131895084672e-03
1.800000000000000000e+02 2.739027451194984801e-03
1.805000000000000000e+02 3.242989001726804404e-03
1.810000000000000000e+02 3.236972047261969365e-03
1.815000000000000000e+02 3.124694625386220150e-03
1.820000000000000000e+02 3.779703363347266913e-03
1.825000000000000000e+02 3.907160218749945908e-03
1.830000000000000000e+02 4.280017369378374785e-03
1.835000000000000000e+02 4.021359703965064585e-03
1.840000000000000000e+02 4.722477210392524681e-03
1.845000000000000000e+02 5.204938322297459653e-03
1.850000000000000000e+02 5.246439928105281307e-03
1.855000000000000000e+02 5.338495061213286569e-03
1.860000000000000000e+02 6.007223499448549262e-03
1.865000000000000000e+02 5.968927591797490960e-03
1.870000000000000000e+02 6.312051710630948130e-03
1.875000000000000000e+02 6.582854681274678994e-03
1.880000000000000000e+02 6.610703915030940667e-03
1.885000000000000000e+02 7.210145811865431922e-03
1.890000000000000000e+02 7.683270476850142562e-03
1.895000000000000000e+02 7.845434700954046631e-03
1.900000000000000000e+02 8.344375604191621443e-03
1.905000000000000000e+02 8.467361409827494495e-03
1.910000000000000000e+02 8.216222978094446169e-03
1.915000000000000000e+02 8.297207786628518419e-03
1.920000000000000000e+02 7.878929203476235654e-03
1.925000000000000000e+02 8.483645782022786533e-03
1.930000000000000000e+02 8.590095323582088924e-03
1.935000000000000000e+02 8.662299784345621478e-03
1.940000000000000000e+02 8.219967166850111751e-03
1.945000000000000000e+02 8.248267896480089914e-03
1.950000000000000000e+02 7.693105149416607988e-03
1.955000000000000000e+02 7.557997280848738689e-03
1.960000000000000000e+02 6.953585121861409826e-03
1.965000000000000000e+02 6.622147422577736794e-03
1.970000000000000000e+02 6.198131496777972878e-03
1.975000000000000000e+02 5.975175528149930144e-03
1.980000000000000000e+02 5.461246172928211143e-03
1.985000000000000000e+02 5.045711480339023364e-03
1.990000000000000000e+02 4.408559910094125324e-03
1.995000000000000000e+02 4.127745329744195862e-03
2.000000000000000000e+02 4.032093186283445749e-03
2.005000000000000000e+02 3.672911915518594587e-03
2.010000000000000000e+02 3.310598962002600509e-03
2.015000000000000000e+02 3.265948481906247401e-03
2.020000000000000000e+02 2.995332293734478870e-03
2.025000000000000000e+02 3.324321947314458521e-03
2.030000000000000000e+02 3.121298920478055537e-03
2.035000000000000000e+02 2.980164519033715303e-03
2.040000000000000000e+02 2.898617026339176100e-03
2.045000000000000000e+02 2.970890717426377323e-03
2.050000000000000000e+02 2.763064428431400571e-03
2.055000000000000000e+02 2.745839560881508257e-03
2.060000000000000000e+02 2.478096282337247276e-03
2.065000000000000000e+02 3.177189079931830654e-03
2.070000000000000000e+02 2.682402523070101085e-03
2.075000000000000000e+02 2.728171293864503633e-03
2.080000000000000000e+02 2.803260631117125267e-03
2.085000000000000000e+02 2.709564420894570308e-03
2.090000000000000000e+02 2.802237328068565760e-03
2.095000000000000000e+02 2.777373073835419631e-03
2.100000000000000000e+02 3.119883683667131532e-03
2.105000000000000000e+02 2.987027599213768186e-03
2.110000000000000000e+02 3.116976577553532378e-03
2.115000000000000000e+02 2.759305951712328394e-03
2.120000000000000000e+02 2.953733664669037744e-03
2.125000000000000000e+02 2.789177903339718021e-03
2.130000000000000000e+02 2.873044455781877463e-03
2.135000000000000000e+02 2.980238488882725172e-03
2.140000000000000000e+02 2.827780160788434440e-03
2.145000000000000000e+02 2.759106376752906535e-03
2.150000000000000000e+02 3.091791362969293928e-03
2.155000000000000000e+02 2.930856711886245611e-03
2.160000000000000000e+02 3.262716614170629425e-03
2.165000000000000000e+02 2.900366115016298277e-03
2.170000000000000000e+02 3.167518544053761487e-03
2.175000000000000000e+02 3.425679556339736049e-03
2.180000000000000000e+02 3.161458298046600224e-03
2.185000000000000000e+02 3.578867586763546937e-03
2.190000000000000000e+02 3.466170993466969469e-03
2.195000000000000000e+02 3.531473150467813807e-03
2.200000000000000000e+02 3.832635420811328093e-03
