1.100000000000000000e+02 -5.512691882328081550e-02
1.105000000000000000e+02 -8.792979931201076738e-02
1.110000000000000000e+02 -3.619210616760469568e-02
1.115000000000000000e+02 -1.833322258301928881e-02
1.120000000000000000e+02 -3.624285993963485396e-03
1.125000000000000000e+02 1.763161442088354925e-03
1.130000000000000000e+02 -6.514703603230820317e-02
1.135000000000000000e+02 -1.684678248872834017e-01
1.140000000000000000e+02 nan
1.145000000000000000e+02 9.111314073816589865e-01
1.150000000000000000e+02 8.386191562683736889e-01
1.155000000000000000e+02 8.265276369924257072e-01
1.160000000000000000e+02 8.095099160133586436e-01
1.165000000000000000e+02 8.029206805326458696e-01
1.170000000000000000e+02 7.935593224900598930e-01
1.175000000000000000e+02 7.869856810881410425e-01
1.180000000000000000e+02 7.770649914387552926e-01
1.185000000000000000e+02 7.719495704229611954e-01
1.190000000000000000e+02 7.636763523421123967e-01
1.195000000000000000e+02 7.518197695692365734e-01
1.200000000000000000e+02 7.471389421799168318e-01
1.205000000000000000e+02 7.327704616708319296e-01
1.210000000000000000e+02 7.206744963366282786e-01
1.215000000000000000e+02 7.112527346605893586e-01
1.220000000000000000e+02 6.977330455809545029e-01
1.225000000000000000e+02 6.829777386735327305e-01
1.230000000000000000e+02 6.683057962260178231e-01
1.235000000000000000e+02 6.531191942617500246e-01
1.240000000000000000e+02 6.384490014697591365e-01
1.245000000000000000e+02 6.244921291951610609e-01
1.250000000000000000e+02 6.081570021144133698e-01
1.255000000000000000e+02 5.929693962468117752e-01
1.260000000000000000e+02 5.795947144077487900e-01
1.265000000000000000e+02 5.661018222499446528e-01
1.270000000000000000e+02 5.533635986799425588e-01
1.275000000000000000e+02 5.408608540095869444e-01
1.280000000000000000e+02 5.296016266904215453e-01
1.285000000000000000e+02 5.197437936412812043e-01
1.290000000000000000e+02 5.106477500746613440e-01
1.295000000000000000e+02 5.023887353909536335e-01
1.300000000000000000e+02 4.956860969487039137e-01
1.305000000000000000e+02 4.897226520948728679e-01
1.310000000000000000e+02 4.850187271574514236e-01
1.315000000000000000e+02 4.817135839189585766e-01
1.320000000000000000e+02 4.801045723931343656e-01
1.325000000000000000e+02 4.807978925641465673e-01
1.330000000000000000e+02 4.824605818100266563e-01
1.335000000000000000e+02 4.862579598357648636e-01
1.340000000000000000e+02 4.923885441061760515e-01
1.345000000000000000e+02 4.997860844255646584e-01
1.350000000000000000e+02 5.095163035696073095e-01
1.355000000000000000e+02 5.214400160842435072e-01
1.360000000000000000e+02 5.359580102028342896e-01
1.365000000000000000e+02 5.526735383258070122e-01
1.370000000000000000e+02 5.710626052323891644e-01
1.375000000000000000e+02 5.917578723257875817e-01
1.380000000000000000e+02 6.131064883517863828e-01
1.381999999999999886e+02 6.222455188697856299e-01
1.384000000000000057e+02 6.304517844860537679e-01
1.385999999999999943e+02 6.388046885623024362e-01
1.388000000000000114e+02 6.470466103258883939e-01
1.390000000000000000e+02 6.550868079439980951e-01
1.391999999999999886e+02 6.628816754649841103e-01
1.394000000000000057e+02 6.704627249479266915e-01
1.395999999999999943e+02 6.776305013422236900e-01
1.398000000000000114e+02 6.848627325739079508e-01
1.400000000000000000e+02 6.919001599454993601e-01
1.401999999999999886e+02 6.983562624636747707e-01
1.404000000000000057e+02 7.045582211786158844e-01
1.405999999999999943e+02 7.103251899482678766e-01
1.408000000000000114e+02 7.157535263749553733e-01
1.410000000000000000e+02 7.208656092450977937e-01
1.411999999999999886e+02 7.257329805042316284e-01
1.414000000000000057e+02 7.302544161584794136e-01
1.415999999999999943e+02 7.343059592840436300e-01
1.418000000000000114e+02 7.387205395556425414e-01
1.420000000000000000e+02 7.421778123841001884e-01
1.421999999999999886e+02 7.455685586991149805e-01
1.424000000000000057e+02 7.486078691230371174e-01
1.425999999999999943e+02 7.510452968881519142e-01
1.428000000000000114e+02 7.535711741041204448e-01
1.430000000000000000e+02 7.553441545333733353e-01
1.431999999999999886e+02 7.568161274108642367e-01
1.434000000000000057e+02 7.574387518997733881e-01
1.435999999999999943e+02 7.577292307765168822e-01
1.438000000000000114e+02 7.577452669488720094e-01
1.440000000000000000e+02 7.567621830955072459e-01
1.441999999999999886e+02 7.556426995921015077e-01
1.444000000000000057e+02 7.536091621871996438e-01
1.445999999999999943e+02 7.506251905157483861e-01
1.448000000000000114e+02 7.478765585769904245e-01
1.450000000000000000e+02 7.447245670934479200e-01
1.451999999999999886e+02 7.407996512710653958e-01
1.454000000000000057e+02 7.365918319436672856e-01
1.455999999999999943e+02 7.318237953249121519e-01
1.458000000000000114e+02 7.269477202592410370e-01
1.460000000000000000e+02 7.214845255518176348e-01
1.461999999999999886e+02 7.153390301722570843e-01
1.464000000000000057e+02 7.090432757400347841e-01
1.465999999999999943e+02 7.025190243876270335e-01
1.468000000000000114e+02 6.950664448603771639e-01
1.470000000000000000e+02 6.874871731828704480e-01
1.471999999999999886e+02 6.794700329678101669e-01
1.474000000000000057e+02 6.709746086614261085e-01
1.475999999999999943e+02 6.620274183210930197e-01
1.478000000000000114e+02 6.530195577059189072e-01
1.480000000000000000e+02 6.440005393003617185e-01
1.481999999999999886e+02 6.351294561831027918e-01
1.484000000000000057e+02 6.266755963815598962e-01
1.485999999999999943e+02 6.183214462470258965e-01
1.488000000000000114e+02 6.103264624325135390e-01
1.490000000000000000e+02 6.024592839952896961e-01
1.491999999999999886e+02 5.947520644682782187e-01
1.494000000000000057e+02 5.869620070453537286e-01
1.495999999999999943e+02 5.789184280793239212e-01
1.498000000000000114e+02 5.710890166660254064e-01
1.500000000000000000e+02 5.626972254979618615e-01
1.505000000000000000e+02 5.423871499127844720e-01
1.510000000000000000e+02 5.222331464963351211e-01
1.515000000000000000e+02 5.019907514909275337e-01
1.520000000000000000e+02 4.822704006529412446e-01
1.525000000000000000e+02 4.639274667738227942e-01
1.530000000000000000e+02 4.465678607714437809e-01
1.535000000000000000e+02 4.290795877896694810e-01
1.540000000000000000e+02 4.105170644461271778e-01
1.545000000000000000e+02 3.905754314838278396e-01
1.550000000000000000e+02 3.696691500738053526e-01
1.555000000000000000e+02 3.476325468904363225e-01
1.560000000000000000e+02 3.242316352537563118e-01
1.565000000000000000e+02 2.998567062230517166e-01
1.570000000000000000e+02 2.757740992420418813e-01
1.575000000000000000e+02 2.513309317145916433e-01
1.580000000000000000e+02 2.266283200082962745e-01
1.585000000000000000e+02 2.024025749912944649e-01
1.590000000000000000e+02 1.782374749382243384e-01
1.595000000000000000e+02 1.550823042710088306e-01
1.600000000000000000e+02 1.331825208740682054e-01
1.605000000000000000e+02 1.130547886193953022e-01
1.610000000000000000e+02 9.489981369444741577e-02
1.615000000000000000e+02 7.895195595111137443e-02
1.620000000000000000e+02 6.527485893416030971e-02
1.625000000000000000e+02 5.380575040768433015e-02
1.630000000000000000e+02 4.433208805974968303e-02
1.635000000000000000e+02 3.675939866530468503e-02
1.640000000000000000e+02 3.067906101794209278e-02
1.645000000000000000e+02 2.586282368029598974e-02
1.650000000000000000e+02 2.185246521848139764e-02
1.655000000000000000e+02 1.906015237346535621e-02
1.660000000000000000e+02 1.624157456731858268e-02
1.665000000000000000e+02 1.430902909474334773e-02
1.670000000000000000e+02 1.275412317183353440e-02
1.675000000000000000e+02 1.130639590074626437e-02
1.680000000000000000e+02 1.048634442742112441e-02
1.685000000000000000e+02 9.834635712883109740e-03
1.690000000000000000e+02 9.473409432770890648e-03
1.695000000000000000e+02 9.152193390096858769e-03
1.700000000000000000e+02 8.973349647225539044e-03
1.705000000000000000e+02 8.736315593042965136e-03
1.710000000000000000e+02 8.571225170349616382e-03
1.715000000000000000e+02 8.577256550212561392e-03
1.720000000000000000e+02 8.673283154202543477e-03
1.725000000000000000e+02 8.342633461791901933e-03
1.730000000000000000e+02 8.312937051634439189e-03
1.735000000000000000e+02 8.421611407607701785e-03
1.740000000000000000e+02 8.250219889307306223e-03
1.745000000000000000e+02 8.236914400861512081e-03
1.750000000000000000e+02 8.354255193877956759e-03
1.755000000000000000e+02 8.561991400334270641e-03
1.760000000000000000e+02 8.764371331360343645e-03
1.765000000000000000e+02 9.035480703627654653e-03
1.770000000000000000e+02 8.980611869835789657e-03
1.775000000000000000e+02 9.690467031899062736e-03
1.780000000000000000e+02 9.737810196743756225e-03
1.785000000000000000e+02 1.023154779628614695e-02
1.790000000000000000e+02 1.014664433177891838e-02
1.795000000000000000e+02 1.038806073724865206e-02
1.800000000000000000e+02 1.058410888193776073e-02
1.805000000000000000e+02 1.094664915569871881e-02
1.810000000000000000e+02 1.114581788517223122e-02
1.815000000000000000e+02 1.140175411198741072e-02
1.820000000000000000e+02 1.162003737383615794e-02
1.825000000000000000e+02 1.187372211320066040e-02
1.830000000000000000e+02 1.227598798682376195e-02
1.835000000000000000e+02 1.249214802095447926e-02
1.840000000000000000e+02 1.291810103401664495e-02
1.845000000000000000e+02 1.357176518126143594e-02
1.850000000000000000e+02 1.395051351814364377e-02
1.855000000000000000e+02 1.428413879265771555e-02
1.860000000000000000e+02 1.456057333895712132e-02
1.865000000000000000e+02 1.494086408558911207e-02
1.870000000000000000e+02 1.547763390948905630e-02
1.875000000000000000e+02 1.571559092904670912e-02
1.880000000000000000e+02 1.600112345190007543e-02
1.885000000000000000e+02 1.657104038304534760e-02
1.890000000000000000e+02 1.663946560053505483e-02
1.895000000000000000e+02 1.675523130734574151e-02
1.900000000000000000e+02 1.690710919586945263e-02
1.905000000000000000e+02 1.670738041076988076e-02
1.910000000000000000e+02 1.637035004330757507e-02
1.915000000000000000e+02 1.635619623270169118e-02
1.920000000000000000e+02 1.626099941231268914e-02
1.925000000000000000e+02 1.638514843446959093e-02
1.930000000000000000e+02 1.605776521619233302e-02
1.935000000000000000e+02 1.579171553172378090e-02
1.940000000000000000e+02 1.535547136720145055e-02
1.945000000000000000e+02 1.492087790272482797e-02
1.950000000000000000e+02 1.386601572901136059e-02
1.955000000000000000e+02 1.327638654432711229e-02
1.960000000000000000e+02 1.203540002958676178e-02
1.965000000000000000e+02 1.143571788226352588e-02
1.970000000000000000e+02 1.094097335312226547e-02
1.975000000000000000e+02 1.015530077928483016e-02
1.980000000000000000e+02 9.927225424840122742e-03
1.985000000000000000e+02 9.213175086322808807e-03
1.990000000000000000e+02 8.666089885389267194e-03
1.995000000000000000e+02 8.199131931874723347e-03
2.000000000000000000e+02 7.965072483138255222e-03
2.005000000000000000e+02 7.565594678473361832e-03
2.010000000000000000e+02 7.153062816400618078e-03
2.015000000000000000e+02 7.125640038320623509e-03
2.020000000000000000e+02 6.891289402526775028e-03
2.025000000000000000e+02 6.649912985037509036e-03
2.030000000000000000e+02 6.633992276329485349e-03
2.035000000000000000e+02 6.625697288690161023e-03
2.040000000000000000e+02 6.463517078298553625e-03
2.045000000000000000e+02 6.574230333480910772e-03
2.050000000000000000e+02 6.438229547226366825e-03
2.055000000000000000e+02 6.617992245201781247e-03
2.060000000000000000e+02 6.591327315830789596e-03
2.065000000000000000e+02 6.597827910639163587e-03
2.070000000000000000e+02 6.486724581100274806e-03
2.075000000000000000e+02 6.479622778524457560e-03
2.080000000000000000e+02 6.764213034878141864e-03
2.085000000000000000e+02 6.811172556741530368e-03
2.090000000000000000e+02 6.755214418004998507e-03
2.095000000000000000e+02 6.749848152277553547e-03
2.100000000000000000e+02 6.655457668417351889e-03
2.105000000000000000e+02 6.699316692295749671e-03
2.110000000000000000e+02 6.345996948054614430e-03
2.115000000000000000e+02 6.293648536792370747e-03
2.120000000000000000e+02 5.980791121298730667e-03
2.125000000000000000e+02 5.864115682626886046e-03
2.130000000000000000e+02 6.031907786653504036e-03
2.135000000000000000e+02 5.597882313428385881e-03
2.140000000000000000e+02 5.748251675765052651e-03
2.145000000000000000e+02 5.598923962310384597e-03
2.150000000000000000e+02 5.696998393449108355e-03
2.155000000000000000e+02 5.570213294062918187e-03
2.160000000000000000e+02 5.535986544539676056e-03
2.165000000000000000e+02 5.644315981284623446e-03
2.170000000000000000e+02 5.618880439041966553e-03
2.175000000000000000e+02 5.710147552815179536e-03
2.180000000000000000e+02 5.625909944082600408e-03
2.185000000000000000e+02 5.559800032455897503e-03
2.190000000000000000e+02 5.510229020222974505e-03
2.195000000000000000e+02 5.516309870256782925e-03
2.200000000000000000e+02 5.488867858070069564e-03
