1.100000000000000000e+02 -4.175341902806180283e-02
1.105000000000000000e+02 9.276897467184663792e-02
1.110000000000000000e+02 -4.080132371079597808e-03
1.115000000000000000e+02 -5.773951841552855437e-03
1.120000000000000000e+02 8.877069020773761636e-04
1.125000000000000000e+02 -3.244462572801731781e-02
1.130000000000000000e+02 7.179472150300379718e-02
1.135000000000000000e+02 5.695065519355204525e-02
1.140000000000000000e+02 8.913117268358615730e-01
1.145000000000000000e+02 4.068859459335761874e-01
1.150000000000000000e+02 3.917593580436074530e-01
1.155000000000000000e+02 3.839470495408374151e-01
1.160000000000000000e+02 3.849205818824938952e-01
1.165000000000000000e+02 3.767102578767313470e-01
1.170000000000000000e+02 3.758735900262624718e-01
1.175000000000000000e+02 3.751009168000864480e-01
1.180000000000000000e+02 3.715774588071637519e-01
1.185000000000000000e+02 3.676050823010467705e-01
1.190000000000000000e+02 3.648877666982427992e-01
1.195000000000000000e+02 3.627705600793651453e-01
1.200000000000000000e+02 3.572373436583379247e-01
1.205000000000000000e+02 3.541665117461874623e-01
1.210000000000000000e+02 3.484828647693286041e-01
1.215000000000000000e+02 3.411740396791547725e-01
1.220000000000000000e+02 3.355811363389595292e-01
1.225000000000000000e+02 3.279769110252425679e-01
1.230000000000000000e+02 3.205896075057004246e-01
1.235000000000000000e+02 3.118614624399702606e-01
1.240000000000000000e+02 3.033573972637492733e-01
1.245000000000000000e+02 2.953557967577933874e-01
1.250000000000000000e+02 2.863184557849591250e-01
1.255000000000000000e+02 2.785326520779190518e-01
1.260000000000000000e+02 2.710763194297917122e-01
1.265000000000000000e+02 2.631763007218129724e-01
1.270000000000000000e+02 2.567623764801333919e-01
1.275000000000000000e+02 2.504269720844657376e-01
1.280000000000000000e+02 2.449563676559421976e-01
1.285000000000000000e+02 2.399412882963261051e-01
1.290000000000000000e+02 2.363665481482600528e-01
1.295000000000000000e+02 2.331235886039779714e-01
1.300000000000000000e+02 2.301339934237657536e-01
1.305000000000000000e+02 2.284773678949124365e-01
1.310000000000000000e+02 2.272986845445371107e-01
1.315000000000000000e+02 2.272668970461259874e-01
1.320000000000000000e+02 2.277632399168571797e-01
1.325000000000000000e+02 2.297480593585423669e-01
1.330000000000000000e+02 2.329350095921836894e-01
1.335000000000000000e+02 2.369515682208031826e-01
1.340000000000000000e+02 2.419942719567108880e-01
1.345000000000000000e+02 2.481739590838017706e-01
1.350000000000000000e+02 2.553273512078449436e-01
1.355000000000000000e+02 2.634460055261916289e-01
1.360000000000000000e+02 2.733324806763371417e-01
1.365000000000000000e+02 2.841502168532676342e-01
1.370000000000000000e+02 2.958992778837367665e-01
1.375000000000000000e+02 3.090053337602672312e-01
1.380000000000000000e+02 3.221327353993325704e-01
1.381999999999999886e+02 3.269631375135474416e-01
1.384000000000000057e+02 3.324324570262606193e-01
1.385999999999999943e+02 3.379250255155903937e-01
1.388000000000000114e+02 3.428642570984738458e-01
1.390000000000000000e+02 3.482341626170994409e-01
1.391999999999999886e+02 3.529639867332307612e-01
1.394000000000000057e+02 3.574932096111052560e-01
1.395999999999999943e+02 3.623404939253409562e-01
1.398000000000000114e+02 3.663812222420498310e-01
1.400000000000000000e+02 3.703406316215022143e-01
1.401999999999999886e+02 3.743306901670966358e-01
1.404000000000000057e+02 3.778812175834402320e-01
1.405999999999999943e+02 3.808085376165300517e-01
1.408000000000000114e+02 3.835994984115415063e-01
1.410000000000000000e+02 3.864031201236850510e-01
1.411999999999999886e+02 3.885220097158341157e-01
1.414000000000000057e+02 3.904324541743921517e-01
1.415999999999999943e+02 3.926574100684460111e-01
1.418000000000000114e+02 3.941756024886968190e-01
1.420000000000000000e+02 3.955203379818813536e-01
1.421999999999999886e+02 3.974598171037391214e-01
1.424000000000000057e+02 3.983974499760887800e-01
1.425999999999999943e+02 3.992904791108015661e-01
1.428000000000000114e+02 4.003845569983059405e-01
1.430000000000000000e+02 4.008474447901181348e-01
1.431999999999999886e+02 4.010052796453020818e-01
1.434000000000000057e+02 4.007989231145301923e-01
1.435999999999999943e+02 4.003691574526928587e-01
1.438000000000000114e+02 3.997399737734728675e-01
1.440000000000000000e+02 3.986833996132915781e-01
1.441999999999999886e+02 3.971728165093731389e-01
1.444000000000000057e+02 3.955938699046493423e-01
1.445999999999999943e+02 3.934892994619615947e-01
1.448000000000000114e+02 3.911263129492979496e-01
1.450000000000000000e+02 3.889201477617990066e-01
1.451999999999999886e+02 3.861566597034745696e-01
1.454000000000000057e+02 3.823958392526904393e-01
1.455999999999999943e+02 3.789978317599715374e-01
1.458000000000000114e+02 3.751221034113119690e-01
1.460000000000000000e+02 3.718030039401287179e-01
1.461999999999999886e+02 3.676098736706120973e-01
1.464000000000000057e+02 3.633298380873225542e-01
1.465999999999999943e+02 3.586439483367954706e-01
1.468000000000000114e+02 3.534293760984483779e-01
1.470000000000000000e+02 3.484828763696664611e-01
1.471999999999999886e+02 3.426036930126198365e-01
1.474000000000000057e+02 3.372613806127339742e-01
1.475999999999999943e+02 3.314113420398189791e-01
1.478000000000000114e+02 3.263439732028808882e-01
1.480000000000000000e+02 3.198905251404161043e-01
1.481999999999999886e+02 3.150324777648350061e-01
1.484000000000000057e+02 3.097128923078035223e-01
1.485999999999999943e+02 3.046542713551669834e-01
1.488000000000000114e+02 2.989761508925905531e-01
1.490000000000000000e+02 2.946224037739908486e-01
1.491999999999999886e+02 2.894900320217723699e-01
1.494000000000000057e+02 2.844820230419090046e-01
1.495999999999999943e+02 2.801343014350900495e-01
1.498000000000000114e+02 2.749161926616400797e-01
1.500000000000000000e+02 2.702063458271624086e-01
1.505000000000000000e+02 2.592191595513005375e-01
1.510000000000000000e+02 2.480033796231734811e-01
1.515000000000000000e+02 2.373837186592612503e-01
1.520000000000000000e+02 2.273010525760320311e-01
1.525000000000000000e+02 2.178973933885446079e-01
1.530000000000000000e+02 2.085693063104713807e-01
1.535000000000000000e+02 1.999807484890693265e-01
1.540000000000000000e+02 1.907126397164153886e-01
1.545000000000000000e+02 1.812167320298421203e-01
1.550000000000000000e+02 1.713746840169931285e-01
1.555000000000000000e+02 1.613460056330700276e-01
1.560000000000000000e+02 1.503326167367368960e-01
1.565000000000000000e+02 1.391599203882805946e-01
1.570000000000000000e+02 1.283597157095746344e-01
1.575000000000000000e+02 1.171603929052561083e-01
1.580000000000000000e+02 1.052818383748069797e-01
1.585000000000000000e+02 9.387789272004434804e-02
1.590000000000000000e+02 8.206101410674301877e-02
1.595000000000000000e+02 7.111821573824175791e-02
1.600000000000000000e+02 6.037653644755119897e-02
1.605000000000000000e+02 5.059390169798248793e-02
1.610000000000000000e+02 4.189024028525310112e-02
1.615000000000000000e+02 3.412018218289612770e-02
1.620000000000000000e+02 2.778201799884237252e-02
1.625000000000000000e+02 2.183230230624723031e-02
1.630000000000000000e+02 1.724585800469968094e-02
1.635000000000000000e+02 1.389482279391311692e-02
1.640000000000000000e+02 1.089328201035807096e-02
1.645000000000000000e+02 8.733362443052658519e-03
1.650000000000000000e+02 6.813938847851812482e-03
1.655000000000000000e+02 5.217324913608132470e-03
1.660000000000000000e+02 4.333635469361536360e-03
1.665000000000000000e+02 3.549946979168339730e-03
1.670000000000000000e+02 2.830482861811259559e-03
1.675000000000000000e+02 2.396637612368039596e-03
1.680000000000000000e+02 1.911483825973147796e-03
1.685000000000000000e+02 1.789577135456999878e-03
1.690000000000000000e+02 1.632931778406321614e-03
1.695000000000000000e+02 1.248049075784516239e-03
1.700000000000000000e+02 1.135532550584735217e-03
1.705000000000000000e+02 6.644165913729886946e-04
1.710000000000000000e+02 6.331241644773047059e-04
1.715000000000000000e+02 8.990737979062791508e-04
1.720000000000000000e+02 8.087640733513257836e-04
1.725000000000000000e+02 5.689198772812069675e-04
1.730000000000000000e+02 5.629471775254114201e-04
1.735000000000000000e+02 1.166775723948003645e-03
1.740000000000000000e+02 1.183577515151316463e-03
1.745000000000000000e+02 9.992190244499132065e-04
1.750000000000000000e+02 1.273370076219456975e-03
1.755000000000000000e+02 1.559891932621724087e-03
1.760000000000000000e+02 1.434394085410416013e-03
1.765000000000000000e+02 1.476564576081034960e-03
1.770000000000000000e+02 1.594452224570742102e-03
1.775000000000000000e+02 1.728651557675911412e-03
1.780000000000000000e+02 2.412826677956068748e-03
1.785000000000000000e+02 2.460763678293132525e-03
1.790000000000000000e+02 2.473610281149126334e-03
1.795000000000000000e+02 2.966342675775713450e-03
1.800000000000000000e+02 2.976893828654709074e-03
1.805000000000000000e+02 3.029560142142020962e-03
1.810000000000000000e+02 3.138840153919609643e-03
1.815000000000000000e+02 3.421040903626767354e-03
1.820000000000000000e+02 3.685736769883168288e-03
1.825000000000000000e+02 3.820686516917150364e-03
1.830000000000000000e+02 4.139232451100281762e-03
1.835000000000000000e+02 3.962152518616091079e-03
1.840000000000000000e+02 4.067197135756147469e-03
1.845000000000000000e+02 4.401662640104001684e-03
1.850000000000000000e+02 4.446634257646671883e-03
1.855000000000000000e+02 4.779130385219185900e-03
1.860000000000000000e+02 4.679160304774771309e-03
1.865000000000000000e+02 4.914575617714233083e-03
1.870000000000000000e+02 4.925383958469983260e-03
1.875000000000000000e+02 4.848441899261101556e-03
1.880000000000000000e+02 5.285737526337342188e-03
1.885000000000000000e+02 5.333017217314502990e-03
1.890000000000000000e+02 5.152459411025581484e-03
1.895000000000000000e+02 5.262242581750477093e-03
1.900000000000000000e+02 5.452221332901926662e-03
1.905000000000000000e+02 5.659078604582997059e-03
1.910000000000000000e+02 5.571218833133132105e-03
1.915000000000000000e+02 5.402755625404957393e-03
1.920000000000000000e+02 5.466753007200555667e-03
1.925000000000000000e+02 5.324136168415705139e-03
1.930000000000000000e+02 5.611913809160420583e-03
1.935000000000000000e+02 5.719678530088321070e-03
1.940000000000000000e+02 5.586310184574350308e-03
1.945000000000000000e+02 5.422894776273489217e-03
1.950000000000000000e+02 5.166945932381145426e-03
1.955000000000000000e+02 5.139234587114748648e-03
1.960000000000000000e+02 5.010732545541720685e-03
1.965000000000000000e+02 4.924025265868778659e-03
1.970000000000000000e+02 4.723681005611790086e-03
1.975000000000000000e+02 4.382733593292457465e-03
1.980000000000000000e+02 4.560617443400828523e-03
1.985000000000000000e+02 4.251510976193927788e-03
1.990000000000000000e+02 3.939712746573846743e-03
1.995000000000000000e+02 3.789127073223239311e-03
2.000000000000000000e+02 3.429801313524674222e-03
2.005000000000000000e+02 3.333862255037340142e-03
2.010000000000000000e+02 3.167916657773182498e-03
2.015000000000000000e+02 3.058108290087045451e-03
2.020000000000000000e+02 2.929346016603592406e-03
2.025000000000000000e+02 2.941005776650460965e-03
2.030000000000000000e+02 3.353205635249552341e-03
2.035000000000000000e+02 2.927632594642636237e-03
2.040000000000000000e+02 2.878541110122916514e-03
2.045000000000000000e+02 3.006151854914203107e-03
2.050000000000000000e+02 2.783081911495518136e-03
2.055000000000000000e+02 2.916302046149104894e-03
2.060000000000000000e+02 2.807107103559961479e-03
2.065000000000000000e+02 2.871876188174814909e-03
2.070000000000000000e+02 2.829350553997459026e-03
2.075000000000000000e+02 2.868416206803065926e-03
2.080000000000000000e+02 2.903315144436334049e-03
2.085000000000000000e+02 2.660736999170332760e-03
2.090000000000000000e+02 2.968960188250802188e-03
2.095000000000000000e+02 2.813662582939740076e-03
2.100000000000000000e+02 2.932184217280218129e-03
2.105000000000000000e+02 2.796173396091228714e-03
2.110000000000000000e+02 2.997615588937960381e-03
2.115000000000000000e+02 2.736921242411864685e-03
2.120000000000000000e+02 2.858749008005403904e-03
2.125000000000000000e+02 3.081539171583578401e-03
2.130000000000000000e+02 2.832289514967503523e-03
2.135000000000000000e+02 2.750032591059303842e-03
2.140000000000000000e+02 2.959206927719537725e-03
2.145000000000000000e+02 2.929622343716574949e-03
2.150000000000000000e+02 2.962242104022919098e-03
2.155000000000000000e+02 3.086226294178046146e-03
2.160000000000000000e+02 3.268896703641696426e-03
2.165000000000000000e+02 3.155449317234459029e-03
2.170000000000000000e+02 2.844659183501099114e-03
2.175000000000000000e+02 3.038449467261031007e-03
2.180000000000000000e+02 3.027336570935606347e-03
2.185000000000000000e+02 3.310524213946664657e-03
2.190000000000000000e+02 3.533882147452684520e-03
2.195000000000000000e+02 3.101530763243100144e-03
2.200000000000000000e+02 3.614605104660493281e-03
