1.100000000000000000e+02 -3.373798649695744500e-01
1.105000000000000000e+02 -7.989412454029332089e-02
1.110000000000000000e+02 -3.138076957900478581e-01
1.115000000000000000e+02 -4.940536998119423040e-01
1.120000000000000000e+02 -4.965793090536800292e-01
1.125000000000000000e+02 nan
1.130000000000000000e+02 -9.421395968258433617e-01
1.135000000000000000e+02 -1.589513213305041361e+00
1.140000000000000000e+02 9.366668947090609487e-01
1.145000000000000000e+02 4.773413187753651199e-01
1.150000000000000000e+02 4.498251855938210642e-01
1.155000000000000000e+02 4.432638491621134214e-01
1.160000000000000000e+02 4.367145233679611271e-01
1.165000000000000000e+02 4.349359162923982502e-01
1.170000000000000000e+02 4.326847049920765076e-01
1.175000000000000000e+02 4.287499455459173880e-01
1.180000000000000000e+02 4.249440572354510892e-01
1.185000000000000000e+02 4.221163547151718931e-01
1.190000000000000000e+02 4.183262716364878897e-01
1.195000000000000000e+02 4.141673331299626781e-01
1.200000000000000000e+02 4.110717247822083253e-01
1.205000000000000000e+02 4.050605355892355486e-01
1.210000000000000000e+02 3.991628445149140725e-01
1.215000000000000000e+02 3.924523103050793771e-01
1.220000000000000000e+02 3.841724250180579836e-01
1.225000000000000000e+02 3.767871116968124490e-01
1.230000000000000000e+02 3.661503708031828563e-01
1.235000000000000000e+02 3.577807858035518818e-01
1.240000000000000000e+02 3.484846740095574602e-01
1.245000000000000000e+02 3.390525457714043123e-01
1.250000000000000000e+02 3.289188881546953880e-01
1.255000000000000000e+02 3.200433701841289835e-01
1.260000000000000000e+02 3.118340802855858462e-01
1.265000000000000000e+02 3.031823309167302472e-01
1.270000000000000000e+02 2.956130016825128659e-01
1.275000000000000000e+02 2.881556689585960118e-01
1.280000000000000000e+02 2.818908008690558242e-01
1.285000000000000000e+02 2.764775894887163687e-01
1.290000000000000000e+02 2.717055176930316951e-01
1.295000000000000000e+02 2.679842841837690726e-01
1.300000000000000000e+02 2.647511198292226697e-01
1.305000000000000000e+02 2.626564579275967870e-01
1.310000000000000000e+02 2.614456813573610150e-01
1.315000000000000000e+02 2.614249165784546247e-01
1.320000000000000000e+02 2.620552076179555878e-01
1.325000000000000000e+02 2.640162789324514980e-01
1.330000000000000000e+02 2.673276218677712035e-01
1.335000000000000000e+02 2.717099102942951983e-01
1.340000000000000000e+02 2.772021424569891535e-01
1.345000000000000000e+02 2.842821102298484504e-01
1.350000000000000000e+02 2.922042459745138876e-01
1.355000000000000000e+02 3.016989281342533080e-01
1.360000000000000000e+02 3.123757932677366789e-01
1.365000000000000000e+02 3.243620595891547609e-01
1.370000000000000000e+02 3.374319505435143252e-01
1.375000000000000000e+02 3.518973581472194523e-01
1.380000000000000000e+02 3.670734462142752341e-01
1.381999999999999886e+02 3.728351990115864045e-01
1.384000000000000057e+02 3.783755632694325577e-01
1.385999999999999943e+02 3.837857513319771208e-01
1.388000000000000114e+02 3.900037147805746618e-01
1.390000000000000000e+02 3.959725120031026835e-01
1.391999999999999886e+02 4.008304828170106693e-01
1.394000000000000057e+02 4.065463438255949580e-01
1.395999999999999943e+02 4.112012984054385645e-01
1.398000000000000114e+02 4.158624125980825426e-01
1.400000000000000000e+02 4.208514373443355550e-01
1.401999999999999886e+02 4.245302941764600990e-01
1.404000000000000057e+02 4.283407319031770633e-01
1.405999999999999943e+02 4.316241815043729280e-01
1.408000000000000114e+02 4.340666315116307183e-01
1.410000000000000000e+02 4.366496197193648898e-01
1.411999999999999886e+02 4.391220084541805901e-01
1.414000000000000057e+02 4.410564763895407636e-01
1.415999999999999943e+02 4.434947155036290667e-01
1.418000000000000114e+02 4.450677460501814009e-01
1.420000000000000000e+02 4.466801072286104568e-01
1.421999999999999886e+02 4.481245603221948315e-01
1.424000000000000057e+02 4.495092470475342550e-01
1.425999999999999943e+02 4.501876395116930496e-01
1.428000000000000114e+02 4.506667681796782121e-01
1.430000000000000000e+02 4.514097363041439381e-01
1.431999999999999886e+02 4.515497040137886331e-01
1.434000000000000057e+02 4.514424576744772155e-01
1.435999999999999943e+02 4.506549465679501876e-01
1.438000000000000114e+02 4.497988550271546648e-01
1.440000000000000000e+02 4.481787115235428276e-01
1.441999999999999886e+02 4.461231414813638385e-01
1.444000000000000057e+02 4.439281027619315645e-01
1.445999999999999943e+02 4.416015603702264092e-01
1.448000000000000114e+02 4.390566512945451860e-01
1.450000000000000000e+02 4.362487434627649319e-01
1.451999999999999886e+02 4.326918479617584135e-01
1.454000000000000057e+02 4.291195895215528244e-01
1.455999999999999943e+02 4.249413171160415503e-01
1.458000000000000114e+02 4.204310313514815767e-01
1.460000000000000000e+02 4.156159977322491650e-01
1.461999999999999886e+02 4.111531524344983479e-01
1.464000000000000057e+02 4.055964443023671873e-01
1.465999999999999943e+02 3.999695559076142382e-01
1.468000000000000114e+02 3.947361489702366777e-01
1.470000000000000000e+02 3.879544846270721048e-01
1.471999999999999886e+02 3.822075532879946613e-01
1.474000000000000057e+02 3.754569810197102009e-01
1.475999999999999943e+02 3.690574465942084714e-01
1.478000000000000114e+02 3.627585159532678571e-01
1.480000000000000000e+02 3.558441603247653462e-01
1.481999999999999886e+02 3.491265443259734536e-01
1.484000000000000057e+02 3.433925487999421322e-01
1.485999999999999943e+02 3.371634752525740075e-01
1.488000000000000114e+02 3.318161490141525172e-01
1.490000000000000000e+02 3.259032207000113202e-01
1.491999999999999886e+02 3.210796960218856300e-01
1.494000000000000057e+02 3.152870675985752213e-01
1.495999999999999943e+02 3.100787225298889394e-01
1.498000000000000114e+02 3.045883174576570762e-01
1.500000000000000000e+02 2.996717211521633395e-01
1.505000000000000000e+02 2.884589796787473404e-01
1.510000000000000000e+02 2.757418888303251325e-01
1.515000000000000000e+02 2.634675983760416118e-01
1.520000000000000000e+02 2.518640698699974312e-01
1.525000000000000000e+02 2.407129020485820892e-01
1.530000000000000000e+02 2.307736118484843280e-01
1.535000000000000000e+02 2.207364751931929492e-01
1.540000000000000000e+02 2.103828228689725022e-01
1.545000000000000000e+02 1.995544122691844113e-01
1.550000000000000000e+02 1.877965229835571737e-01
1.555000000000000000e+02 1.763378007465919439e-01
1.560000000000000000e+02 1.640709893075135983e-01
1.565000000000000000e+02 1.514767643925443996e-01
1.570000000000000000e+02 1.388598832169923025e-01
1.575000000000000000e+02 1.258936230980323145e-01
1.580000000000000000e+02 1.129679529383435937e-01
1.585000000000000000e+02 1.000438069045879314e-01
1.590000000000000000e+02 8.736829493130007784e-02
1.595000000000000000e+02 7.479398053256784695e-02
1.600000000000000000e+02 6.284102798073949725e-02
1.605000000000000000e+02 5.163069643638154571e-02
1.610000000000000000e+02 4.185737008811619975e-02
1.615000000000000000e+02 3.359907032443773534e-02
1.620000000000000000e+02 2.613022251550255540e-02
1.625000000000000000e+02 1.980888683477125337e-02
1.630000000000000000e+02 1.510052779301013226e-02
1.635000000000000000e+02 1.093884774153719604e-02
1.640000000000000000e+02 7.534194683543157106e-03
1.645000000000000000e+02 4.744111437787284363e-03
1.650000000000000000e+02 2.700199582246677003e-03
1.655000000000000000e+02 1.146275736540431278e-03
1.660000000000000000e+02 1.842479625179204144e-04
1.665000000000000000e+02 -1.097059356813621890e-03
1.670000000000000000e+02 -1.461713165166878556e-03
1.675000000000000000e+02 -2.092213946847621894e-03
1.680000000000000000e+02 -2.827801839288565308e-03
1.685000000000000000e+02 -3.067409786965307698e-03
1.690000000000000000e+02 -3.566122904050970932e-03
1.695000000000000000e+02 -3.622498116693588423e-03
1.700000000000000000e+02 -3.499354195478151120e-03
1.705000000000000000e+02 -4.141597361382659374e-03
1.710000000000000000e+02 -4.162758741189476891e-03
1.715000000000000000e+02 -3.804006003483346391e-03
1.720000000000000000e+02 -4.223073142223647720e-03
1.725000000000000000e+02 -4.171193718449420738e-03
1.730000000000000000e+02 -4.743669555998547387e-03
1.735000000000000000e+02 -4.689583904394912031e-03
1.740000000000000000e+02 -4.602614799725549335e-03
1.745000000000000000e+02 -4.669644552013968962e-03
1.750000000000000000e+02 -4.183748165785773285e-03
1.755000000000000000e+02 -4.152761976040268178e-03
1.760000000000000000e+02 -3.696174360339757586e-03
1.765000000000000000e+02 -3.509593760939790866e-03
1.770000000000000000e+02 -3.415925315398166129e-03
1.775000000000000000e+02 -3.136808602111983146e-03
1.780000000000000000e+02 -3.046287412747936910e-03
1.785000000000000000e+02 -2.587341272612845872e-03
1.790000000000000000e+02 -2.854735633626217638e-03
1.795000000000000000e+02 -2.471378096389213654e-03
1.800000000000000000e+02 -1.857272059391424377e-03
1.805000000000000000e+02 -2.227147317668768528e-03
1.810000000000000000e+02 -1.269665534635749634e-03
1.815000000000000000e+02 -5.075742009013025410e-04
1.820000000000000000e+02 -4.140983844682176299e-04
1.825000000000000000e+02 2.401817534967221664e-04
1.830000000000000000e+02 -2.648428542299583515e-05
1.835000000000000000e+02 1.567679560394092991e-04
1.840000000000000000e+02 6.213415794374964373e-04
1.845000000000000000e+02 8.733537260036781805e-04
1.850000000000000000e+02 7.966394939703462085e-04
1.855000000000000000e+02 1.154168208174859633e-03
1.860000000000000000e+02 1.550205249813314161e-03
1.865000000000000000e+02 1.871234782625956711e-03
1.870000000000000000e+02 1.874185409851937545e-03
1.875000000000000000e+02 1.709652661745017597e-03
1.880000000000000000e+02 2.415790078928728261e-03
1.885000000000000000e+02 2.467256056387417441e-03
1.890000000000000000e+02 3.154477437384515474e-03
1.895000000000000000e+02 2.596639112129847486e-03
1.900000000000000000e+02 2.797503288381188950e-03
1.905000000000000000e+02 3.180015556821126112e-03
1.910000000000000000e+02 2.915563799676602202e-03
1.915000000000000000e+02 3.041807112972888961e-03
1.920000000000000000e+02 2.701059098161344083e-03
1.925000000000000000e+02 2.964670855228571100e-03
1.930000000000000000e+02 2.721166706565134215e-03
1.935000000000000000e+02 2.833422367393312324e-03
1.940000000000000000e+02 2.656268388060960793e-03
1.945000000000000000e+02 1.864906362575618559e-03
1.950000000000000000e+02 1.703593025176257554e-03
1.955000000000000000e+02 1.293360833670307176e-03
1.960000000000000000e+02 7.002314799881854263e-04
1.965000000000000000e+02 4.989224620952781167e-04
1.970000000000000000e+02 3.600106152480837254e-04
1.975000000000000000e+02 2.815231024066808946e-04
1.980000000000000000e+02 -1.284384533823477298e-04
1.985000000000000000e+02 -3.554978014302703749e-04
1.990000000000000000e+02 -6.214332273190412061e-04
1.995000000000000000e+02 -1.289744843161899244e-03
2.000000000000000000e+02 -9.260595291374735475e-04
2.005000000000000000e+02 -1.045078930207328114e-03
2.010000000000000000e+02 -7.811423708353990329e-04
2.015000000000000000e+02 -1.098259984755368913e-03
2.020000000000000000e+02 -1.125208369615750053e-03
2.025000000000000000e+02 -1.368300155360969994e-03
2.030000000000000000e+02 -1.200124770895622623e-03
2.035000000000000000e+02 -1.160733145202101158e-03
2.040000000000000000e+02 -1.234152005488101155e-03
2.045000000000000000e+02 -1.322680658092786985e-03
2.050000000000000000e+02 -1.289974009946319531e-03
2.055000000000000000e+02 -1.485144583471154729e-03
2.060000000000000000e+02 -1.370555694638504783e-03
2.065000000000000000e+02 -1.508335994550266982e-03
2.070000000000000000e+02 -1.155050389936966310e-03
2.075000000000000000e+02 -1.175434575626350129e-03
2.080000000000000000e+02 -1.290202374588627103e-03
2.085000000000000000e+02 -1.122746816588938382e-03
2.090000000000000000e+02 -1.057336548511263836e-03
2.095000000000000000e+02 -1.018198208440738300e-03
2.100000000000000000e+02 -1.271623034342750586e-03
2.105000000000000000e+02 -1.520230940419566457e-03
2.110000000000000000e+02 -1.658490422284767578e-03
2.115000000000000000e+02 -1.531802817397154163e-03
2.120000000000000000e+02 -1.193200326537046047e-03
2.125000000000000000e+02 -1.174100778655792808e-03
2.130000000000000000e+02 -1.465142253712142231e-03
2.135000000000000000e+02 -1.303016238786899915e-03
2.140000000000000000e+02 -1.360843084911670612e-03
2.145000000000000000e+02 -1.006990962746907295e-03
2.150000000000000000e+02 -1.541255167414072678e-03
2.155000000000000000e+02 -1.162485618250727517e-03
2.160000000000000000e+02 -7.369031305103103651e-04
2.165000000000000000e+02 -2.271056045290726765e-04
2.170000000000000000e+02 -7.389302190910858239e-04
2.175000000000000000e+02 -9.832589261442085081e-04
2.180000000000000000e+02 -4.338350071368320690e-04
2.185000000000000000e+02 -7.264949119478324082e-04
2.190000000000000000e+02 -8.076584426929263143e-04
2.195000000000000000e+02 -4.592613174332754993e-04
2.200000000000000000e+02 -5.926730258111021117e-04
