1.100000000000000000e+02 3.390797526704950743e-02
1.105000000000000000e+02 7.126366341187752307e-02
1.110000000000000000e+02 -7.881645481090186756e-02
1.115000000000000000e+02 8.728529066273603421e-02
1.120000000000000000e+02 -6.034214214510701807e-02
1.125000000000000000e+02 -3.262521374620713094e-02
1.130000000000000000e+02 5.968455513357129316e-02
1.135000000000000000e+02 -3.214705578602609914e-02
1.140000000000000000e+02 nan
1.145000000000000000e+02 7.373140744516863965e-01
1.150000000000000000e+02 6.898157068490999855e-01
1.155000000000000000e+02 6.726938988021338162e-01
1.160000000000000000e+02 6.696472315597240543e-01
1.165000000000000000e+02 6.614007128836802973e-01
1.170000000000000000e+02 6.584265756441300965e-01
1.175000000000000000e+02 6.572053465471228151e-01
1.180000000000000000e+02 6.552298237817831827e-01
1.185000000000000000e+02 6.491656664072676941e-01
1.190000000000000000e+02 6.445018549195353774e-01
1.195000000000000000e+02 6.381229707799800366e-01
1.200000000000000000e+02 6.318646442231330429e-01
1.205000000000000000e+02 6.241501350399915049e-01
1.210000000000000000e+02 6.134817238703463849e-01
1.215000000000000000e+02 6.036210307475781134e-01
1.220000000000000000e+02 5.916969899821821199e-01
1.225000000000000000e+02 5.799673205798985265e-01
1.230000000000000000e+02 5.665002258662855672e-01
1.235000000000000000e+02 5.514734851548140915e-01
1.240000000000000000e+02 5.374978588938948976e-01
1.245000000000000000e+02 5.228348231418421532e-01
1.250000000000000000e+02 5.092115464598087060e-01
1.255000000000000000e+02 4.947387162251171144e-01
1.260000000000000000e+02 4.818131463026281702e-01
1.265000000000000000e+02 4.691929927062173933e-01
1.270000000000000000e+02 4.573657590970507947e-01
1.275000000000000000e+02 4.471594055527001177e-01
1.280000000000000000e+02 4.374387804935933599e-01
1.285000000000000000e+02 4.299413004589955900e-01
1.290000000000000000e+02 4.234169664056660620e-01
1.295000000000000000e+02 4.181297181250422934e-01
1.300000000000000000e+02 4.142109941442215781e-01
1.305000000000000000e+02 4.114601280846078013e-01
1.310000000000000000e+02 4.106866012297633595e-01
1.315000000000000000e+02 4.108830561663955883e-01
1.320000000000000000e+02 4.132171004973304584e-01
1.325000000000000000e+02 4.171072950940153401e-01
1.330000000000000000e+02 4.228280092581790939e-01
1.335000000000000000e+02 4.306456658075893951e-01
1.340000000000000000e+02 4.400935740189154122e-01
1.345000000000000000e+02 4.512579778950430720e-01
1.350000000000000000e+02 4.645319859893744519e-01
1.355000000000000000e+02 4.795818669657598843e-01
1.360000000000000000e+02 4.964379891135682343e-01
1.365000000000000000e+02 5.149892085002727438e-01
1.370000000000000000e+02 5.354222824067043085e-01
1.375000000000000000e+02 5.579674342147404875e-01
1.380000000000000000e+02 5.811008058115328945e-01
1.381999999999999886e+02 5.894950674845771399e-01
1.384000000000000057e+02 5.988976781116253090e-01
1.385999999999999943e+02 6.076542365833469406e-01
1.388000000000000114e+02 6.164723517384188556e-01
1.390000000000000000e+02 6.252314612458530485e-01
1.391999999999999886e+02 6.337080276516376953e-01
1.394000000000000057e+02 6.420259954810579872e-01
1.395999999999999943e+02 6.496388132950615679e-01
1.398000000000000114e+02 6.573420267330852829e-01
1.400000000000000000e+02 6.635685267318545133e-01
1.401999999999999886e+02 6.700965273004841904e-01
1.404000000000000057e+02 6.757951437293984176e-01
1.405999999999999943e+02 6.805309373130400408e-01
1.408000000000000114e+02 6.857035985042740922e-01
1.410000000000000000e+02 6.894159708974771927e-01
1.411999999999999886e+02 6.932080500829619352e-01
1.414000000000000057e+02 6.962935996116711435e-01
1.415999999999999943e+02 6.990515666096683844e-01
1.418000000000000114e+02 7.017731124419790412e-01
1.420000000000000000e+02 7.038656367977805806e-01
1.421999999999999886e+02 7.063695152430500279e-01
1.424000000000000057e+02 7.079280264857961136e-01
1.425999999999999943e+02 7.089289460348384697e-01
1.428000000000000114e+02 7.098905168399088916e-01
1.430000000000000000e+02 7.102567168805752340e-01
1.431999999999999886e+02 7.103478526317438257e-01
1.434000000000000057e+02 7.100759996693956078e-01
1.435999999999999943e+02 7.087084766738676045e-01
1.438000000000000114e+02 7.069528357169015953e-01
1.440000000000000000e+02 7.049851822505267540e-01
1.441999999999999886e+02 7.019141116824878512e-01
1.444000000000000057e+02 6.986432612067350334e-01
1.445999999999999943e+02 6.947117423795713398e-01
1.448000000000000114e+02 6.900880586882925938e-01
1.450000000000000000e+02 6.851638619401996255e-01
1.451999999999999886e+02 6.797670529113946092e-01
1.454000000000000057e+02 6.738948932978595652e-01
1.455999999999999943e+02 6.679421093486782590e-01
1.458000000000000114e+02 6.610344639549727841e-01
1.460000000000000000e+02 6.539200433175574867e-01
1.461999999999999886e+02 6.463958420628516111e-01
1.464000000000000057e+02 6.380111456157321337e-01
1.465999999999999943e+02 6.300286922249617172e-01
1.468000000000000114e+02 6.212774772304355819e-01
1.470000000000000000e+02 6.117557481047282142e-01
1.471999999999999886e+02 6.025024560874208124e-01
1.474000000000000057e+02 5.924443185701669945e-01
1.475999999999999943e+02 5.823471160289281912e-01
1.478000000000000114e+02 5.726095167748378456e-01
1.480000000000000000e+02 5.623223437894835364e-01
1.481999999999999886e+02 5.522499515057901487e-01
1.484000000000000057e+02 5.426018869191782112e-01
1.485999999999999943e+02 5.339389281412474375e-01
1.488000000000000114e+02 5.249345811414848351e-01
1.490000000000000000e+02 5.161449857589858192e-01
1.491999999999999886e+02 5.075735948919433138e-01
1.494000000000000057e+02 4.990494528761897919e-01
1.495999999999999943e+02 4.906877433988339199e-01
1.498000000000000114e+02 4.826299869286513888e-01
1.500000000000000000e+02 4.734873415703730881e-01
1.505000000000000000e+02 4.536092372667688832e-01
1.510000000000000000e+02 4.336100918829076667e-01
1.515000000000000000e+02 4.143584683165572047e-01
1.520000000000000000e+02 3.960552462380268479e-01
1.525000000000000000e+02 3.791808340485899320e-01
1.530000000000000000e+02 3.638824424281444370e-01
1.535000000000000000e+02 3.485422935903659258e-01
1.540000000000000000e+02 3.327526915004948571e-01
1.545000000000000000e+02 3.165365332678584664e-01
1.550000000000000000e+02 2.994966253127888667e-01
1.555000000000000000e+02 2.817644660225439579e-01
1.560000000000000000e+02 2.632314564051363437e-01
1.565000000000000000e+02 2.439459495621132679e-01
1.570000000000000000e+02 2.247809882459530229e-01
1.575000000000000000e+02 2.058684560330185098e-01
1.580000000000000000e+02 1.863043796721963186e-01
1.585000000000000000e+02 1.670352863637533380e-01
1.590000000000000000e+02 1.469660397033777377e-01
1.595000000000000000e+02 1.279655266640692679e-01
1.600000000000000000e+02 1.094785819614389200e-01
1.605000000000000000e+02 9.209564477358152257e-02
1.610000000000000000e+02 7.694311270888502807e-02
1.615000000000000000e+02 6.373301570745493194e-02
1.620000000000000000e+02 5.185485632759886943e-02
1.625000000000000000e+02 4.203846300817084408e-02
1.630000000000000000e+02 3.400090936415966353e-02
1.635000000000000000e+02 2.714703904374192109e-02
1.640000000000000000e+02 2.217415302171744929e-02
1.645000000000000000e+02 1.807133109157619752e-02
1.650000000000000000e+02 1.478840878171869093e-02
1.655000000000000000e+02 1.240361908721439657e-02
1.660000000000000000e+02 1.025706626536211641e-02
1.665000000000000000e+02 9.046151220966844320e-03
1.670000000000000000e+02 7.722805843001896708e-03
1.675000000000000000e+02 6.797837328584616264e-03
1.680000000000000000e+02 5.585382738929368061e-03
1.685000000000000000e+02 4.994889771518706313e-03
1.690000000000000000e+02 4.581470512937837851e-03
1.695000000000000000e+02 4.264935665357599825e-03
1.700000000000000000e+02 3.586141190623719222e-03
1.705000000000000000e+02 3.826990295318018903e-03
1.710000000000000000e+02 3.450735208116392089e-03
1.715000000000000000e+02 3.031315823445528482e-03
1.720000000000000000e+02 3.071200023452638761e-03
1.725000000000000000e+02 2.658050558054994485e-03
1.730000000000000000e+02 2.699271335563341052e-03
1.735000000000000000e+02 2.410619563538226196e-03
1.740000000000000000e+02 2.420980628451340974e-03
1.745000000000000000e+02 2.018874067924477170e-03
1.750000000000000000e+02 1.563781672929083315e-03
1.755000000000000000e+02 2.370592939947782727e-03
1.760000000000000000e+02 2.042642539622244787e-03
1.765000000000000000e+02 1.820782876812061715e-03
1.770000000000000000e+02 2.339159843784591620e-03
1.775000000000000000e+02 2.146990258041321913e-03
1.780000000000000000e+02 2.407378960446958024e-03
1.785000000000000000e+02 2.576370937522934855e-03
1.790000000000000000e+02 2.965884877764364894e-03
1.795000000000000000e+02 3.464801962444509064e-03
1.800000000000000000e+02 3.651789803633670797e-03
1.805000000000000000e+02 4.191520178704785139e-03
1.810000000000000000e+02 3.985959569351545800e-03
1.815000000000000000e+02 4.453037322679712778e-03
1.820000000000000000e+02 4.964074293975695093e-03
1.825000000000000000e+02 5.178902589534446418e-03
1.830000000000000000e+02 5.349128194408755456e-03
1.835000000000000000e+02 5.471628357227821191e-03
1.840000000000000000e+02 6.188681439399990047e-03
1.845000000000000000e+02 6.772682362237793935e-03
1.850000000000000000e+02 7.146387622582987473e-03
1.855000000000000000e+02 7.463827511324945194e-03
1.860000000000000000e+02 7.959299237170690614e-03
1.865000000000000000e+02 8.307773744978066283e-03
1.870000000000000000e+02 8.632738564746174348e-03
1.875000000000000000e+02 9.007279260214955466e-03
1.880000000000000000e+02 9.136742215739649883e-03
1.885000000000000000e+02 9.906450704321891412e-03
1.890000000000000000e+02 1.013561341228011274e-02
1.895000000000000000e+02 1.044950288231618479e-02
1.900000000000000000e+02 1.063399464750487862e-02
1.905000000000000000e+02 1.086144062345664740e-02
1.910000000000000000e+02 1.078277926600676798e-02
1.915000000000000000e+02 1.064716702117749110e-02
1.920000000000000000e+02 1.041182062889868358e-02
1.925000000000000000e+02 1.063083975000226646e-02
1.930000000000000000e+02 1.050757638870600946e-02
1.935000000000000000e+02 1.014006470556864763e-02
1.940000000000000000e+02 9.813639812918406938e-03
1.945000000000000000e+02 9.119298317420075975e-03
1.950000000000000000e+02 8.432430725595416524e-03
1.955000000000000000e+02 7.520758647388214868e-03
1.960000000000000000e+02 6.820476325793085014e-03
1.965000000000000000e+02 5.896360823561668310e-03
1.970000000000000000e+02 4.998262523175121125e-03
1.975000000000000000e+02 4.118046522134266585e-03
1.980000000000000000e+02 3.370024127402359172e-03
1.985000000000000000e+02 2.739458061286826045e-03
1.990000000000000000e+02 2.340285486384825319e-03
1.995000000000000000e+02 1.446681912116774479e-03
2.000000000000000000e+02 1.362729356506126510e-03
2.005000000000000000e+02 4.591124363764592371e-04
2.010000000000000000e+02 2.493785550255464881e-04
2.015000000000000000e+02 1.196066668533983811e-04
2.020000000000000000e+02 -3.966111912642884796e-04
2.025000000000000000e+02 -3.666715044118696947e-04
2.030000000000000000e+02 -8.987377075205270132e-04
2.035000000000000000e+02 -7.886680569897012256e-04
2.040000000000000000e+02 -9.608122436768337183e-04
2.045000000000000000e+02 -8.454742363782599864e-04
2.050000000000000000e+02 -9.638297912383656570e-04
2.055000000000000000e+02 -9.374622621703411181e-04
2.060000000000000000e+02 -1.086766972840436324e-03
2.065000000000000000e+02 -6.170700931298927399e-04
2.070000000000000000e+02 -9.167585570057951595e-04
2.075000000000000000e+02 -1.183986111689690418e-03
2.080000000000000000e+02 -9.752546486675109242e-04
2.085000000000000000e+02 -1.247516650470587279e-03
2.090000000000000000e+02 -1.020449870160474804e-03
2.095000000000000000e+02 -1.211748344772595361e-03
2.100000000000000000e+02 -9.008626836374658596e-04
2.105000000000000000e+02 -9.436064150000224564e-04
2.110000000000000000e+02 -1.188377348534018713e-03
2.115000000000000000e+02 -1.249458186677536225e-03
2.120000000000000000e+02 -1.218482195748842815e-03
2.125000000000000000e+02 -1.257707095613243503e-03
2.130000000000000000e+02 -1.222759797051001067e-03
2.135000000000000000e+02 -1.384530757407487775e-03
2.140000000000000000e+02 -1.177906185071974504e-03
2.145000000000000000e+02 -9.799155270263551053e-04
2.150000000000000000e+02 -8.989493070671663059e-04
2.155000000000000000e+02 -1.220585752679690652e-03
2.160000000000000000e+02 -9.165738396671614923e-04
2.165000000000000000e+02 -9.888736486459981639e-04
2.170000000000000000e+02 -8.535520194212678057e-04
2.175000000000000000e+02 -8.096143917144415407e-04
2.180000000000000000e+02 -7.042335343429959212e-04
2.185000000000000000e+02 -7.605018588705188829e-04
2.190000000000000000e+02 -6.860902025229991159e-04
2.195000000000000000e+02 -5.485651949214377047e-04
2.200000000000000000e+02 -2.256571068765677744e-04
