1.100000000000000000e+02 4.537672274487035938e-03
1.105000000000000000e+02 -5.448806554543799557e-02
1.110000000000000000e+02 7.898305340858345625e-02
1.115000000000000000e+02 -1.527963962736009207e-02
1.120000000000000000e+02 -8.213034700198321159e-02
1.125000000000000000e+02 1.542954157807043328e-02
1.130000000000000000e+02 -1.752261613652711381e-02
1.135000000000000000e+02 9.267029611478910800e-02
1.140000000000000000e+02 7.542837138355317217e-01
1.145000000000000000e+02 4.473605549707022067e-01
1.150000000000000000e+02 4.282137455071933774e-01
1.155000000000000000e+02 4.148267176570065717e-01
1.160000000000000000e+02 4.148461410999056409e-01
1.165000000000000000e+02 4.086513401428961134e-01
1.170000000000000000e+02 4.043109502783018838e-01
1.175000000000000000e+02 4.023045022602072529e-01
1.180000000000000000e+02 3.986632127334429065e-01
1.185000000000000000e+02 3.953494986760164309e-01
1.190000000000000000e+02 3.930250939359271056e-01
1.195000000000000000e+02 3.893748683635666064e-01
1.200000000000000000e+02 3.861313728786353039e-01
1.205000000000000000e+02 3.792798437392246869e-01
1.210000000000000000e+02 3.747775966222310351e-01
1.215000000000000000e+02 3.686818783466939697e-01
1.220000000000000000e+02 3.623010959268716524e-01
1.225000000000000000e+02 3.542523417189634705e-01
1.230000000000000000e+02 3.460855230880713340e-01
1.235000000000000000e+02 3.383205756352731242e-01
1.240000000000000000e+02 3.288983861168194300e-01
1.245000000000000000e+02 3.207639688856638305e-01
1.250000000000000000e+02 3.122144472382818448e-01
1.255000000000000000e+02 3.029380678104298119e-01
1.260000000000000000e+02 2.958113800767847579e-01
1.265000000000000000e+02 2.881501466237409992e-01
1.270000000000000000e+02 2.808774341727200974e-01
1.275000000000000000e+02 2.739238623700890329e-01
1.280000000000000000e+02 2.684005247697699992e-01
1.285000000000000000e+02 2.636952720364480474e-01
1.290000000000000000e+02 2.595002298966528897e-01
1.295000000000000000e+02 2.558924389313873560e-01
1.300000000000000000e+02 2.535313672606872015e-01
1.305000000000000000e+02 2.512288496189609699e-01
1.310000000000000000e+02 2.502220521582823598e-01
1.315000000000000000e+02 2.506881834236320272e-01
1.320000000000000000e+02 2.510238183312247240e-01
1.325000000000000000e+02 2.527876845848348597e-01
1.330000000000000000e+02 2.565211043523913381e-01
1.335000000000000000e+02 2.604158635557612955e-01
1.340000000000000000e+02 2.654542218658337838e-01
1.345000000000000000e+02 2.721840093696596963e-01
1.350000000000000000e+02 2.802814161777459900e-01
1.355000000000000000e+02 2.889481263603572714e-01
1.360000000000000000e+02 2.993689468977018819e-01
1.365000000000000000e+02 3.110766649969124442e-01
1.370000000000000000e+02 3.241397296976815112e-01
1.375000000000000000e+02 3.380656915781699579e-01
1.380000000000000000e+02 3.525821342963463279e-01
1.381999999999999886e+02 3.577916583599764500e-01
1.384000000000000057e+02 3.636735998876429177e-01
1.385999999999999943e+02 3.691924462189622447e-01
1.388000000000000114e+02 3.749237829190730231e-01
1.390000000000000000e+02 3.808173210451761270e-01
1.391999999999999886e+02 3.860435770557962831e-01
1.394000000000000057e+02 3.912226387636656977e-01
1.395999999999999943e+02 3.962291216294089868e-01
1.398000000000000114e+02 4.010023816302106248e-01
1.400000000000000000e+02 4.052219879513090373e-01
1.401999999999999886e+02 4.090387592797088967e-01
1.404000000000000057e+02 4.132117387678146403e-01
1.405999999999999943e+02 4.165747510175882296e-01
1.408000000000000114e+02 4.201295801369454019e-01
1.410000000000000000e+02 4.228574636154389110e-01
1.411999999999999886e+02 4.256514631887546307e-01
1.414000000000000057e+02 4.283635087672225672e-01
1.415999999999999943e+02 4.306383947647580146e-01
1.418000000000000114e+02 4.322808543398811709e-01
1.420000000000000000e+02 4.344455027404890979e-01
1.421999999999999886e+02 4.357465234611781479e-01
1.424000000000000057e+02 4.371892383826194162e-01
1.425999999999999943e+02 4.384250808784820874e-01
1.428000000000000114e+02 4.392183442481524813e-01
1.430000000000000000e+02 4.399871954529593343e-01
1.431999999999999886e+02 4.405825521253878274e-01
1.434000000000000057e+02 4.403016696281710773e-01
1.435999999999999943e+02 4.402438337499597898e-01
1.438000000000000114e+02 4.397945086624613364e-01
1.440000000000000000e+02 4.389207879580140359e-01
1.441999999999999886e+02 4.377347263922433118e-01
1.444000000000000057e+02 4.362483814470962118e-01
1.445999999999999943e+02 4.338483194404949006e-01
1.448000000000000114e+02 4.317368544449189383e-01
1.450000000000000000e+02 4.289910936177783740e-01
1.451999999999999886e+02 4.257438831975526861e-01
1.454000000000000057e+02 4.225396091102722185e-01
1.455999999999999943e+02 4.189006894231196987e-01
1.458000000000000114e+02 4.148544541012026965e-01
1.460000000000000000e+02 4.108734315323778752e-01
1.461999999999999886e+02 4.061574135364016125e-01
1.464000000000000057e+02 4.010455761766434368e-01
1.465999999999999943e+02 3.962212725419622106e-01
1.468000000000000114e+02 3.906746431954127297e-01
1.470000000000000000e+02 3.850514183899585441e-01
1.471999999999999886e+02 3.793802566681986899e-01
1.474000000000000057e+02 3.739249504949864744e-01
1.475999999999999943e+02 3.678952126405071743e-01
1.478000000000000114e+02 3.613892317774393681e-01
1.480000000000000000e+02 3.556114302972504526e-01
1.481999999999999886e+02 3.493007182912349906e-01
1.484000000000000057e+02 3.432700820170341838e-01
1.485999999999999943e+02 3.379328946006526779e-01
1.488000000000000114e+02 3.323697969791941653e-01
1.490000000000000000e+02 3.269851381617051023e-01
1.491999999999999886e+02 3.216311705893445949e-01
1.494000000000000057e+02 3.165586041662812322e-01
1.495999999999999943e+02 3.117751039781263001e-01
1.498000000000000114e+02 3.062310466716978707e-01
1.500000000000000000e+02 3.008403926512162041e-01
1.505000000000000000e+02 2.875123035555366413e-01
1.510000000000000000e+02 2.750000300302932743e-01
1.515000000000000000e+02 2.633793840550995857e-01
1.520000000000000000e+02 2.520258743651461741e-01
1.525000000000000000e+02 2.412654731495444127e-01
1.530000000000000000e+02 2.312468781202613455e-01
1.535000000000000000e+02 2.215052306347629063e-01
1.540000000000000000e+02 2.113917827799575710e-01
1.545000000000000000e+02 2.007832861304832128e-01
1.550000000000000000e+02 1.894696133571873997e-01
1.555000000000000000e+02 1.778241831893379588e-01
1.560000000000000000e+02 1.655961430021523906e-01
1.565000000000000000e+02 1.530829703331414438e-01
1.570000000000000000e+02 1.403061252520795277e-01
1.575000000000000000e+02 1.275394099019522276e-01
1.580000000000000000e+02 1.145504579328633921e-01
1.585000000000000000e+02 1.014383052000384922e-01
1.590000000000000000e+02 8.869652174487352436e-02
1.595000000000000000e+02 7.619767765716947694e-02
1.600000000000000000e+02 6.441829502751653114e-02
1.605000000000000000e+02 5.364238361045331471e-02
1.610000000000000000e+02 4.399548939347832505e-02
1.615000000000000000e+02 3.537736571252679540e-02
1.620000000000000000e+02 2.813485451111039787e-02
1.625000000000000000e+02 2.183805809097295533e-02
1.630000000000000000e+02 1.706411395368934505e-02
1.635000000000000000e+02 1.317707689539227359e-02
1.640000000000000000e+02 9.758290018026196180e-03
1.645000000000000000e+02 7.175789297574262232e-03
1.650000000000000000e+02 5.390947645793178582e-03
1.655000000000000000e+02 4.055514874638720471e-03
1.660000000000000000e+02 2.715043411312008641e-03
1.665000000000000000e+02 1.712353854406735692e-03
1.670000000000000000e+02 9.275916532478368625e-04
1.675000000000000000e+02 5.840629232550985589e-04
1.680000000000000000e+02 2.327688382635112626e-04
1.685000000000000000e+02 -3.734993650018833826e-04
1.690000000000000000e+02 -5.066069596654740890e-04
1.695000000000000000e+02 -4.344857494790963230e-04
1.700000000000000000e+02 -6.315145887139234342e-04
1.705000000000000000e+02 -7.489260573242052972e-04
1.710000000000000000e+02 -6.509245484088572705e-04
1.715000000000000000e+02 -8.684709058983225947e-04
1.720000000000000000e+02 -1.025146128396266709e-03
1.725000000000000000e+02 -1.183748390438864274e-03
1.730000000000000000e+02 -1.186557137999700836e-03
1.735000000000000000e+02 -1.210472113409920975e-03
1.740000000000000000e+02 -1.317489872243321654e-03
1.745000000000000000e+02 -1.082933329050210372e-03
1.750000000000000000e+02 -1.367518598433416178e-03
1.755000000000000000e+02 -1.065453248064632047e-03
1.760000000000000000e+02 -7.749456518730770847e-04
1.765000000000000000e+02 -5.587869845854052031e-04
1.770000000000000000e+02 -3.629265795589996560e-04
1.775000000000000000e+02 -1.971648326446352316e-04
1.780000000000000000e+02 6.417473909694609282e-05
1.785000000000000000e+02 -1.774338152347015570e-04
1.790000000000000000e+02 4.051633018445344441e-04
1.795000000000000000e+02 1.520428720529969991e-04
1.800000000000000000e+02 3.277472616802202762e-04
1.805000000000000000e+02 6.123303764340965816e-04
1.810000000000000000e+02 5.859962000905828607e-04
1.815000000000000000e+02 9.069522267138119351e-04
1.820000000000000000e+02 1.117419279292688724e-03
1.825000000000000000e+02 1.251969418645449816e-03
1.830000000000000000e+02 1.388374934474578392e-03
1.835000000000000000e+02 1.487398369715670857e-03
1.840000000000000000e+02 1.937286441532851816e-03
1.845000000000000000e+02 2.417442686409276321e-03
1.850000000000000000e+02 2.420782557618134621e-03
1.855000000000000000e+02 2.837602656651738893e-03
1.860000000000000000e+02 3.287094442033180845e-03
1.865000000000000000e+02 3.193560085486248090e-03
1.870000000000000000e+02 3.465173590173095067e-03
1.875000000000000000e+02 3.914785593959933807e-03
1.880000000000000000e+02 4.019088928928646332e-03
1.885000000000000000e+02 4.388667276418348889e-03
1.890000000000000000e+02 4.663961247433861916e-03
1.895000000000000000e+02 4.757838337965099827e-03
1.900000000000000000e+02 4.578963245928880689e-03
1.905000000000000000e+02 4.688136748633820600e-03
1.910000000000000000e+02 4.750811566635211591e-03
1.915000000000000000e+02 4.640233866672136519e-03
1.920000000000000000e+02 4.580118859580377573e-03
1.925000000000000000e+02 4.634568477449898562e-03
1.930000000000000000e+02 4.938961202083126667e-03
1.935000000000000000e+02 4.663739231935753668e-03
1.940000000000000000e+02 4.568897572174871434e-03
1.945000000000000000e+02 4.240614986865091571e-03
1.950000000000000000e+02 3.516049015745862337e-03
1.955000000000000000e+02 3.106565234456283749e-03
1.960000000000000000e+02 2.788194088965592187e-03
1.965000000000000000e+02 2.699218692212487173e-03
1.970000000000000000e+02 2.551224676513685723e-03
1.975000000000000000e+02 2.269564519571273982e-03
1.980000000000000000e+02 1.976011833355860187e-03
1.985000000000000000e+02 1.713607137517876664e-03
1.990000000000000000e+02 1.312825689539830285e-03
1.995000000000000000e+02 1.143814097812898131e-03
2.000000000000000000e+02 8.035275929456878359e-04
2.005000000000000000e+02 5.561517906675489658e-04
2.010000000000000000e+02 2.031638779057042075e-04
2.015000000000000000e+02 2.220839039715145945e-04
2.020000000000000000e+02 1.992308899314834604e-04
2.025000000000000000e+02 6.847889468003252379e-05
2.030000000000000000e+02 1.152898744197587697e-06
2.035000000000000000e+02 -2.743973714179206254e-04
2.040000000000000000e+02 9.702656893410658862e-05
2.045000000000000000e+02 -5.306178540996194041e-05
2.050000000000000000e+02 -1.505581007696565360e-05
2.055000000000000000e+02 2.899926668048748838e-05
2.060000000000000000e+02 2.551751613697616919e-04
2.065000000000000000e+02 4.404475913048055817e-04
2.070000000000000000e+02 4.093365871750768970e-04
2.075000000000000000e+02 -3.264142914951044441e-05
2.080000000000000000e+02 2.632774915608481446e-04
2.085000000000000000e+02 -2.792805315508647688e-05
2.090000000000000000e+02 2.231537349965915802e-04
2.095000000000000000e+02 1.803777527206778999e-04
2.100000000000000000e+02 -2.669627084288138310e-05
2.105000000000000000e+02 1.337979773677635241e-04
2.110000000000000000e+02 -8.395627364580972741e-05
2.115000000000000000e+02 1.969893503505721830e-04
2.120000000000000000e+02 3.312200462382969268e-05
2.125000000000000000e+02 7.867956980619706861e-05
2.130000000000000000e+02 1.654476537915951860e-05
2.135000000000000000e+02 -1.708605866960157720e-04
2.140000000000000000e+02 -2.942176285345848445e-05
2.145000000000000000e+02 -2.218382835539586600e-04
2.150000000000000000e+02 1.438007791975809413e-04
2.155000000000000000e+02 9.692017912751948550e-05
2.160000000000000000e+02 1.132673181191417314e-04
2.165000000000000000e+02 -2.631585835965296531e-04
2.170000000000000000e+02 1.719413456575611125e-04
2.175000000000000000e+02 -5.881637376945612796e-05
2.180000000000000000e+02 1.279090127138596126e-04
2.185000000000000000e+02 9.808338952856183383e-05
2.190000000000000000e+02 3.341871833418225222e-04
2.195000000000000000e+02 4.162113039660913279e-04
2.200000000000000000e+02 3.660985685118717248e-04
