1.100000000000000000e+02 -1.929730852833975996e-02
1.105000000000000000e+02 -3.319829248763206397e-02
1.110000000000000000e+02 -5.063937418097703286e-02
1.115000000000000000e+02 4.622860169082253917e-02
1.120000000000000000e+02 -2.665190556665207253e-02
1.125000000000000000e+02 -5.741237687988580418e-02
1.130000000000000000e+02 6.686832943452994393e-02
1.135000000000000000e+02 5.252646094250469633e-02
1.140000000000000000e+02 2.073212243021251844e-01
1.145000000000000000e+02 1.185551614985367874e-01
1.150000000000000000e+02 1.104161832074951471e-01
1.155000000000000000e+02 1.111910029107347764e-01
1.160000000000000000e+02 1.100453847568978599e-01
1.165000000000000000e+02 1.106010756958756419e-01
1.170000000000000000e+02 1.102043447803463805e-01
1.175000000000000000e+02 1.095105633407518625e-01
1.180000000000000000e+02 1.109193430310379536e-01
1.185000000000000000e+02 1.103826160291107028e-01
1.190000000000000000e+02 1.100762345609884729e-01
1.195000000000000000e+02 1.095079166008023630e-01
1.200000000000000000e+02 1.096533131494396573e-01
1.205000000000000000e+02 1.085057555529126555e-01
1.210000000000000000e+02 1.062628360978169206e-01
1.215000000000000000e+02 1.056842527004396570e-01
1.220000000000000000e+02 1.034873323374595755e-01
1.225000000000000000e+02 1.018844078669884079e-01
1.230000000000000000e+02 1.000842658493785731e-01
1.235000000000000000e+02 9.749309203768263821e-02
1.240000000000000000e+02 9.447249700937350447e-02
1.245000000000000000e+02 9.210621199758481370e-02
1.250000000000000000e+02 8.974345962129377796e-02
1.255000000000000000e+02 8.728103212786850196e-02
1.260000000000000000e+02 8.539105949111933103e-02
1.265000000000000000e+02 8.311553035288543612e-02
1.270000000000000000e+02 8.062957009020665922e-02
1.275000000000000000e+02 7.855265583335023505e-02
1.280000000000000000e+02 7.720426012861610066e-02
1.285000000000000000e+02 7.562831221545414373e-02
1.290000000000000000e+02 7.487303098009782942e-02
1.295000000000000000e+02 7.387178658753625060e-02
1.300000000000000000e+02 7.306542271022485602e-02
1.305000000000000000e+02 7.279703224285155594e-02
1.310000000000000000e+02 7.327988420933623237e-02
1.315000000000000000e+02 7.329093367984151897e-02
1.320000000000000000e+02 7.366145628914541610e-02
1.325000000000000000e+02 7.480800039102819543e-02
1.330000000000000000e+02 7.597214527796501693e-02
1.335000000000000000e+02 7.790319859513422651e-02
1.340000000000000000e+02 7.990330545308914345e-02
1.345000000000000000e+02 8.228007475769341661e-02
1.350000000000000000e+02 8.516172555190130999e-02
1.355000000000000000e+02 8.868063501289349948e-02
1.360000000000000000e+02 9.245872366108168205e-02
1.365000000000000000e+02 9.625427190886788609e-02
1.370000000000000000e+02 1.008230136208380923e-01
1.375000000000000000e+02 1.060860970146483839e-01
1.380000000000000000e+02 1.111297305859582779e-01
1.381999999999999886e+02 1.120242298861746505e-01
1.384000000000000057e+02 1.145859002175840524e-01
1.385999999999999943e+02 1.165844564393811733e-01
1.388000000000000114e+02 1.191046953978243395e-01
1.390000000000000000e+02 1.213031400702531820e-01
1.391999999999999886e+02 1.233192096036538343e-01
1.394000000000000057e+02 1.254485541096425349e-01
1.395999999999999943e+02 1.275240523848775454e-01
1.398000000000000114e+02 1.295540036536072803e-01
1.400000000000000000e+02 1.309883713057316545e-01
1.401999999999999886e+02 1.332667860958989814e-01
1.404000000000000057e+02 1.345271674027067044e-01
1.405999999999999943e+02 1.359488054668009094e-01
1.408000000000000114e+02 1.377935549304033225e-01
1.410000000000000000e+02 1.391009039928949309e-01
1.411999999999999886e+02 1.401959897406330480e-01
1.414000000000000057e+02 1.412016623947721372e-01
1.415999999999999943e+02 1.426576368459558375e-01
1.418000000000000114e+02 1.436902229641128792e-01
1.420000000000000000e+02 1.446164369930907634e-01
1.421999999999999886e+02 1.460907431556099090e-01
1.424000000000000057e+02 1.471489848983308368e-01
1.425999999999999943e+02 1.476599791220048197e-01
1.428000000000000114e+02 1.486365663558177896e-01
1.430000000000000000e+02 1.490274485741954480e-01
1.431999999999999886e+02 1.496282377928105367e-01
1.434000000000000057e+02 1.505737653774527063e-01
1.435999999999999943e+02 1.508138717319586763e-01
1.438000000000000114e+02 1.511870463416770394e-01
1.440000000000000000e+02 1.514937825481253442e-01
1.441999999999999886e+02 1.512601100712384350e-01
1.444000000000000057e+02 1.514336162181441903e-01
1.445999999999999943e+02 1.511550979544644402e-01
1.448000000000000114e+02 1.506264642437869228e-01
1.450000000000000000e+02 1.503206923688864827e-01
1.451999999999999886e+02 1.497170583751077921e-01
1.454000000000000057e+02 1.486710244364231326e-01
1.455999999999999943e+02 1.485116189168577405e-01
1.458000000000000114e+02 1.474835651832352434e-01
1.460000000000000000e+02 1.466217184627834069e-01
1.461999999999999886e+02 1.453897858125201836e-01
1.464000000000000057e+02 1.440333707526502138e-01
1.465999999999999943e+02 1.425271785838400640e-01
1.468000000000000114e+02 1.413059367272159750e-01
1.470000000000000000e+02 1.398139886491952810e-01
1.471999999999999886e+02 1.381331615722128370e-01
1.474000000000000057e+02 1.358884062918944979e-01
1.475999999999999943e+02 1.344483038809217157e-01
1.478000000000000114e+02 1.327072988994063285e-01
1.480000000000000000e+02 1.308649905451890194e-01
1.481999999999999886e+02 1.288906783389260624e-01
1.484000000000000057e+02 1.266297896259068467e-01
1.485999999999999943e+02 1.255960660421941155e-01
1.488000000000000114e+02 1.235425531996339477e-01
1.490000000000000000e+02 1.218146179800591172e-01
1.491999999999999886e+02 1.202537247379563412e-01
1.494000000000000057e+02 1.184619561708332436e-01
1.495999999999999943e+02 1.169668622369794825e-01
1.498000000000000114e+02 1.155951195289124656e-01
1.500000000000000000e+02 1.134633881088673579e-01
1.505000000000000000e+02 1.101087406200608326e-01
1.510000000000000000e+02 1.060705289533346585e-01
1.515000000000000000e+02 1.020776373808887777e-01
1.520000000000000000e+02 9.875130994096906201e-02
1.525000000000000000e+02 9.482499457105751650e-02
1.530000000000000000e+02 9.202075961863387388e-02
1.535000000000000000e+02 8.842024662430258974e-02
1.540000000000000000e+02 8.548307402321728143e-02
1.545000000000000000e+02 8.204043631971487394e-02
1.550000000000000000e+02 7.846634250551769163e-02
1.555000000000000000e+02 7.444714846632942418e-02
1.560000000000000000e+02 7.048578031394257815e-02
1.565000000000000000e+02 6.604009026311713493e-02
1.570000000000000000e+02 6.180018817832513139e-02
1.575000000000000000e+02 5.731366240045807775e-02
1.580000000000000000e+02 5.275586115147061494e-02
1.585000000000000000e+02 4.823484306727136850e-02
1.590000000000000000e+02 4.320415063620074159e-02
1.595000000000000000e+02 3.867780378320606616e-02
1.600000000000000000e+02 3.419119293511107410e-02
1.605000000000000000e+02 2.969836830738064107e-02
1.610000000000000000e+02 2.584394284463121735e-02
1.615000000000000000e+02 2.263485599492459643e-02
1.620000000000000000e+02 1.922296542574763317e-02
1.625000000000000000e+02 1.650140455904106421e-02
1.630000000000000000e+02 1.455949634380864291e-02
1.635000000000000000e+02 1.218021294109679527e-02
1.640000000000000000e+02 1.124512223196955790e-02
1.645000000000000000e+02 9.845717973685001040e-03
1.650000000000000000e+02 9.060018771513800306e-03
1.655000000000000000e+02 8.399454431670274820e-03
1.660000000000000000e+02 7.277385836805747021e-03
1.665000000000000000e+02 7.140278225075290773e-03
1.670000000000000000e+02 6.377287323806814408e-03
1.675000000000000000e+02 6.202392046117589930e-03
1.680000000000000000e+02 5.970151418819256116e-03
1.685000000000000000e+02 5.317309942266393481e-03
1.690000000000000000e+02 5.872547745383054421e-03
1.695000000000000000e+02 5.245572092084137619e-03
1.700000000000000000e+02 4.778115512880000068e-03
1.705000000000000000e+02 5.263962664148794622e-03
1.710000000000000000e+02 5.031899738261424483e-03
1.715000000000000000e+02 4.926722446051155779e-03
1.720000000000000000e+02 4.562716342916191617e-03
1.725000000000000000e+02 4.516143450021469115e-03
1.730000000000000000e+02 4.618179871982710030e-03
1.735000000000000000e+02 4.155076305965786296e-03
1.740000000000000000e+02 4.501913641312111670e-03
1.745000000000000000e+02 4.336044827518927350e-03
1.750000000000000000e+02 4.043923336683459373e-03
1.755000000000000000e+02 4.378809269760539427e-03
1.760000000000000000e+02 4.287411974694106329e-03
1.765000000000000000e+02 3.979277008827199202e-03
1.770000000000000000e+02 4.105502661028727872e-03
1.775000000000000000e+02 3.899655331587806393e-03
1.780000000000000000e+02 3.931378715049637686e-03
1.785000000000000000e+02 4.109528555870363073e-03
1.790000000000000000e+02 3.823431995931607982e-03
1.795000000000000000e+02 3.821530398634640988e-03
1.800000000000000000e+02 4.172028332823260639e-03
1.805000000000000000e+02 4.160281921163765974e-03
1.810000000000000000e+02 4.078451047945011974e-03
1.815000000000000000e+02 3.948680833965081440e-03
1.820000000000000000e+02 3.872149183158242990e-03
1.825000000000000000e+02 3.770233599382986391e-03
1.830000000000000000e+02 3.819657509588925484e-03
1.835000000000000000e+02 3.663161303400645601e-03
1.840000000000000000e+02 4.038263457912642969e-03
1.845000000000000000e+02 4.135474258999904083e-03
1.850000000000000000e+02 4.128816489158650647e-03
1.855000000000000000e+02 4.286063990900706652e-03
1.860000000000000000e+02 4.339561916685309717e-03
1.865000000000000000e+02 4.341453910720100354e-03
1.870000000000000000e+02 4.679391811037788770e-03
1.875000000000000000e+02 4.532603182746638634e-03
1.880000000000000000e+02 4.336036995317547708e-03
1.885000000000000000e+02 4.964308127970607810e-03
1.890000000000000000e+02 5.130461873171053046e-03
1.895000000000000000e+02 5.196058102760991483e-03
1.900000000000000000e+02 5.302060364587965653e-03
1.905000000000000000e+02 5.657921523361948181e-03
1.910000000000000000e+02 5.525953880233215425e-03
1.915000000000000000e+02 5.395712169730759386e-03
1.920000000000000000e+02 5.000946432487151164e-03
1.925000000000000000e+02 5.866199670241688431e-03
1.930000000000000000e+02 6.009787288882899314e-03
1.935000000000000000e+02 5.749495767167667366e-03
1.940000000000000000e+02 5.822727310017419486e-03
1.945000000000000000e+02 5.454660803792837041e-03
1.950000000000000000e+02 5.230107298006738542e-03
1.955000000000000000e+02 5.032952772280299865e-03
1.960000000000000000e+02 4.934876764237941527e-03
1.965000000000000000e+02 4.446841869875726126e-03
1.970000000000000000e+02 4.654843905878973918e-03
1.975000000000000000e+02 4.026200290098200414e-03
1.980000000000000000e+02 3.974567281016285793e-03
1.985000000000000000e+02 3.772691259872804157e-03
1.990000000000000000e+02 3.714535348960187281e-03
1.995000000000000000e+02 3.341032840569620709e-03
2.000000000000000000e+02 3.331706415854144340e-03
2.005000000000000000e+02 3.101484495020546094e-03
2.010000000000000000e+02 3.084461779246972218e-03
2.015000000000000000e+02 3.080573043739687732e-03
2.020000000000000000e+02 2.582993711161482575e-03
2.025000000000000000e+02 3.021365386368833443e-03
2.030000000000000000e+02 2.716051896013605901e-03
2.035000000000000000e+02 2.649112328985736564e-03
2.040000000000000000e+02 2.480017046296699272e-03
2.045000000000000000e+02 2.530718268223854529e-03
2.050000000000000000e+02 2.422834693694522409e-03
2.055000000000000000e+02 2.435098214096089071e-03
2.060000000000000000e+02 2.278018230247710798e-03
2.065000000000000000e+02 2.567690840620939687e-03
2.070000000000000000e+02 2.310691759103626446e-03
2.075000000000000000e+02 2.145664170200181891e-03
2.080000000000000000e+02 2.290165436065199830e-03
2.085000000000000000e+02 2.169889378414118983e-03
2.090000000000000000e+02 2.501966415626684544e-03
2.095000000000000000e+02 2.135266090067994543e-03
2.100000000000000000e+02 2.321698925746612258e-03
2.105000000000000000e+02 2.412138402925167492e-03
2.110000000000000000e+02 2.231806782520143976e-03
2.115000000000000000e+02 2.347333692042246917e-03
2.120000000000000000e+02 2.266275055204967220e-03
2.125000000000000000e+02 2.217044092389899596e-03
2.130000000000000000e+02 1.739031028944705614e-03
2.135000000000000000e+02 1.677573531343759050e-03
2.140000000000000000e+02 1.480615930566268152e-03
2.145000000000000000e+02 1.893728895828476842e-03
2.150000000000000000e+02 2.111030160138666501e-03
2.155000000000000000e+02 1.257322292561922992e-03
2.160000000000000000e+02 1.273946158049550203e-03
2.165000000000000000e+02 1.090026130060392376e-03
2.170000000000000000e+02 1.156006085234025788e-03
2.175000000000000000e+02 1.289030769926820252e-03
2.180000000000000000e+02 1.598644861643797521e-03
2.185000000000000000e+02 1.658539760790436616e-03
2.190000000000000000e+02 1.590457546681504734e-03
2.195000000000000000e+02 1.311628135027871709e-03
2.200000000000000000e+02 1.545109639481632166e-03
