1.100000000000000000e+02 -1.282065933228679622e-01
1.105000000000000000e+02 5.858872308612776691e-02
1.110000000000000000e+02 -1.203664882803136688e-01
1.115000000000000000e+02 -5.694545789083479970e-02
1.120000000000000000e+02 -1.535261171342021114e-01
1.125000000000000000e+02 -6.824400798265001233e-02
1.130000000000000000e+02 5.486463415101514723e-02
1.135000000000000000e+02 -1.272367676470109177e-01
1.140000000000000000e+02 nan
1.145000000000000000e+02 5.410948454173827304e-01
1.150000000000000000e+02 4.985472378200702659e-01
1.155000000000000000e+02 4.947726357538290709e-01
1.160000000000000000e+02 4.934946257276781600e-01
1.165000000000000000e+02 4.860925911151897094e-01
1.170000000000000000e+02 4.791000188627941303e-01
1.175000000000000000e+02 4.841331218010192505e-01
1.180000000000000000e+02 4.719522510421498285e-01
1.185000000000000000e+02 4.731032414046032475e-01
1.190000000000000000e+02 4.696260263044429450e-01
1.195000000000000000e+02 4.624457684138754132e-01
1.200000000000000000e+02 4.582752312759565960e-01
1.205000000000000000e+02 4.509308733793450097e-01
1.210000000000000000e+02 4.449036253459296431e-01
1.215000000000000000e+02 4.379355221215978644e-01
1.220000000000000000e+02 4.281497119107036675e-01
1.225000000000000000e+02 4.173702237323846376e-01
1.230000000000000000e+02 4.090558337501298825e-01
1.235000000000000000e+02 3.981391282199691628e-01
1.240000000000000000e+02 3.873565082432501305e-01
1.245000000000000000e+02 3.767005546282040096e-01
1.250000000000000000e+02 3.656279026091969753e-01
1.255000000000000000e+02 3.560206066408002079e-01
1.260000000000000000e+02 3.465942329120217380e-01
1.265000000000000000e+02 3.365857251416503604e-01
1.270000000000000000e+02 3.292208567925758445e-01
1.275000000000000000e+02 3.209297553153911964e-01
1.280000000000000000e+02 3.136817803618743294e-01
1.285000000000000000e+02 3.075200092912265815e-01
1.290000000000000000e+02 3.029872932943645236e-01
1.295000000000000000e+02 2.985260556593462566e-01
1.300000000000000000e+02 2.951778178692855414e-01
1.305000000000000000e+02 2.926180839594086369e-01
1.310000000000000000e+02 2.909941012150837336e-01
1.315000000000000000e+02 2.908917852490729428e-01
1.320000000000000000e+02 2.922272484403268256e-01
1.325000000000000000e+02 2.944279420591912055e-01
1.330000000000000000e+02 2.982959532050224460e-01
1.335000000000000000e+02 3.029802554033853013e-01
1.340000000000000000e+02 3.093730993698327603e-01
1.345000000000000000e+02 3.172780258872406334e-01
1.350000000000000000e+02 3.257651491726598070e-01
1.355000000000000000e+02 3.365881543241179830e-01
1.360000000000000000e+02 3.483175848705143962e-01
1.365000000000000000e+02 3.616047362060996750e-01
1.370000000000000000e+02 3.765862267013672104e-01
1.375000000000000000e+02 3.927177680996401521e-01
1.380000000000000000e+02 4.091299389025288002e-01
1.385000000000000000e+02 4.256310916011004086e-01
1.390000000000000000e+02 4.415730573120718594e-01
1.395000000000000000e+02 4.562699454788389231e-01
1.400000000000000000e+02 4.688274038711918723e-01
1.405000000000000000e+02 4.792436160736211481e-01
1.410000000000000000e+02 4.870383060553630794e-01
1.415000000000000000e+02 4.934010722386301118e-01
1.420000000000000000e+02 4.976565022368411584e-01
1.425000000000000000e+02 5.013378153235187318e-01
1.430000000000000000e+02 5.024505562576484508e-01
1.435000000000000000e+02 5.019960791774406017e-01
1.440000000000000000e+02 4.988669140143387470e-01
1.445000000000000000e+02 4.930721413592490943e-01
1.450000000000000000e+02 4.850794649444741813e-01
1.455000000000000000e+02 4.749623262080340247e-01
1.460000000000000000e+02 4.622703396164944967e-01
1.465000000000000000e+02 4.478344662125937070e-01
1.470000000000000000e+02 4.316620215065078425e-01
1.475000000000000000e+02 4.146081475698080165e-01
1.480000000000000000e+02 3.966975233449641092e-01
1.485000000000000000e+02 3.795918142214217972e-01
1.490000000000000000e+02 3.632822132120037684e-01
1.495000000000000000e+02 3.481629215393255983e-01
1.500000000000000000e+02 3.330108460963033812e-01
1.505000000000000000e+02 3.182617745235973294e-01
1.510000000000000000e+02 3.045446632110174745e-01
1.515000000000000000e+02 2.905514479967787889e-01
1.520000000000000000e+02 2.773390048389048901e-01
1.525000000000000000e+02 2.653488486190648254e-01
1.530000000000000000e+02 2.537930200341446119e-01
1.535000000000000000e+02 2.424238453178803321e-01
1.540000000000000000e+02 2.306328832108292537e-01
1.545000000000000000e+02 2.186426685711322926e-01
1.550000000000000000e+02 2.059626037506961105e-01
1.555000000000000000e+02 1.929894762205042746e-01
1.560000000000000000e+02 1.792322518234805151e-01
1.565000000000000000e+02 1.653270440926473406e-01
1.570000000000000000e+02 1.511260058593821010e-01
1.575000000000000000e+02 1.358380262345918188e-01
1.580000000000000000e+02 1.212552517207583225e-01
1.585000000000000000e+02 1.067004311759171264e-01
1.590000000000000000e+02 9.240110706153822906e-02
1.595000000000000000e+02 7.854784339207944444e-02
1.600000000000000000e+02 6.529660306220680388e-02
1.605000000000000000e+02 5.355009253032159966e-02
1.610000000000000000e+02 4.202380957212968615e-02
1.615000000000000000e+02 3.244781138909922508e-02
1.620000000000000000e+02 2.427550795471010783e-02
1.625000000000000000e+02 1.718041211079949365e-02
1.630000000000000000e+02 1.179355308992070459e-02
1.635000000000000000e+02 7.177295482152845629e-03
1.640000000000000000e+02 3.652701314441971978e-03
1.645000000000000000e+02 1.236420446541803761e-03
1.650000000000000000e+02 -1.409068891649335395e-03
1.655000000000000000e+02 -2.951840920903407196e-03
1.660000000000000000e+02 -4.614643911470806686e-03
1.665000000000000000e+02 -5.341133574902561833e-03
1.670000000000000000e+02 -6.334496048349063692e-03
1.675000000000000000e+02 -7.024006892894743559e-03
1.680000000000000000e+02 -7.418570312754328711e-03
1.685000000000000000e+02 -8.136826586583826432e-03
1.690000000000000000e+02 -8.766810779870584658e-03
1.695000000000000000e+02 -8.580726013255065773e-03
1.700000000000000000e+02 -8.824666604751785215e-03
1.705000000000000000e+02 -9.597236206870061320e-03
1.710000000000000000e+02 -9.564992671927138521e-03
1.715000000000000000e+02 -9.399252186944312762e-03
1.720000000000000000e+02 -9.347507865493062326e-03
1.725000000000000000e+02 -9.480426044537856173e-03
1.730000000000000000e+02 -9.201665450849334793e-03
1.735000000000000000e+02 -9.267855570045110264e-03
1.740000000000000000e+02 -8.929997466351357119e-03
1.745000000000000000e+02 -8.993588385252835118e-03
1.750000000000000000e+02 -8.490920203367348026e-03
1.755000000000000000e+02 -8.666105010217839064e-03
1.760000000000000000e+02 -8.330053242248721540e-03
1.765000000000000000e+02 -8.512571167470096845e-03
1.770000000000000000e+02 -7.408497706409912335e-03
1.775000000000000000e+02 -7.096670119072872457e-03
1.780000000000000000e+02 -7.275950866142710284e-03
1.785000000000000000e+02 -6.228477685478615335e-03
1.790000000000000000e+02 -6.175902812599315568e-03
1.795000000000000000e+02 -5.914340903537652384e-03
1.800000000000000000e+02 -5.678420086005823986e-03
1.805000000000000000e+02 -5.150872308388412812e-03
1.810000000000000000e+02 -4.977149380937162179e-03
1.815000000000000000e+02 -4.847365889111834684e-03
1.820000000000000000e+02 -4.095506182430369915e-03
1.825000000000000000e+02 -3.939131690625677536e-03
1.830000000000000000e+02 -3.572135051177459126e-03
1.835000000000000000e+02 -3.118383910451709429e-03
1.840000000000000000e+02 -3.071231324583039487e-03
1.845000000000000000e+02 -2.380193827040793988e-03
1.850000000000000000e+02 -1.960573239408998011e-03
1.855000000000000000e+02 -1.312581286551422512e-03
1.860000000000000000e+02 -1.348903952891722380e-03
1.865000000000000000e+02 -9.113684526965156558e-04
1.870000000000000000e+02 -2.999858580166508471e-04
1.875000000000000000e+02 -3.289281146399084931e-04
1.880000000000000000e+02 2.289674455933380642e-05
1.885000000000000000e+02 3.557620097888448377e-04
1.890000000000000000e+02 6.936769053832587658e-04
1.895000000000000000e+02 6.393137943274657510e-04
1.900000000000000000e+02 5.499765565591499842e-04
1.905000000000000000e+02 1.148711975294614126e-03
1.910000000000000000e+02 8.019610974695403748e-04
1.915000000000000000e+02 8.347528123501835604e-04
1.920000000000000000e+02 9.090976174303368792e-04
1.925000000000000000e+02 8.449739035107755843e-04
1.930000000000000000e+02 6.259159980468534954e-04
1.935000000000000000e+02 5.275293547466683441e-04
1.940000000000000000e+02 -4.065218770388427883e-06
1.945000000000000000e+02 -6.245681046584470979e-04
1.950000000000000000e+02 -1.277653790154035206e-03
1.955000000000000000e+02 -2.243122394140019404e-03
1.960000000000000000e+02 -2.777102507811952253e-03
1.965000000000000000e+02 -3.131678124544715405e-03
1.970000000000000000e+02 -3.883568212445844773e-03
1.975000000000000000e+02 -4.260323398719657872e-03
1.980000000000000000e+02 -4.655020883179494980e-03
1.985000000000000000e+02 -5.464796011848523094e-03
1.990000000000000000e+02 -5.431927533538977344e-03
1.995000000000000000e+02 -5.320447752332441854e-03
2.000000000000000000e+02 -5.299747431596162940e-03
2.005000000000000000e+02 -5.497385823780983130e-03
2.010000000000000000e+02 -5.805923794001697884e-03
2.015000000000000000e+02 -6.167319846501035166e-03
2.020000000000000000e+02 -5.855957543377596566e-03
2.025000000000000000e+02 -5.687208205882993833e-03
2.030000000000000000e+02 -5.407018051773881603e-03
2.035000000000000000e+02 -5.696605039421719779e-03
2.040000000000000000e+02 -5.219311494545843429e-03
2.045000000000000000e+02 -5.608180136480812698e-03
2.050000000000000000e+02 -5.668051203815871637e-03
2.055000000000000000e+02 -5.622882595422301795e-03
2.060000000000000000e+02 -5.548495524582921015e-03
2.065000000000000000e+02 -5.696827848897997697e-03
2.070000000000000000e+02 -5.390483711694426215e-03
2.075000000000000000e+02 -5.267607568320793743e-03
2.080000000000000000e+02 -5.368135331330981322e-03
2.085000000000000000e+02 -5.467298105606860706e-03
2.090000000000000000e+02 -5.265213575258990975e-03
2.095000000000000000e+02 -5.068326327041799625e-03
2.100000000000000000e+02 -4.668266810055422822e-03
2.105000000000000000e+02 -5.018272833037526817e-03
2.110000000000000000e+02 -4.883467543648495855e-03
2.115000000000000000e+02 -5.150502513523810659e-03
2.120000000000000000e+02 -4.656259288905179559e-03
2.125000000000000000e+02 -5.293787479628101443e-03
2.130000000000000000e+02 -4.293501322076509474e-03
2.135000000000000000e+02 -4.313609472417188201e-03
2.140000000000000000e+02 -4.569234553035594892e-03
2.145000000000000000e+02 -4.498951355567502690e-03
2.150000000000000000e+02 -4.387275053913893691e-03
2.155000000000000000e+02 -4.271439110066721501e-03
2.160000000000000000e+02 -4.020133501820192558e-03
2.165000000000000000e+02 -4.260222122335245373e-03
2.170000000000000000e+02 -4.359272703548369710e-03
2.175000000000000000e+02 -4.273120401646625724e-03
2.180000000000000000e+02 -3.978769677302423403e-03
2.185000000000000000e+02 -4.304794701858282238e-03
2.190000000000000000e+02 -4.108547992364949483e-03
2.195000000000000000e+02 -4.130704912707725170e-03
2.200000000000000000e+02 -3.793806044086555848e-03
