1.100000000000000000e+02 -1.384388957044557500e-01
1.105000000000000000e+02 -1.126083244054943699e-01
1.110000000000000000e+02 -9.921700876736440355e-02
1.115000000000000000e+02 -8.091899296550794651e-02
1.120000000000000000e+02 -2.510358202827857044e-01
1.125000000000000000e+02 -2.474662521128567216e-01
1.130000000000000000e+02 -1.622767968951790984e-01
1.135000000000000000e+02 -2.574152846986202392e-01
1.140000000000000000e+02 9.395371456339654537e-02
1.145000000000000000e+02 4.607132739037618496e-02
1.150000000000000000e+02 4.584568619420520408e-02
1.155000000000000000e+02 4.232724388995891263e-02
1.160000000000000000e+02 4.567570174143237294e-02
1.165000000000000000e+02 4.556243280996172956e-02
1.170000000000000000e+02 4.443020297081175934e-02
1.175000000000000000e+02 4.423692468565639663e-02
1.180000000000000000e+02 4.469220366203373318e-02
1.185000000000000000e+02 4.469622832740334506e-02
1.190000000000000000e+02 4.340489398142910460e-02
1.195000000000000000e+02 4.295488465612316842e-02
1.200000000000000000e+02 4.305639864232393976e-02
1.205000000000000000e+02 4.248510708980826611e-02
1.210000000000000000e+02 4.268069661499623857e-02
1.215000000000000000e+02 4.068176251167261032e-02
1.220000000000000000e+02 3.985606605092392035e-02
1.225000000000000000e+02 3.943803850556167057e-02
1.230000000000000000e+02 3.885528676587791247e-02
1.235000000000000000e+02 3.678303660546691778e-02
1.240000000000000000e+02 3.606569144069245170e-02
1.245000000000000000e+02 3.497424554175246336e-02
1.250000000000000000e+02 3.334260405321928800e-02
1.255000000000000000e+02 3.232041555010058825e-02
1.260000000000000000e+02 3.165919980581355375e-02
1.265000000000000000e+02 3.064239585047060302e-02
1.270000000000000000e+02 3.014666416167961771e-02
1.275000000000000000e+02 2.930742725852346006e-02
1.280000000000000000e+02 2.887136451912991966e-02
1.285000000000000000e+02 2.840901080617898311e-02
1.290000000000000000e+02 2.773206058297109089e-02
1.295000000000000000e+02 2.776794586674363741e-02
1.300000000000000000e+02 2.766472356895966281e-02
1.305000000000000000e+02 2.729270810081455001e-02
1.310000000000000000e+02 2.729421164988544632e-02
1.315000000000000000e+02 2.779820197178899457e-02
1.320000000000000000e+02 2.755145782164239443e-02
1.325000000000000000e+02 2.850208965188390231e-02
1.330000000000000000e+02 2.928389919289523316e-02
1.335000000000000000e+02 2.962890674666220081e-02
1.340000000000000000e+02 3.017925128256578396e-02
1.345000000000000000e+02 3.161855815142882581e-02
1.350000000000000000e+02 3.238389453086533420e-02
1.355000000000000000e+02 3.348541968239009819e-02
1.360000000000000000e+02 3.476376189836521274e-02
1.365000000000000000e+02 3.690648705244378019e-02
1.370000000000000000e+02 3.821432652682490994e-02
1.375000000000000000e+02 3.985834686571130409e-02
1.380000000000000000e+02 4.156580959754190008e-02
1.385000000000000000e+02 4.339094869218970696e-02
1.390000000000000000e+02 4.517404550329961327e-02
1.395000000000000000e+02 4.644007633668290058e-02
1.400000000000000000e+02 4.785342840361338917e-02
1.405000000000000000e+02 4.808241394212895564e-02
1.410000000000000000e+02 4.869370934987108518e-02
1.415000000000000000e+02 4.876548521719492602e-02
1.420000000000000000e+02 4.930158546244439721e-02
1.425000000000000000e+02 4.930702164044552943e-02
1.430000000000000000e+02 4.933757599229846025e-02
1.435000000000000000e+02 4.847235879518307922e-02
1.440000000000000000e+02 4.817527404401254071e-02
1.445000000000000000e+02 4.712450464234164971e-02
1.450000000000000000e+02 4.662653352068638068e-02
1.455000000000000000e+02 4.506837451743254952e-02
1.460000000000000000e+02 4.391633443705289519e-02
1.465000000000000000e+02 4.224938008353618102e-02
1.470000000000000000e+02 4.072054219862313723e-02
1.475000000000000000e+02 3.842184978472313467e-02
1.480000000000000000e+02 3.690164292427596665e-02
1.485000000000000000e+02 3.504797909849288740e-02
1.490000000000000000e+02 3.342368620076915930e-02
1.495000000000000000e+02 3.189851977146302558e-02
1.500000000000000000e+02 3.095262295581448220e-02
1.505000000000000000e+02 2.964442657584059546e-02
1.510000000000000000e+02 2.812819344172152319e-02
1.515000000000000000e+02 2.626130831691852671e-02
1.520000000000000000e+02 2.533688206474560278e-02
1.525000000000000000e+02 2.411674384581226002e-02
1.530000000000000000e+02 2.319152527004284328e-02
1.535000000000000000e+02 2.188735710251376101e-02
1.540000000000000000e+02 2.121323170698518820e-02
1.545000000000000000e+02 2.005524306402693691e-02
1.550000000000000000e+02 1.916859281736826848e-02
1.555000000000000000e+02 1.744757642708032186e-02
1.560000000000000000e+02 1.653906192935740427e-02
1.565000000000000000e+02 1.527936356612377179e-02
1.570000000000000000e+02 1.418962754649821974e-02
1.575000000000000000e+02 1.278219280261928999e-02
1.580000000000000000e+02 1.131668073578231092e-02
1.585000000000000000e+02 1.036865868036163790e-02
1.590000000000000000e+02 8.938394595760575101e-03
1.595000000000000000e+02 7.571506599289923659e-03
1.600000000000000000e+02 6.769767444371902441e-03
1.605000000000000000e+02 5.392036433370426575e-03
1.610000000000000000e+02 4.518142692599179562e-03
1.615000000000000000e+02 3.133621256112156719e-03
1.620000000000000000e+02 2.576557964325311596e-03
1.625000000000000000e+02 1.772932232962261094e-03
1.630000000000000000e+02 1.412380916049419668e-03
1.635000000000000000e+02 9.793678765254141844e-04
1.640000000000000000e+02 3.402940424318843865e-04
1.645000000000000000e+02 2.258941024855247622e-04
1.650000000000000000e+02 -3.117422762533517892e-04
1.655000000000000000e+02 -6.540504336503120443e-04
1.660000000000000000e+02 -5.426099206074048650e-04
1.665000000000000000e+02 -2.640233402823772028e-04
1.670000000000000000e+02 -4.808878943304830344e-04
1.675000000000000000e+02 -4.437078516695826215e-04
1.680000000000000000e+02 -7.687879417476507250e-04
1.685000000000000000e+02 -5.738154207286479732e-04
1.690000000000000000e+02 -3.561118321059684316e-04
1.695000000000000000e+02 -8.593085512396349181e-04
1.700000000000000000e+02 -6.402961451904907574e-04
1.705000000000000000e+02 -6.854311239616245116e-04
1.710000000000000000e+02 -7.327550279717875113e-04
1.715000000000000000e+02 -1.196230481769561260e-03
1.720000000000000000e+02 -1.143428665014637911e-03
1.725000000000000000e+02 -1.910879800792440481e-03
1.730000000000000000e+02 -1.800288048298247278e-03
1.735000000000000000e+02 -1.576668515124878120e-03
1.740000000000000000e+02 -2.177413202018310071e-03
1.745000000000000000e+02 -1.384506947647282452e-03
1.750000000000000000e+02 -1.473059648487735386e-03
1.755000000000000000e+02 -1.290453014248542233e-03
1.760000000000000000e+02 -1.490256143842548682e-03
1.765000000000000000e+02 -2.172105600159930563e-03
1.770000000000000000e+02 -1.420546557437033777e-03
1.775000000000000000e+02 -1.492766822133548710e-03
1.780000000000000000e+02 -1.678733058786001419e-03
1.785000000000000000e+02 -1.775566831469590351e-03
1.790000000000000000e+02 -1.308477555828877663e-03
1.795000000000000000e+02 -1.011312332444481120e-03
1.800000000000000000e+02 -9.175865451680481491e-04
1.805000000000000000e+02 -1.706556153143703580e-03
1.810000000000000000e+02 -3.551708010077101146e-04
1.815000000000000000e+02 -7.500580334397091795e-04
1.820000000000000000e+02 -3.850398021013957169e-04
1.825000000000000000e+02 -6.364787510568194933e-04
1.830000000000000000e+02 -3.892774634513120426e-04
1.835000000000000000e+02 -3.799888205651702228e-04
1.840000000000000000e+02 -6.001482269871761263e-04
1.845000000000000000e+02 -2.788246328425375955e-04
1.850000000000000000e+02 -1.329661811057554878e-04
1.855000000000000000e+02 -1.068965916740210445e-05
1.860000000000000000e+02 1.240243764610761835e-04
1.865000000000000000e+02 8.827369467460751047e-05
1.870000000000000000e+02 4.616996724919655826e-04
1.875000000000000000e+02 5.112611237855849144e-04
1.880000000000000000e+02 4.480566263198596444e-04
1.885000000000000000e+02 9.713074003428660928e-04
1.890000000000000000e+02 1.491626988390248139e-03
1.895000000000000000e+02 1.645043315466509799e-03
1.900000000000000000e+02 1.384200799051806203e-03
1.905000000000000000e+02 1.644767386542980670e-03
1.910000000000000000e+02 1.838947301718312074e-03
1.915000000000000000e+02 1.803255487298909693e-03
1.920000000000000000e+02 1.802875436300907519e-03
1.925000000000000000e+02 1.631088733730621555e-03
1.930000000000000000e+02 1.896259721830709536e-03
1.935000000000000000e+02 1.984558997774757763e-03
1.940000000000000000e+02 1.661376473230860530e-03
1.945000000000000000e+02 2.045063080000222768e-03
1.950000000000000000e+02 1.921911825397415235e-03
1.955000000000000000e+02 1.804268949859131384e-03
1.960000000000000000e+02 1.629940555870711084e-03
1.965000000000000000e+02 1.595487980680880286e-03
1.970000000000000000e+02 2.040203683151735684e-03
1.975000000000000000e+02 1.948659602458593151e-03
1.980000000000000000e+02 1.657770738345353207e-03
1.985000000000000000e+02 1.165362731126044988e-03
1.990000000000000000e+02 8.570022509490392640e-04
1.995000000000000000e+02 7.342699798087545977e-04
2.000000000000000000e+02 3.239864524426235254e-04
2.005000000000000000e+02 3.131815406440501405e-04
2.010000000000000000e+02 3.045823532068604798e-04
2.015000000000000000e+02 3.907334961900719278e-04
2.020000000000000000e+02 -5.113882555147016180e-04
2.025000000000000000e+02 -5.461524913548568110e-04
2.030000000000000000e+02 -8.535080033956932329e-04
2.035000000000000000e+02 -1.122526273749834642e-03
2.040000000000000000e+02 -1.355281808189887690e-03
2.045000000000000000e+02 -1.350363834679174342e-03
2.050000000000000000e+02 -1.272497246617397548e-03
2.055000000000000000e+02 -1.248397859309461093e-03
2.060000000000000000e+02 -1.222653884376917162e-03
2.065000000000000000e+02 -1.375594301816178769e-03
2.070000000000000000e+02 -1.467135086106112745e-03
2.075000000000000000e+02 -1.364550216838957778e-03
2.080000000000000000e+02 -1.586140157669368653e-03
2.085000000000000000e+02 -1.639936535000990382e-03
2.090000000000000000e+02 -1.626519762232379743e-03
2.095000000000000000e+02 -1.371226433716067313e-03
2.100000000000000000e+02 -9.449219221215409510e-04
2.105000000000000000e+02 -8.645068862127594468e-04
2.110000000000000000e+02 -7.709461827303730431e-04
2.115000000000000000e+02 -8.818150401985978002e-04
2.120000000000000000e+02 -1.100330398780742210e-03
2.125000000000000000e+02 -7.262431935901803503e-04
2.130000000000000000e+02 -9.031562998544907491e-04
2.135000000000000000e+02 -6.658519047413245752e-04
2.140000000000000000e+02 -7.013111178906283926e-04
2.145000000000000000e+02 -7.744450327677792831e-04
2.150000000000000000e+02 -6.811295141344378672e-04
2.155000000000000000e+02 -6.059297387325271412e-04
2.160000000000000000e+02 -3.356960665678490174e-04
2.165000000000000000e+02 -4.238401137803634753e-04
2.170000000000000000e+02 -5.409747479381566684e-04
2.175000000000000000e+02 -7.391840283705493342e-04
2.180000000000000000e+02 -6.109809938068743677e-04
2.185000000000000000e+02 -3.426053557824311349e-04
2.190000000000000000e+02 -3.283943550723079550e-04
2.195000000000000000e+02 -1.671329468097127903e-05
2.200000000000000000e+02 1.730795258379497406e-06
