;Time(s)       Ch0/V           Ch0/V           Ch2/V           Ch3/V           Z_Motor         Beam_current    temperature     Absorbance
;lambda (nm)   110.000
0.000          0.0002          -0.0006         -1.49120        -0.00020        0.0000          182.0294        -50.16          0.000
0.770          0.0002          -0.0006         -1.48700        -0.00020        0.0000          182.0111        -50.12          0.000
1.520          0.0002          -0.0006         -1.48440        -0.00020        0.0000          181.9928        -50.16          0.000
2.251          0.0002          -0.0006         -1.48680        -0.00020        0.0000          181.9653        -50.16          0.000
3.011          0.0002          -0.0006         -1.48830        -0.00020        0.0000          181.9470        -50.12          0.000
3.761          0.0002          -0.0006         -1.49180        -0.00020        0.0000          181.9286        -50.16          0.000
4.502          0.0002          -0.0006         -1.49470        -0.00020        0.0000          181.9195        -50.16          0.000
5.262          0.0002          -0.0006         -1.49450        -0.00020        0.0000          181.9011        -50.16          0.000
6.012          0.0002          -0.0006         -1.49280        -0.00020        0.0000          181.8736        -50.16          0.000
6.752          0.0002          -0.0006         -1.48720        -0.00020        0.0000          181.8645        -50.16          0.000
7.513          0.0002          -0.0006         -1.48870        -0.00020        0.0000          181.8461        -50.16          0.000
8.253          0.0002          -0.0006         -1.49180        -0.00020        0.0000          181.8187        -50.16          0.000
9.003          0.0002          -0.0006         -1.49180        -0.00020        0.0000          181.8003        -50.12          0.000
9.753          0.0002          -0.0006         -1.49870        -0.00020        0.0000          181.7820        -50.16          0.000
10.513         0.0002          -0.0006         -1.49860        -0.00020        0.0000          181.7637        -50.12          0.000
11.253         0.0002          -0.0006         -1.49530        -0.00020        0.0000          181.7453        -50.16          0.000
12.003         0.0002          -0.0006         -1.49220        -0.00020        0.0000          181.7270        -50.16          0.000
12.753         0.0002          -0.0006         -1.49260        -0.00020        0.0000          181.7178        -50.16          0.000
13.503         0.0002          -0.0006         -1.49450        -0.00020        0.0000          181.6903        -50.16          0.000
14.254         0.0002          -0.0006         -1.49650        -0.00020        0.0000          181.6720        -50.16          0.000
15.004         0.0002          -0.0006         -1.50000        -0.00020        0.0000          181.6445        -50.16          0.000
15.754         0.0002          -0.0006         -1.50140        -0.00020        0.0000          181.6354        -50.16          0.000
16.504         0.0002          -0.0006         -1.49880        -0.00020        0.0000          181.6170        -50.16          0.000
17.264         0.0002          -0.0006         -1.49320        -0.00020        0.0000          181.5987        -50.16          0.000
18.005         0.0002          -0.0006         -1.49410        -0.00020        0.0000          181.5804        -50.12          0.000
18.754         0.0002          -0.0005         -1.49780        -0.00020        0.0000          181.5620        -50.12          0.000
19.504         0.0002          -0.0006         -1.49750        -0.00020        0.0000          181.5437        -50.16          0.000
20.265         0.0002          -0.0006         -1.50430        -0.00020        0.0000          181.5254        -50.16          0.000
21.006         0.0002          -0.0006         -1.50470        -0.00020        0.0000          181.4979        -50.16          0.000
21.764         0.0002          -0.0006         -1.50060        -0.00020        0.0000          181.4887        -50.16          0.000
22.505         0.0002          -0.0006         -1.49810        -0.00020        0.0000          181.4612        -50.16          0.000
23.265         0.0002          -0.0006         -1.49930        -0.00020        0.0000          181.4429        -50.16          0.000
24.005         0.0002          -0.0006         -1.50100        -0.00020        0.0000          181.4337        -50.16          0.000
24.756         0.0002          -0.0006         -1.50460        -0.00020        0.0000          181.4154        -50.16          0.000
25.506         0.0002          -0.0006         -1.50690        -0.00020        0.0000          181.3879        -50.16          0.000
26.255         0.0002          -0.0006         -1.50760        -0.00020        0.0000          181.3696        -50.16          0.000
27.006         0.0002          -0.0006         -1.50510        -0.00020        0.0000          181.3421        -50.16          0.000
27.757         0.0002          -0.0006         -1.49970        -0.00020        0.0000          181.3329        -50.16          0.000
28.517         0.0002          -0.0006         -1.50270        -0.00020        0.0000          181.3146        -50.12          0.000
29.257         0.0002          -0.0006         -1.50310        -0.00020        0.0000          181.2963        -50.16          0.000
30.017         0.0002          -0.0006         -1.50660        -0.00020        0.0000          181.2779        -50.16          0.000
30.757         0.0002          -0.0006         -1.51110        -0.00020        0.0000          181.2596        -50.16          0.000
31.507         0.0002          -0.0006         -1.51010        -0.00020        0.0000          181.2321        -50.12          0.000
32.257         0.0002          -0.0006         -1.50590        -0.00020        0.0000          181.2138        -50.16          0.000
33.017         0.0002          -0.0006         -1.50250        -0.00020        0.0000          181.2046        -50.16          0.000
33.762         0.0002          -0.0006         -1.50660        -0.00020        0.0000          181.1863        -50.16          0.000
34.503         0.0002          -0.0006         -1.50690        -0.00020        0.0000          181.1588        -50.16          0.000
35.253         0.0002          -0.0006         -1.51150        -0.00020        0.0000          181.1496        -50.16          0.000
36.002         0.0002          -0.0006         -1.51360        -0.00020        0.0000          181.1313        -50.16          0.000
36.763         0.0002          -0.0006         -1.51150        -0.00020        0.0000          181.1130        -50.16          0.000
37.503         0.0002          -0.0006         -1.50820        -0.00020        0.0000          181.0855        -50.16          0.000
38.253         0.0002          -0.0006         -1.50700        -0.00020        0.0000          181.0671        -50.16          0.000
39.003         0.0002          -0.0006         -1.50920        -0.00020        0.0000          181.0488        -50.12          0.000
39.764         0.0002          -0.0006         -1.50950        -0.00020        0.0000          181.0305        -50.16          0.000
40.504         0.0002          -0.0006         -1.51430        -0.00020        0.0000          181.0122        -50.12          0.000
41.266         0.0002          -0.0006         -1.51550        -0.00020        0.0000          180.9938        -50.12          0.000
42.006         0.0002          -0.0006         -1.51360        -0.00020        0.0000          180.9755        -50.16          0.000
42.759         0.0002          -0.0006         -1.50820        -0.00020        0.0000          180.9572        -50.16          0.000
43.519         0.0002          -0.0006         -1.50880        -0.00020        0.0000          180.9297        -50.12          0.000
44.260         0.0002          -0.0006         -1.51160        -0.00020        0.0000          180.9205        -50.16          0.000
45.020         0.0002          -0.0006         -1.51230        -0.00020        0.0000          180.9022        -50.12          0.000
45.770         0.0002          -0.0006         -1.51780        -0.00020        0.0000          180.8747        -50.16          0.000
46.501         0.0002          -0.0006         -1.51760        -0.00020        0.0000          180.8655        -50.12          0.000
47.262         0.0002          -0.0006         -1.51380        -0.00020        0.0000          180.8380        -50.16          0.000
48.012         0.0002          -0.0006         -1.50970        -0.00020        0.0000          180.8289        -50.16          0.000
48.752         0.0002          -0.0005         -1.51270        -0.00020        0.0000          180.8014        -50.16          0.000
49.502         0.0002          -0.0005         -1.51370        -0.00020        0.0000          180.7922        -50.16          0.000
50.252         0.0002          -0.0005         -1.51710        -0.00020        0.0000          180.7647        -50.16          0.000
51.013         0.0002          -0.0005         -1.51890        -0.00020        0.0000          180.7464        -50.16          0.000
51.763         0.0002          -0.0006         -1.51780        -0.00020        0.0000          180.7281        -50.12          0.000
52.513         0.0002          -0.0005         -1.51460        -0.00020        0.0000          180.7097        -50.16          0.000
53.253         0.0002          -0.0006         -1.51120        -0.00020        0.0000          180.6914        -50.16          0.000
54.003         0.0002          -0.0006         -1.51420        -0.00020        0.0000          180.6731        -50.16          0.000
54.765         0.0002          -0.0005         -1.51440        -0.00020        0.0000          180.6547        -50.16          0.000
55.514         0.0002          -0.0006         -1.51810        -0.00020        0.0000          180.6364        -50.16          0.000
56.256         0.0002          -0.0006         -1.52100        -0.00020        0.0000          180.6272        -50.12          0.000
57.016         0.0002          -0.0006         -1.51910        -0.00020        0.0000          180.6089        -50.16          0.000
57.766         0.0002          -0.0006         -1.51180        -0.00020        0.0000          180.5814        -50.16          0.000
58.507         0.0002          -0.0005         -1.51300        -0.00020        0.0000          180.5723        -50.16          0.000
59.257         0.0002          -0.0006         -1.51670        -0.00020        0.0000          180.5539        -50.16          0.000
60.017         0.0002          -0.0005         -1.51610        -0.00020        0.0000          180.5264        -50.16          0.000
60.758         0.0002          -0.0006         -1.52230        -0.00020        0.0000          180.5081        -50.16          0.000
61.517         0.0002          -0.0006         -1.52270        -0.00020        0.0000          180.4898        -50.16          0.000
62.257         0.0002          -0.0006         -1.51740        -0.00020        0.0000          180.4714        -50.16          0.000
63.007         0.0002          -0.0006         -1.51350        -0.00020        0.0000          180.4531        -50.16          0.000
63.768         0.0002          -0.0005         -1.51780        -0.00020        0.0000          180.4348        -50.16          0.000
64.508         0.0002          -0.0005         -1.51870        -0.00020        0.0000          180.4165        -50.16          0.000
65.258         0.0002          -0.0005         -1.52160        -0.00020        0.0000          180.3981        -50.16          0.000
66.017         0.0002          -0.0005         -1.52410        -0.00020        0.0000          180.3798        -50.16          0.000
66.757         0.0002          -0.0006         -1.52230        -0.00020        0.0000          180.3615        -50.16          0.000
67.509         0.0002          -0.0006         -1.51880        -0.00020        0.0000          180.3431        -50.16          0.000
68.258         0.0002          -0.0006         -1.51660        -0.00020        0.0000          180.3248        -50.16          0.000
69.008         0.0002          -0.0006         -1.51970        -0.00020        0.0000          180.3065        -50.16          0.000
69.758         0.0002          -0.0006         -1.52020        -0.00020        0.0000          180.2790        -50.16          0.000
70.508         0.0002          -0.0006         -1.52330        -0.00020        0.0000          180.2698        -50.16          0.000
71.269         0.0002          -0.0006         -1.52590        -0.00020        0.0000          180.2515        -50.16          0.000
72.008         0.0002          -0.0006         -1.52390        -0.00020        0.0000          180.2332        -50.16          0.000
72.758         0.0002          -0.0006         -1.51650        -0.00020        0.0000          180.2057        -50.16          0.000
73.518         0.0002          -0.0006         -1.51800        -0.00020        0.0000          180.1873        -50.16          0.000
74.260         0.0002          -0.0006         -1.52260        -0.00020        0.0000          180.1690        -50.16          0.000
75.009         0.0002          -0.0006         -1.52240        -0.00020        0.0000          180.1507        -50.16          0.000
75.759         0.0002          -0.0006         -1.52670        -0.00020        0.0000          180.1323        -50.16          0.000
76.510         0.0002          -0.0006         -1.52700        -0.00020        0.0000          180.1140        -50.16          0.000
77.250         0.0002          -0.0006         -1.52220        -0.00020        0.0000          180.0957        -50.16          0.000
78.001         0.0002          -0.0006         -1.51820        -0.00020        0.0000          180.0774        -50.12          0.000
78.751         0.0002          -0.0006         -1.52260        -0.00020        0.0000          180.0590        -50.16          0.000
79.512         0.0002          -0.0006         -1.52410        -0.00020        0.0000          180.0407        -50.16          0.000
80.261         0.0002          -0.0006         -1.52720        -0.00020        0.0000          180.0224        -50.16          0.000
81.012         0.0002          -0.0006         -1.52820        -0.00020        0.0000          180.0040        -50.16          0.000
81.752         0.0002          -0.0006         -1.52630        -0.00020        0.0000          179.9857        -50.16          0.000
82.503         0.0002          -0.0006         -1.52350        -0.00020        0.0000          179.9674        -50.12          0.000
83.262         0.0002          -0.0006         -1.52130        -0.00020        0.0000          179.9491        -50.16          0.000
84.003         0.0002          -0.0005         -1.52420        -0.00020        0.0000          179.9307        -50.16          0.000
84.755         0.0002          -0.0005         -1.52570        -0.00020        0.0000          179.9124        -50.16          0.000
85.504         0.0002          -0.0006         -1.52910        -0.00020        0.0000          179.9032        -50.12          0.000
86.264         0.0002          -0.0006         -1.52960        -0.00020        0.0000          179.8757        -50.16          0.000
87.004         0.0002          -0.0006         -1.52740        -0.00020        0.0000          179.8574        -50.12          0.000
87.765         0.0002          -0.0006         -1.52140        -0.00020        0.0000          179.8391        -50.16          0.000
88.505         0.0002          -0.0006         -1.52350        -0.00020        0.0000          179.8207        -50.12          0.000
89.255         0.0002          -0.0006         -1.52700        -0.00020        0.0000          179.8024        -50.16          0.000
90.005         0.0002          -0.0006         -1.52650        -0.00020        0.0000          179.7841        -50.16          0.000
90.755         0.0002          -0.0006         -1.53160        -0.00020        0.0000          179.7658        -50.16          0.000
91.515         0.0002          -0.0006         -1.53130        -0.00020        0.0000          179.7474        -50.16          0.000
92.265         0.0002          -0.0006         -1.52560        -0.00020        0.0000          179.7291        -50.16          0.000
93.007         0.0002          -0.0006         -1.52220        -0.00020        0.0000          179.7108        -50.16          0.000
93.767         0.0002          -0.0006         -1.52740        -0.00020        0.0000          179.6924        -50.16          0.000
94.517         0.0002          -0.0006         -1.52860        -0.00020        0.0000          179.6649        -50.16          0.000
95.266         0.0002          -0.0006         -1.53090        -0.00020        0.0000          179.6466        -50.16          0.000
96.017         0.0002          -0.0006         -1.53200        -0.00020        0.0000          179.6375        -50.12          0.000
96.767         0.0002          -0.0006         -1.53000        -0.00020        0.0000          184.0548        -50.16          0.000
97.517         0.0002          -0.0006         -1.52740        -0.00020        0.0000          184.0365        -50.16          0.000
98.257         0.0002          -0.0006         -1.52500        -0.00020        0.0000          184.0182        -50.16          0.000
99.017         0.0002          -0.0006         -1.52760        -0.00020        0.0000          183.9999        -50.16          0.000
99.759         0.0002          -0.0006         -1.52890        -0.00020        0.0000          183.9815        -50.16          0.000
100.518        0.0002          -0.0006         -1.53240        -0.00020        0.0000          183.9540        -50.16          0.000
101.258        0.0002          -0.0006         -1.53290        -0.00020        0.0000          183.9449        -50.16          0.000
102.018        0.0002          -0.0006         -1.53100        -0.00020        0.0000          183.9265        -50.16          0.000
102.768        0.0002          -0.0006         -1.52560        -0.00020        0.0000          183.8990        -50.16          0.000
103.508        0.0002          -0.0006         -1.52650        -0.00020        0.0000          183.8807        -50.16          0.000
104.259        0.0002          -0.0006         -1.53070        -0.00020        0.0000          183.8624        -50.16          0.000
105.019        0.0002          -0.0006         -1.52960        -0.00020        0.0000          183.8441        -50.16          0.000
105.759        0.0002          -0.0006         -1.53440        -0.00020        0.0000          183.8257        -50.16          0.000
106.510        0.0002          -0.0006         -1.53450        -0.00020        0.0000          183.7982        -50.16          0.000
107.270        0.0002          -0.0006         -1.53070        -0.00020        0.0000          183.7799        -50.16          0.000
108.000        0.0002          -0.0006         -1.52690        -0.00020        0.0000          183.7707        -50.16          0.000
108.750        0.0002          -0.0006         -1.52950        -0.00020        0.0000          183.7432        -50.16          0.000
109.511        0.0002          -0.0006         -1.53160        -0.00020        0.0000          183.7249        -50.16          0.000
110.260        0.0002          -0.0006         -1.53390        -0.00020        0.0000          183.7066        -50.16          0.000
111.011        0.0002          -0.0006         -1.53550        -0.00020        0.0000          183.6883        -50.16          0.000
111.751        0.0002          -0.0006         -1.53390        -0.00020        0.0000          183.6883        -50.16          0.000
112.503        0.0002          -0.0006         -1.53210        -0.00020        0.0000          183.6241        -50.16          0.000
113.251        0.0002          -0.0006         -1.52810        -0.00020        0.0000          183.6149        -50.16          0.000
114.002        0.0002          -0.0006         -1.53140        -0.00020        0.0000          183.5966        -50.12          0.000
114.753        0.0002          -0.0006         -1.53240        -0.00020        0.0000          183.5783        -50.12          0.000
115.513        0.0002          -0.0006         -1.53480        -0.00020        0.0000          183.5508        -50.16          0.000
116.262        0.0002          -0.0006         -1.53830        -0.00020        0.0000          183.5416        -50.16          0.000
117.002        0.0002          -0.0006         -1.53690        -0.00020        0.0000          183.5141        -50.16          0.000
117.763        0.0002          -0.0006         -1.53190        -0.00020        0.0000          183.4958        -50.12          0.000
118.504        0.0002          -0.0006         -1.52930        -0.00020        0.0000          183.4775        -50.16          0.000
119.262        0.0002          -0.0006         -1.53450        -0.00020        0.0000          183.4591        -50.16          0.000
120.013        0.0002          -0.0006         -1.53490        -0.00020        0.0000          183.4408        -50.16          0.000
120.754        0.0002          -0.0006         -1.53850        -0.00020        0.0000          183.4225        -50.12          0.000
121.504        0.0002          -0.0006         -1.53910        -0.00020        0.0000          183.4041        -50.16          0.000
122.254        0.0002          -0.0006         -1.53630        -0.00020        0.0000          183.3858        -50.16          0.000
123.015        0.0002          -0.0006         -1.53400        -0.00020        0.0000          183.3675        -50.16          0.000
123.755        0.0002          -0.0006         -1.53310        -0.00020        0.0000          183.3492        -50.16          0.000
124.515        0.0002          -0.0006         -1.53570        -0.00020        0.0000          183.3308        -50.12          0.000
125.255        0.0002          -0.0006         -1.53550        -0.00020        0.0000          183.3033        -50.16          0.000
126.016        0.0002          -0.0006         -1.53890        -0.00020        0.0000          183.2942        -50.16          0.000
126.766        0.0002          -0.0006         -1.54020        -0.00020        0.0000          183.2667        -50.16          0.000
127.516        0.0002          -0.0006         -1.53880        -0.00020        0.0000          183.2575        -50.16          0.000
128.257        0.0002          -0.0006         -1.53290        -0.00020        0.0000          183.2392        -50.16          0.000
129.007        0.0002          -0.0006         -1.53290        -0.00020        0.0000          183.2209        -50.16          0.000
129.759        0.0002          -0.0006         -1.53720        -0.00020        0.0000          183.1934        -50.16          0.000
130.508        0.0002          -0.0006         -1.53680        -0.00020        0.0000          183.1750        -50.16          0.000
131.258        0.0002          -0.0006         -1.54170        -0.00020        0.0000          183.1475        -50.16          0.000
132.018        0.0002          -0.0006         -1.54170        -0.00020        0.0000          183.1384        -50.16          0.000
132.758        0.0002          -0.0005         -1.53800        -0.00020        0.0000          183.1200        -50.16          0.000
133.508        0.0002          -0.0005         -1.53500        -0.00020        0.0000          183.0925        -50.12          0.000
134.258        0.0002          -0.0006         -1.53670        -0.00020        0.0000          183.0742        -50.12          0.000
135.018        0.0002          -0.0006         -1.53890        -0.00020        0.0000          183.0559        -50.16          0.000
135.758        0.0002          -0.0006         -1.53950        -0.00020        0.0000          183.0376        -50.16          0.000
136.508        0.0002          -0.0006         -1.54210        -0.00020        0.0000          183.0192        -50.16          0.000
137.258        0.0002          -0.0005         -1.54200        -0.00020        0.0000          183.0009        -50.16          0.000
138.019        0.0002          -0.0005         -1.54060        -0.00020        0.0000          182.9826        -50.16          0.000
138.769        0.0002          -0.0005         -1.53530        -0.00020        0.0000          182.9642        -50.16          0.000
139.510        0.0002          -0.0006         -1.53700        -0.00020        0.0000          182.9459        -50.12          0.000
140.269        0.0002          -0.0006         -1.54010        -0.00020        0.0000          182.9184        -50.16          0.000
141.001        0.0002          -0.0006         -1.53910        -0.00020        0.0000          182.9093        -50.16          0.000
141.761        0.0002          -0.0006         -1.54440        -0.00020        0.0000          182.8818        -50.16          0.000
142.511        0.0002          -0.0006         -1.54450        -0.00020        0.0000          182.8634        -50.12          0.000
143.261        0.0002          -0.0005         -1.54090        -0.00020        0.0000          182.8451        -50.16          0.000
144.011        0.0002          -0.0006         -1.53760        -0.00020        0.0000          182.8268        -50.16          0.000
144.761        0.0002          -0.0005         -1.53910        -0.00020        0.0000          182.8084        -50.16          0.000
145.511        0.0002          -0.0005         -1.54110        -0.00020        0.0000          182.7901        -50.16          0.000
146.261        0.0002          -0.0006         -1.54230        -0.00020        0.0000          182.7718        -50.16          0.000
147.001        0.0002          -0.0006         -1.54510        -0.00020        0.0000          182.7535        -50.16          0.000
147.753        0.0002          -0.0006         -1.54470        -0.00020        0.0000          182.7351        -50.16          0.000
148.503        0.0002          -0.0005         -1.54290        -0.00020        0.0000          182.7168        -50.12          0.000
149.253        0.0002          -0.0005         -1.53740        -0.00020        0.0000          182.6985        -50.16          0.000
150.013        0.0002          -0.0006         -1.53930        -0.00020        0.0000          182.6710        -50.12          0.000
150.754        0.0002          -0.0006         -1.54320        -0.00020        0.0000          182.6618        -50.16          0.000
151.514        0.0002          -0.0006         -1.54210        -0.00020        0.0000          182.6343        -50.16          0.000
152.254        0.0002          -0.0006         -1.54660        -0.00020        0.0000          182.6160        -50.12          0.000
153.014        0.0002          -0.0006         -1.54680        -0.00020        0.0000          182.6068        -50.16          0.000
153.766        0.0002          -0.0006         -1.54330        -0.00020        0.0000          182.5793        -50.16          0.000
154.505        0.0002          -0.0006         -1.54050        -0.00020        0.0000          182.5610        -50.16          0.000
155.265        0.0002          -0.0006         -1.54220        -0.00020        0.0000          182.5427        -50.16          0.000
156.006        0.0002          -0.0006         -1.54420        -0.00020        0.0000          182.5243        -50.16          0.000
156.766        0.0002          -0.0006         -1.54400        -0.00020        0.0000          182.5152        -50.16          0.000
157.506        0.0002          -0.0006         -1.54730        -0.00020        0.0000          182.4877        -50.12          0.000
158.256        0.0002          -0.0006         -1.54810        -0.00020        0.0000          182.4693        -50.16          0.000
159.006        0.0002          -0.0005         -1.54640        -0.00020        0.0000          182.4510        -50.16          0.000
159.756        0.0002          -0.0006         -1.54110        -0.00020        0.0000          182.4327        -50.16          0.000
160.506        0.0002          -0.0006         -1.54150        -0.00020        0.0000          182.4144        -50.16          0.000
161.265        0.0002          -0.0005         -1.54530        -0.00020        0.0000          182.3960        -50.16          0.000
162.016        0.0002          -0.0006         -1.54440        -0.00020        0.0000          182.3777        -50.12          0.000
162.767        0.0002          -0.0006         -1.54920        -0.00020        0.0000          182.3594        -50.16          0.000
163.506        0.0002          -0.0005         -1.55000        -0.00020        0.0000          182.3410        -50.16          0.000
164.257        0.0002          -0.0006         -1.54680        -0.00020        0.0000          182.3227        -50.16          0.000
165.016        0.0002          -0.0005         -1.54410        -0.00020        0.0000          182.3135        -50.16          0.000
165.757        0.0002          -0.0006         -1.54280        -0.00020        0.0000          182.2861        -50.12          0.000
166.508        0.0002          -0.0006         -1.54540        -0.00020        0.0000          182.2586        -50.16          0.000
167.268        0.0002          -0.0006         -1.54580        -0.00020        0.0000          182.2402        -50.16          0.000
168.008        0.0002          -0.0006         -1.54910        -0.00020        0.0000          182.2311        -50.16          0.000
168.757        0.0002          -0.0006         -1.55110        -0.00020        0.0000          182.2036        -50.16          0.000
