;Time(s)       Ch0/V           Ch0/V           Ch2/V           Ch3/V           Z_Motor         Beam_current    temperature     Absorbance
;lambda (nm)   110.000
0.000          0.0002          -0.0006         -1.13170        -0.00020        0.0000          183.0376        -50.12          0.000
0.750          0.0002          -0.0006         -1.13160        -0.00020        0.0000          183.0192        -50.16          0.000
1.510          0.0002          -0.0006         -1.13040        -0.00020        0.0000          183.0009        -50.16          0.000
2.261          0.0002          -0.0006         -1.12680        -0.00020        0.0000          182.9734        -50.16          0.000
3.001          0.0002          -0.0006         -1.12750        -0.00020        0.0000          182.9551        -50.12          0.000
3.761          0.0002          -0.0006         -1.12970        -0.00020        0.0000          182.9367        -50.16          0.000
4.511          0.0002          -0.0006         -1.13040        -0.00020        0.0000          182.9184        -50.12          0.000
5.252          0.0002          -0.0006         -1.13670        -0.00020        0.0000          182.9001        -50.16          0.000
6.002          0.0002          -0.0006         -1.13750        -0.00020        0.0000          182.8818        -50.12          0.000
6.752          0.0002          -0.0006         -1.13560        -0.00020        0.0000          182.8634        -50.16          0.000
7.502          0.0002          -0.0006         -1.13440        -0.00020        0.0000          182.8359        -50.16          0.000
8.253          0.0002          -0.0006         -1.13150        -0.00020        0.0000          182.8176        -50.12          0.000
9.013          0.0002          -0.0006         -1.13340        -0.00020        0.0000          182.7901        -50.16          0.000
9.753          0.0002          -0.0006         -1.13410        -0.00020        0.0000          182.7809        -50.16          0.000
10.504         0.0002          -0.0006         -1.13820        -0.00020        0.0000          182.7626        -50.12          0.000
11.254         0.0002          -0.0006         -1.14200        -0.00020        0.0000          182.7351        -50.16          0.000
12.004         0.0002          -0.0006         -1.14150        -0.00020        0.0000          182.7168        -50.16          0.000
12.754         0.0002          -0.0006         -1.13870        -0.00020        0.0000          182.6985        -50.16          0.000
13.514         0.0002          -0.0006         -1.13650        -0.00020        0.0000          182.6710        -50.16          0.000
14.254         0.0002          -0.0006         -1.13770        -0.00020        0.0000          182.6526        -50.16          0.000
15.005         0.0002          -0.0006         -1.13820        -0.00020        0.0000          182.6343        -50.16          0.000
15.754         0.0002          -0.0006         -1.14250        -0.00020        0.0000          182.6160        -50.16          0.000
16.514         0.0002          -0.0006         -1.14460        -0.00020        0.0000          182.5977        -50.12          0.000
17.265         0.0002          -0.0006         -1.14540        -0.00020        0.0000          182.5793        -50.16          0.000
18.004         0.0002          -0.0006         -1.14390        -0.00020        0.0000          182.5610        -50.12          0.000
18.754         0.0002          -0.0006         -1.13990        -0.00020        0.0000          182.5335        -50.16          0.000
19.515         0.0002          -0.0006         -1.14000        -0.00020        0.0000          182.5152        -50.12          0.000
20.265         0.0002          -0.0006         -1.14180        -0.00020        0.0000          182.4968        -50.16          0.000
21.015         0.0002          -0.0006         -1.14240        -0.00020        0.0000          182.4785        -50.12          0.000
21.765         0.0002          -0.0006         -1.14900        -0.00020        0.0000          182.4602        -50.16          0.000
22.506         0.0002          -0.0006         -1.14920        -0.00020        0.0000          182.4419        -50.16          0.000
23.266         0.0002          -0.0006         -1.14670        -0.00020        0.0000          182.4144        -50.16          0.000
24.016         0.0002          -0.0006         -1.14450        -0.00020        0.0000          182.3960        -50.16          0.000
24.757         0.0002          -0.0006         -1.14440        -0.00020        0.0000          182.3685        -50.12          0.000
25.506         0.0002          -0.0006         -1.14510        -0.00020        0.0000          182.3502        -50.16          0.000
26.256         0.0002          -0.0006         -1.14750        -0.00020        0.0000          182.3319        -50.16          0.000
27.006         0.0002          -0.0006         -1.14900        -0.00020        0.0000          182.3135        -50.16          0.000
27.757         0.0002          -0.0006         -1.14620        -0.00020        0.0000          182.2952        -50.16          0.000
28.507         0.0002          -0.0006         -1.14250        -0.00020        0.0000          182.2769        -50.16          0.000
29.257         0.0002          -0.0006         -1.13430        -0.00020        0.0000          182.2586        -50.16          0.000
30.007         0.0002          -0.0006         -1.13290        -0.00020        0.0000          182.2311        -50.16          0.000
30.757         0.0002          -0.0006         -1.12900        -0.00020        0.0000          182.2127        -50.16          0.000
31.507         0.0002          -0.0006         -1.12900        -0.00020        0.0000          182.1944        -50.16          0.000
32.268         0.0002          -0.0006         -1.13000        -0.00020        0.0000          182.1669        -50.16          0.000
33.008         0.0002          -0.0006         -1.12740        -0.00020        0.0000          182.1486        -50.16          0.000
33.758         0.0002          -0.0006         -1.12020        -0.00020        0.0000          182.1394        -50.12          0.000
34.508         0.0002          -0.0006         -1.11560        -0.00020        0.0000          182.1211        -50.16          0.000
35.268         0.0002          -0.0006         -1.11350        -0.00020        0.0000          182.0936        -50.16          0.000
36.009         0.0002          -0.0006         -1.11080        -0.00020        0.0000          182.0753        -50.16          0.000
36.759         0.0002          -0.0006         -1.11210        -0.00020        0.0000          182.0478        -50.16          0.000
37.509         0.0002          -0.0006         -1.11150        -0.00020        0.0000          182.0386        -50.16          0.000
38.259         0.0002          -0.0006         -1.10580        -0.00020        0.0000          182.0111        -50.12          0.000
39.009         0.0002          -0.0006         -1.10190        -0.00020        0.0000          181.9928        -50.16          0.000
39.750         0.0002          -0.0006         -1.09650        -0.00020        0.0000          181.9653        -50.16          0.000
40.510         0.0002          -0.0006         -1.09560        -0.00020        0.0000          181.9470        -50.16          0.000
41.270         0.0002          -0.0006         -1.09320        -0.00020        0.0000          181.9286        -50.12          0.000
42.010         0.0002          -0.0006         -1.09470        -0.00020        0.0000          181.9103        -50.16          0.000
42.760         0.0002          -0.0006         -1.09150        -0.00020        0.0000          181.8920        -50.16          0.000
43.520         0.0002          -0.0006         -1.08830        -0.00020        0.0000          181.8736        -50.16          0.000
44.260         0.0002          -0.0006         -1.08040        -0.00020        0.0000          181.8553        -50.16          0.000
45.000         0.0002          -0.0006         -1.07990        -0.00020        0.0000          181.8370        -50.16          0.000
45.750         0.0002          -0.0006         -1.07640        -0.00020        0.0000          181.8095        -50.16          0.000
46.500         0.0002          -0.0006         -1.07710        -0.00020        0.0000          181.7912        -50.16          0.000
47.261         0.0002          -0.0006         -1.07730        -0.00020        0.0000          181.7637        -50.12          0.000
48.001         0.0002          -0.0006         -1.07450        -0.00020        0.0000          181.7545        -50.12          0.000
48.751         0.0002          -0.0006         -1.06720        -0.00020        0.0000          181.7270        -50.16          0.000
49.511         0.0002          -0.0006         -1.06420        -0.00020        0.0000          181.7087        -50.12          0.000
50.263         0.0002          -0.0006         -1.06240        -0.00020        0.0000          181.6995        -50.16          0.000
51.011         0.0002          -0.0006         -1.06060        -0.00020        0.0000          181.6720        -50.16          0.000
51.751         0.0002          -0.0006         -1.06200        -0.00020        0.0000          181.6629        -50.16          0.000
52.502         0.0002          -0.0006         -1.06100        -0.00020        0.0000          181.6629        -50.16          0.000
53.252         0.0002          -0.0006         -1.05480        -0.00020        0.0000          181.5804        -50.16          0.000
54.002         0.0002          -0.0006         -1.05040        -0.00020        0.0000          181.5529        -50.12          0.000
54.752         0.0002          -0.0006         -1.04940        -0.00020        0.0000          181.5254        -50.16          0.000
55.502         0.0002          -0.0006         -1.04710        -0.00020        0.0000          181.5162        -50.16          0.000
56.262         0.0002          -0.0006         -1.04800        -0.00020        0.0000          181.4979        -50.16          0.000
57.002         0.0002          -0.0006         -1.04780        -0.00020        0.0000          181.4704        -50.16          0.000
57.752         0.0002          -0.0006         -1.04780        -0.00020        0.0000          181.4429        -50.16          0.000
58.502         0.0002          -0.0006         -1.04780        -0.00020        0.0000          181.4337        -50.16          0.000
59.252         0.0002          -0.0006         -1.03580        -0.00020        0.0000          181.4062        -50.16          0.000
60.002         0.0002          -0.0006         -1.03510        -0.00020        0.0000          181.3971        -50.16          0.000
60.761         0.0002          -0.0006         -1.03400        -0.00020        0.0000          181.3696        -50.16          0.000
61.520         0.0002          -0.0006         -1.03410        -0.00020        0.0000          181.3604        -50.16          0.000
62.270         0.0002          -0.0006         -1.03160        -0.00020        0.0000          181.3329        -50.16          0.000
63.021         0.0002          -0.0006         -1.02830        -0.00020        0.0000          181.3054        -50.16          0.000
63.751         0.0002          -0.0006         -1.02290        -0.00020        0.0000          181.2871        -50.16          0.000
64.511         0.0002          -0.0006         -1.02340        -0.00020        0.0000          181.2688        -50.16          0.000
65.251         0.0002          -0.0006         -1.02030        -0.00020        0.0000          181.2504        -50.16          0.000
66.001         0.0002          -0.0006         -1.02210        -0.00020        0.0000          181.2321        -50.16          0.000
66.762         0.0002          -0.0006         -1.02070        -0.00020        0.0000          181.2138        -50.16          0.000
67.512         0.0002          -0.0006         -1.01790        -0.00020        0.0000          181.1955        -50.16          0.000
68.252         0.0002          -0.0006         -1.01200        -0.00020        0.0000          181.1680        -50.16          0.000
69.001         0.0002          -0.0006         -1.01240        -0.00020        0.0000          181.1496        -50.12          0.000
69.763         0.0002          -0.0006         -1.00970        -0.00020        0.0000          181.1313        -50.16          0.000
70.511         0.0002          -0.0006         -1.01150        -0.00020        0.0000          181.1130        -50.16          0.000
71.251         0.0002          -0.0006         -1.01100        -0.00020        0.0000          181.0946        -50.12          0.000
72.001         0.0002          -0.0006         -1.00900        -0.00020        0.0000          181.0763        -50.12          0.000
72.762         0.0002          -0.0006         -1.00340        -0.00020        0.0000          181.0580        -50.12          0.000
73.501         0.0002          -0.0006         -1.00250        -0.00020        0.0000          181.0397        -50.16          0.000
74.262         0.0002          -0.0006         -1.00190        -0.00020        0.0000          181.0213        -50.16          0.000
75.012         0.0002          -0.0006         -1.00200        -0.00020        0.0000          180.9938        -50.16          0.000
75.763         0.0002          -0.0006         -1.00310        -0.00020        0.0000          180.9755        -50.12          0.000
76.513         0.0002          -0.0006         -1.00160        -0.00020        0.0000          180.9572        -50.16          0.000
77.252         0.0002          -0.0006         -0.99670        -0.00020        0.0000          180.9388        -50.16          0.000
78.003         0.0002          -0.0006         -0.99420        -0.00020        0.0000          180.9113        -50.16          0.000
78.763         0.0002          -0.0006         -0.99550        -0.00020        0.0000          180.9022        -50.16          0.000
79.504         0.0002          -0.0006         -0.99420        -0.00020        0.0000          180.8839        -50.16          0.000
80.263         0.0002          -0.0006         -0.99640        -0.00020        0.0000          180.8655        -50.16          0.000
81.003         0.0002          -0.0006         -0.99590        -0.00020        0.0000          180.8472        -50.16          0.000
81.753         0.0002          -0.0006         -0.99150        -0.00020        0.0000          180.8197        -50.16          0.000
82.504         0.0002          -0.0006         -0.98830        -0.00020        0.0000          180.8014        -50.16          0.000
83.263         0.0002          -0.0006         -0.99000        -0.00020        0.0000          180.7830        -50.16          0.000
84.004         0.0002          -0.0006         -0.98900        -0.00020        0.0000          180.7555        -50.12          0.000
84.764         0.0002          -0.0006         -0.99140        -0.00020        0.0000          180.7372        -50.16          0.000
85.514         0.0002          -0.0006         -0.99140        -0.00020        0.0000          180.7189        -50.16          0.000
86.254         0.0002          -0.0006         -0.99140        -0.00020        0.0000          180.7006        -50.16          0.000
87.014         0.0002          -0.0006         -0.98500        -0.00020        0.0000          180.6822        -50.16          0.000
87.755         0.0002          -0.0006         -0.98590        -0.00020        0.0000          180.6547        -50.12          0.000
88.505         0.0002          -0.0006         -0.98640        -0.00020        0.0000          180.6456        -50.16          0.000
89.255         0.0002          -0.0006         -0.98810        -0.00020        0.0000          180.6272        -50.12          0.000
90.015         0.0002          -0.0006         -0.98890        -0.00020        0.0000          180.5997        -50.16          0.000
90.756         0.0002          -0.0006         -0.98740        -0.00020        0.0000          180.5814        -50.12          0.000
91.505         0.0002          -0.0006         -0.98470        -0.00020        0.0000          180.5631        -50.16          0.000
92.256         0.0002          -0.0006         -0.98440        -0.00020        0.0000          180.5448        -50.16          0.000
93.006         0.0002          -0.0006         -0.98580        -0.00020        0.0000          180.5264        -50.16          0.000
93.756         0.0002          -0.0006         -0.98840        -0.00020        0.0000          180.5081        -50.12          0.000
94.506         0.0002          -0.0006         -0.98920        -0.00020        0.0000          180.4989        -50.12          0.000
95.256         0.0002          -0.0006         -0.98840        -0.00020        0.0000          180.4714        -50.16          0.000
96.017         0.0002          -0.0006         -0.98620        -0.00020        0.0000          180.4439        -50.16          0.000
96.757         0.0002          -0.0006         -0.98410        -0.00020        0.0000          180.4348        -50.16          0.000
97.507         0.0002          -0.0006         -0.98520        -0.00020        0.0000          180.4165        -50.16          0.000
98.257         0.0002          -0.0006         -0.98750        -0.00020        0.0000          180.3981        -50.16          0.000
99.018         0.0002          -0.0006         -0.98950        -0.00020        0.0000          180.3615        -50.12          0.000
99.778         0.0002          -0.0006         -0.98930        -0.00020        0.0000          180.3523        -50.16          0.000
100.517        0.0002          -0.0006         -0.98800        -0.00020        0.0000          180.3340        -50.16          0.000
101.258        0.0002          -0.0006         -0.98550        -0.00020        0.0000          180.3156        -50.12          0.000
102.008        0.0002          -0.0006         -0.98740        -0.00020        0.0000          180.2881        -50.16          0.000
102.759        0.0002          -0.0006         -0.98860        -0.00020        0.0000          180.2698        -50.12          0.000
103.518        0.0002          -0.0006         -0.99190        -0.00020        0.0000          180.2515        -50.12          0.000
104.259        0.0002          -0.0006         -0.99310        -0.00020        0.0000          180.2332        -50.16          0.000
105.009        0.0002          -0.0006         -0.99190        -0.00020        0.0000          180.2057        -50.12          0.000
105.759        0.0002          -0.0006         -0.98920        -0.00020        0.0000          180.1873        -50.16          0.000
106.509        0.0002          -0.0006         -0.99160        -0.00020        0.0000          180.1690        -50.16          0.000
107.269        0.0002          -0.0006         -0.99280        -0.00020        0.0000          180.1507        -50.16          0.000
108.020        0.0002          -0.0006         -0.99610        -0.00020        0.0000          180.1323        -50.16          0.000
108.770        0.0002          -0.0006         -0.99950        -0.00020        0.0000          180.1049        -50.16          0.000
109.520        0.0002          -0.0006         -0.99880        -0.00020        0.0000          180.0957        -50.16          0.000
110.260        0.0002          -0.0006         -0.99530        -0.00020        0.0000          180.0682        -50.16          0.000
111.000        0.0002          -0.0006         -0.99730        -0.00020        0.0000          180.0499        -50.16          0.000
111.761        0.0002          -0.0006         -1.00030        -0.00020        0.0000          180.0224        -50.16          0.000
112.511        0.0002          -0.0006         -1.00210        -0.00020        0.0000          180.0132        -50.16          0.000
113.261        0.0002          -0.0006         -1.00700        -0.00020        0.0000          179.9857        -50.16          0.000
114.002        0.0002          -0.0006         -1.00740        -0.00020        0.0000          179.9674        -50.12          0.000
114.753        0.0002          -0.0006         -1.00470        -0.00020        0.0000          179.9491        -50.12          0.000
115.502        0.0002          -0.0006         -1.00470        -0.00020        0.0000          179.9307        -50.16          0.000
116.258        0.0002          -0.0006         -1.00970        -0.00020        0.0000          179.9124        -50.16          0.000
117.008        0.0002          -0.0006         -1.01040        -0.00020        0.0000          179.8941        -50.16          0.000
117.760        0.0002          -0.0006         -1.01640        -0.00020        0.0000          179.8757        -50.16          0.000
118.518        0.0002          -0.0006         -1.01740        -0.00020        0.0000          179.8574        -50.16          0.000
119.259        0.0002          -0.0006         -1.01630        -0.00020        0.0000          179.8299        -50.16          0.000
120.019        0.0002          -0.0006         -1.01530        -0.00020        0.0000          179.8116        -50.12          0.000
120.759        0.0002          -0.0006         -1.02030        -0.00020        0.0000          179.7933        -50.12          0.000
121.509        0.0002          -0.0006         -1.02090        -0.00020        0.0000          179.7841        -50.16          0.000
122.269        0.0002          -0.0006         -1.02790        -0.00020        0.0000          179.7566        -50.16          0.000
123.010        0.0002          -0.0006         -1.02980        -0.00020        0.0000          179.7291        -50.12          0.000
123.760        0.0002          -0.0006         -1.02920        -0.00020        0.0000          179.7199        -50.16          0.000
124.520        0.0002          -0.0006         -1.02760        -0.00020        0.0000          179.7016        -50.16          0.000
125.260        0.0002          -0.0006         -1.03290        -0.00020        0.0000          179.6833        -50.16          0.000
126.000        0.0002          -0.0006         -1.03480        -0.00020        0.0000          179.6649        -50.16          0.000
126.751        0.0002          -0.0006         -1.03990        -0.00020        0.0000          179.6375        -50.12          0.000
127.501        0.0002          -0.0006         -1.04270        -0.00020        0.0000          179.6191        -50.12          0.000
128.260        0.0002          -0.0006         -1.04400        -0.00020        0.0000          184.5497        -50.16          0.000
129.001        0.0002          -0.0006         -1.04320        -0.00020        0.0000          184.5314        -50.16          0.000
129.752        0.0002          -0.0006         -1.04590        -0.00020        0.0000          184.5131        -50.16          0.000
130.510        0.0002          -0.0006         -1.04870        -0.00020        0.0000          184.4947        -50.16          0.000
131.262        0.0002          -0.0006         -1.05410        -0.00020        0.0000          184.4764        -50.16          0.000
132.002        0.0002          -0.0006         -1.05760        -0.00020        0.0000          184.4581        -50.12          0.000
132.758        0.0002          -0.0006         -1.06000        -0.00020        0.0000          184.4398        -50.12          0.000
133.502        0.0002          -0.0006         -1.05950        -0.00020        0.0000          184.4123        -50.16          0.000
134.251        0.0002          -0.0006         -1.06120        -0.00020        0.0000          184.3939        -50.12          0.000
135.010        0.0002          -0.0006         -1.06490        -0.00020        0.0000          184.3756        -50.12          0.000
135.751        0.0002          -0.0006         -1.06860        -0.00020        0.0000          184.3573        -50.16          0.000
136.501        0.0002          -0.0006         -1.07310        -0.00020        0.0000          184.3298        -50.16          0.000
137.252        0.0002          -0.0006         -1.07810        -0.00020        0.0000          184.3115        -50.16          0.000
138.012        0.0002          -0.0006         -1.07840        -0.00020        0.0000          184.3023        -50.12          0.000
138.761        0.0002          -0.0006         -1.07760        -0.00020        0.0000          184.2840        -50.12          0.000
139.502        0.0002          -0.0006         -1.08130        -0.00020        0.0000          184.2565        -50.16          0.000
140.262        0.0002          -0.0006         -1.08610        -0.00020        0.0000          184.2381        -50.16          0.000
141.012        0.0002          -0.0006         -1.08610        -0.00020        0.0000          184.2198        -50.16          0.000
141.753        0.0002          -0.0006         -1.08610        -0.00020        0.0000          184.2015        -50.16          0.000
142.513        0.0002          -0.0006         -1.09770        -0.00020        0.0000          184.1831        -50.16          0.000
143.263        0.0002          -0.0006         -1.09680        -0.00020        0.0000          184.1648        -50.16          0.000
144.004        0.0002          -0.0006         -1.09950        -0.00020        0.0000          184.1465        -50.16          0.000
144.763        0.0002          -0.0006         -1.10630        -0.00020        0.0000          184.1190        -50.12          0.000
145.513        0.0002          -0.0006         -1.10790        -0.00020        0.0000          184.1007        -50.16          0.000
146.254        0.0002          -0.0006         -1.11630        -0.00020        0.0000          184.0823        -50.16          0.000
147.013        0.0002          -0.0006         -1.11850        -0.00020        0.0000          184.0640        -50.16          0.000
147.754        0.0002          -0.0006         -1.11890        -0.00020        0.0000          184.0457        -50.12          0.000
148.513        0.0002          -0.0006         -1.11880        -0.00020        0.0000          184.0182        -50.16          0.000
149.263        0.0002          -0.0006         -1.12610        -0.00020        0.0000          184.0090        -50.16          0.000
150.003        0.0002          -0.0006         -1.12800        -0.00020        0.0000          183.9815        -50.12          0.000
150.764        0.0002          -0.0006         -1.13700        -0.00020        0.0000          183.9632        -50.16          0.000
151.514        0.0002          -0.0006         -1.14020        -0.00020        0.0000          183.9449        -50.16          0.000
152.255        0.0002          -0.0006         -1.14150        -0.00020        0.0000          183.9265        -50.16          0.000
153.005        0.0002          -0.0006         -1.14060        -0.00020        0.0000          183.9082        -50.12          0.000
153.764        0.0002          -0.0006         -1.14710        -0.00020        0.0000          183.8807        -50.16          0.000
154.505        0.0002          -0.0006         -1.15060        -0.00020        0.0000          183.8624        -50.16          0.000
155.255        0.0002          -0.0006         -1.15740        -0.00020        0.0000          183.8532        -50.16          0.000
156.006        0.0002          -0.0006         -1.16120        -0.00020        0.0000          183.8257        -50.16          0.000
156.756        0.0002          -0.0006         -1.16460        -0.00020        0.0000          183.8166        -50.16          0.000
157.516        0.0002          -0.0006         -1.16480        -0.00020        0.0000          183.7891        -50.16          0.000
158.266        0.0002          -0.0006         -1.16800        -0.00020        0.0000          183.7707        -50.16          0.000
159.017        0.0002          -0.0006         -1.17210        -0.00020        0.0000          183.7524        -50.16          0.000
159.757        0.0002          -0.0006         -1.17510        -0.00020        0.0000          183.7341        -50.16          0.000
160.507        0.0002          -0.0006         -1.17510        -0.00020        0.0000          183.7066        -50.16          0.000
161.258        0.0002          -0.0006         -1.18880        -0.00020        0.0000          183.6974        -50.12          0.000
162.008        0.0002          -0.0006         -1.18960        -0.00020        0.0000          183.6791        -50.16          0.000
162.767        0.0002          -0.0006         -1.18900        -0.00020        0.0000          183.6516        -50.16          0.000
163.517        0.0002          -0.0006         -1.19340        -0.00020        0.0000          183.6424        -50.16          0.000
164.267        0.0002          -0.0006         -1.20030        -0.00020        0.0000          183.6149        -50.16          0.000
165.017        0.0002          -0.0006         -1.20460        -0.00020        0.0000          183.5966        -50.12          0.000
165.767        0.0002          -0.0006         -1.21240        -0.00020        0.0000          183.5783        -50.16          0.000
166.517        0.0002          -0.0006         -1.21380        -0.00020        0.0000          183.5508        -50.16          0.000
167.258        0.0002          -0.0006         -1.21330        -0.00020        0.0000          183.5416        -50.16          0.000
168.009        0.0002          -0.0006         -1.21480        -0.00020        0.0000          183.5141        -50.16          0.000
168.768        0.0002          -0.0006         -1.22460        -0.00020        0.0000          183.4958        -50.16          0.000
169.508        0.0002          -0.0006         -1.22660        -0.00020        0.0000          183.4775        -50.16          0.000
170.267        0.0002          -0.0006         -1.23520        -0.00020        0.0000          183.4591        -50.12          0.000
171.018        0.0002          -0.0006         -1.23810        -0.00020        0.0000          183.4408        -50.16          0.000
171.758        0.0002          -0.0006         -1.23970        -0.00020        0.0000          183.4133        -50.16          0.000
172.518        0.0002          -0.0006         -1.23920        -0.00020        0.0000          183.3950        -50.16          0.000
173.258        0.0002          -0.0006         -1.24730        -0.00020        0.0000          183.3858        -50.12          0.000
174.008        0.0002          -0.0006         -1.25120        -0.00020        0.0000          183.3675        -50.16          0.000
174.769        0.0002          -0.0006         -1.25810        -0.00020        0.0000          183.3400        -50.16          0.000
175.517        0.0002          -0.0006         -1.26190        -0.00020        0.0000          183.3217        -50.16          0.000
176.267        0.0002          -0.0006         -1.26610        -0.00020        0.0000          183.3033        -50.16          0.000
177.018        0.0002          -0.0006         -1.26630        -0.00020        0.0000          183.2850        -50.12          0.000
177.767        0.0002          -0.0006         -1.26900        -0.00020        0.0000          183.2667        -50.16          0.000
178.508        0.0002          -0.0006         -1.27410        -0.00020        0.0000          183.2483        -50.16          0.000
179.258        0.0002          -0.0006         -1.28000        -0.00020        0.0000          183.2300        -50.16          0.000
180.006        0.0002          -0.0006         -1.28550        -0.00020        0.0000          183.2025        -50.16          0.000
180.756        0.0002          -0.0006         -1.29170        -0.00020        0.0000          183.1934        -50.16          0.000
181.508        0.0002          -0.0006         -1.29250        -0.00020        0.0000          183.1750        -50.16          0.000
182.257        0.0002          -0.0006         -1.29120        -0.00020        0.0000          183.1475        -50.16          0.000
183.007        0.0002          -0.0006         -1.29550        -0.00020        0.0000          183.1200        -50.16          0.000
183.767        0.0002          -0.0006         -1.30450        -0.00020        0.0000          183.1109        -50.16          0.000
184.507        0.0002          -0.0006         -1.30690        -0.00020        0.0000          183.0925        -50.16          0.000
185.257        0.0002          -0.0006         -1.31580        -0.00020        0.0000          183.0651        -50.16          0.000
186.007        0.0002          -0.0006         -1.31760        -0.00020        0.0000          183.0559        -50.16          0.000
186.757        0.0002          -0.0006         -1.31750        -0.00020        0.0000          183.0376        -50.16          0.000
187.517        0.0002          -0.0006         -1.31720        -0.00020        0.0000          183.0101        -50.16          0.000
188.257        0.0002          -0.0006         -1.32710        -0.00020        0.0000          182.9917        -50.16          0.000
189.007        0.0002          -0.0006         -1.33050        -0.00020        0.0000          182.9826        -50.12          0.000
189.757        0.0002          -0.0006         -1.33770        -0.00020        0.0000          182.9551        -50.16          0.000
190.517        0.0002          -0.0006         -1.34110        -0.00020        0.0000          182.9459        -50.16          0.000
191.258        0.0002          -0.0006         -1.34310        -0.00020        0.0000          182.9184        -50.16          0.000
192.017        0.0002          -0.0006         -1.34290        -0.00020        0.0000          182.9001        -50.16          0.000
192.758        0.0002          -0.0006         -1.34720        -0.00020        0.0000          182.8818        -50.16          0.000
193.508        0.0002          -0.0006         -1.35220        -0.00020        0.0000          182.8543        -50.16          0.000
194.259        0.0002          -0.0006         -1.35740        -0.00020        0.0000          182.8359        -50.16          0.000
195.008        0.0002          -0.0006         -1.36230        -0.00020        0.0000          182.8176        -50.16          0.000
195.759        0.0002          -0.0006         -1.36230        -0.00020        0.0000          182.7993        -50.12          0.000
196.506        0.0002          -0.0006         -1.36230        -0.00020        0.0000          182.7809        -50.12          0.000
197.266        0.0002          -0.0006         -1.36770        -0.00020        0.0000          182.7535        -50.16          0.000
198.006        0.0002          -0.0006         -1.37160        -0.00020        0.0000          182.7443        -50.16          0.000
198.756        0.0002          -0.0006         -1.37990        -0.00020        0.0000          182.7260        -50.12          0.000
199.506        0.0002          -0.0006         -1.38140        -0.00020        0.0000          182.6985        -50.12          0.000
200.256        0.0002          -0.0006         -1.39010        -0.00020        0.0000          182.6893        -50.16          0.000
201.013        0.0002          -0.0006         -1.39220        -0.00020        0.0000          182.6618        -50.16          0.000
201.763        0.0002          -0.0006         -1.39300        -0.00020        0.0000          182.6435        -50.12          0.000
202.513        0.0002          -0.0006         -1.39200        -0.00020        0.0000          182.6343        -50.16          0.000
203.252        0.0002          -0.0006         -1.39960        -0.00020        0.0000          182.6068        -50.16          0.000
204.016        0.0002          -0.0006         -1.40310        -0.00020        0.0000          182.5885        -50.16          0.000
204.757        0.0002          -0.0006         -1.40950        -0.00020        0.0000          182.5702        -50.16          0.000
205.517        0.0002          -0.0006         -1.41340        -0.00020        0.0000          182.5518        -50.16          0.000
206.268        0.0002          -0.0006         -1.41660        -0.00020        0.0000          182.5243        -50.12          0.000
207.007        0.0002          -0.0006         -1.41660        -0.00020        0.0000          182.5060        -50.16          0.000
207.757        0.0002          -0.0006         -1.41670        -0.00020        0.0000          182.4968        -50.16          0.000
208.507        0.0002          -0.0006         -1.42150        -0.00020        0.0000          182.4785        -50.12          0.000
209.259        0.0002          -0.0006         -1.42690        -0.00020        0.0000          182.4510        -50.16          0.000
210.007        0.0002          -0.0006         -1.43100        -0.00020        0.0000          182.4419        -50.12          0.000
210.758        0.0002          -0.0006         -1.43770        -0.00020        0.0000          182.4235        -50.16          0.000
211.510        0.0002          -0.0006         -1.43830        -0.00020        0.0000          182.3960        -50.16          0.000
212.258        0.0002          -0.0006         -1.43710        -0.00020        0.0000          182.3777        -50.12          0.000
213.018        0.0002          -0.0006         -1.43650        -0.00020        0.0000          182.3594        -50.16          0.000
213.758        0.0002          -0.0006         -1.44500        -0.00020        0.0000          182.3410        -50.12          0.000
214.517        0.0002          -0.0006         -1.44720        -0.00020        0.0000          182.3227        -50.12          0.000
215.267        0.0002          -0.0006         -1.45400        -0.00020        0.0000          182.3044        -50.16          0.000
216.008        0.0002          -0.0006         -1.45680        -0.00020        0.0000          182.2861        -50.16          0.000
216.758        0.0002          -0.0006         -1.45780        -0.00020        0.0000          182.2677        -50.12          0.000
217.519        0.0002          -0.0006         -1.45660        -0.00020        0.0000          182.2494        -50.16          0.000
218.258        0.0002          -0.0006         -1.45800        -0.00020        0.0000          182.2127        -50.16          0.000
219.019        0.0002          -0.0006         -1.46250        -0.00020        0.0000          182.2036        -50.16          0.000
219.759        0.0002          -0.0006         -1.46630        -0.00020        0.0000          182.1852        -50.16          0.000
220.519        0.0002          -0.0006         -1.47110        -0.00020        0.0000          182.1669        -50.16          0.000
221.259        0.0002          -0.0006         -1.47580        -0.00020        0.0000          182.1486        -50.16          0.000
222.009        0.0002          -0.0006         -1.47590        -0.00020        0.0000          182.1394        -50.16          0.000
222.760        0.0002          -0.0006         -1.47330        -0.00020        0.0000          182.1119        -50.12          0.000
223.519        0.0002          -0.0006         -1.47400        -0.00020        0.0000          182.0936        -50.16          0.000
224.259        0.0002          -0.0006         -1.48210        -0.00020        0.0000          182.0661        -50.12          0.000
225.019        0.0002          -0.0006         -1.48350        -0.00020        0.0000          182.0478        -50.16          0.000
225.769        0.0002          -0.0006         -1.49010        -0.00020        0.0000          182.0294        -50.12          0.000
226.500        0.0002          -0.0006         -1.49220        -0.00020        0.0000          182.0111        -50.16          0.000
227.259        0.0002          -0.0006         -1.49190        -0.00020        0.0000          182.0019        -50.16          0.000
228.020        0.0002          -0.0006         -1.49050        -0.00020        0.0000          181.9745        -50.16          0.000
228.759        0.0002          -0.0006         -1.49200        -0.00020        0.0000          181.9653        -50.16          0.000
229.519        0.0002          -0.0006         -1.49580        -0.00020        0.0000          181.9378        -50.16          0.000
230.259        0.0002          -0.0006         -1.49850        -0.00020        0.0000          181.9195        -50.12          0.000
231.009        0.0002          -0.0006         -1.50260        -0.00020        0.0000          181.9011        -50.16          0.000
231.769        0.0002          -0.0006         -1.50510        -0.00020        0.0000          181.8828        -50.16          0.000
232.501        0.0002          -0.0006         -1.50510        -0.00020        0.0000          181.8736        -50.16          0.000
233.269        0.0002          -0.0006         -1.50250        -0.00020        0.0000          181.8553        -50.16          0.000
234.019        0.0002          -0.0006         -1.50230        -0.00020        0.0000          181.8370        -50.12          0.000
234.760        0.0002          -0.0006         -1.50950        -0.00020        0.0000          181.8187        -50.12          0.000
235.519        0.0002          -0.0006         -1.51080        -0.00020        0.0000          181.7912        -50.16          0.000
236.270        0.0002          -0.0006         -1.51570        -0.00020        0.0000          181.7728        -50.16          0.000
237.019        0.0002          -0.0006         -1.51750        -0.00020        0.0000          181.7453        -50.16          0.000
237.769        0.0002          -0.0006         -1.51670        -0.00020        0.0000          181.7362        -50.12          0.000
238.518        0.0002          -0.0006         -1.51510        -0.00020        0.0000          181.7178        -50.12          0.000
239.258        0.0002          -0.0006         -1.51440        -0.00020        0.0000          181.6995        -50.16          0.000
240.019        0.0002          -0.0006         -1.51800        -0.00020        0.0000          181.6720        -50.16          0.000
240.759        0.0002          -0.0006         -1.52020        -0.00020        0.0000          181.6629        -50.12          0.000
241.510        0.0002          -0.0006         -1.52310        -0.00020        0.0000          181.6445        -50.16          0.000
242.269        0.0002          -0.0006         -1.52680        -0.00020        0.0000          181.6170        -50.16          0.000
243.010        0.0002          -0.0006         -1.52600        -0.00020        0.0000          181.5987        -50.12          0.000
243.750        0.0002          -0.0006         -1.52290        -0.00020        0.0000          181.5804        -50.16          0.000
244.511        0.0002          -0.0006         -1.52080        -0.00020        0.0000          181.5620        -50.12          0.000
245.250        0.0002          -0.0006         -1.52660        -0.00020        0.0000          181.5437        -50.16          0.000
246.000        0.0002          -0.0006         -1.52830        -0.00020        0.0000          181.5254        -50.12          0.000
246.751        0.0002          -0.0006         -1.53100        -0.00020        0.0000          181.5071        -50.16          0.000
247.512        0.0002          -0.0006         -1.53300        -0.00020        0.0000          181.4796        -50.16          0.000
248.251        0.0002          -0.0006         -1.53210        -0.00020        0.0000          181.4612        -50.16          0.000
249.002        0.0002          -0.0006         -1.53050        -0.00020        0.0000          181.4429        -50.12          0.000
249.762        0.0002          -0.0006         -1.52620        -0.00020        0.0000          181.4246        -50.16          0.000
250.501        0.0002          -0.0006         -1.52920        -0.00020        0.0000          181.4062        -50.16          0.000
251.263        0.0002          -0.0006         -1.53270        -0.00020        0.0000          181.3879        -50.12          0.000
252.002        0.0002          -0.0006         -1.53170        -0.00020        0.0000          181.3696        -50.16          0.000
252.763        0.0002          -0.0006         -1.53650        -0.00020        0.0000          181.3513        -50.16          0.000
253.512        0.0002          -0.0006         -1.53650        -0.00020        0.0000          181.3329        -50.16          0.000
254.263        0.0002          -0.0006         -1.53260        -0.00020        0.0000          181.3146        -50.16          0.000
255.003        0.0002          -0.0006         -1.52990        -0.00020        0.0000          181.2963        -50.12          0.000
255.764        0.0002          -0.0006         -1.53130        -0.00020        0.0000          181.2779        -50.16          0.000
256.504        0.0002          -0.0006         -1.53350        -0.00020        0.0000          181.2596        -50.12          0.000
257.254        0.0002          -0.0006         -1.53350        -0.00020        0.0000          181.2413        -50.16          0.000
258.005        0.0002          -0.0006         -1.53350        -0.00020        0.0000          181.2229        -50.16          0.000
258.751        0.0002          -0.0006         -1.53740        -0.00020        0.0000          181.2046        -50.16          0.000
259.515        0.0002          -0.0006         -1.53530        -0.00020        0.0000          181.1771        -50.12          0.000
260.255        0.0002          -0.0006         -1.53010        -0.00020        0.0000          181.1588        -50.12          0.000
261.013        0.0002          -0.0006         -1.52840        -0.00020        0.0000          181.1313        -50.16          0.000
261.754        0.0002          -0.0006         -1.53300        -0.00020        0.0000          181.1221        -50.12          0.000
262.514        0.0002          -0.0006         -1.53330        -0.00020        0.0000          181.1038        -50.16          0.000
263.253        0.0002          -0.0006         -1.53490        -0.00020        0.0000          181.0763        -50.16          0.000
264.014        0.0002          -0.0006         -1.53580        -0.00020        0.0000          181.0671        -50.16          0.000
264.764        0.0002          -0.0006         -1.53280        -0.00020        0.0000          181.0488        -50.16          0.000
265.514        0.0002          -0.0006         -1.53020        -0.00020        0.0000          181.0305        -50.16          0.000
266.265        0.0002          -0.0006         -1.52460        -0.00020        0.0000          181.0122        -50.16          0.000
267.009        0.0002          -0.0006         -1.52700        -0.00020        0.0000          180.9938        -50.16          0.000
267.754        0.0002          -0.0006         -1.52920        -0.00020        0.0000          180.9755        -50.16          0.000
268.515        0.0002          -0.0006         -1.52740        -0.00020        0.0000          180.9572        -50.16          0.000
269.255        0.0002          -0.0006         -1.53090        -0.00020        0.0000          180.9388        -50.16          0.000
270.004        0.0002          -0.0006         -1.53090        -0.00020        0.0000          180.9205        -50.12          0.000
270.762        0.0002          -0.0006         -1.53090        -0.00020        0.0000          180.9022        -50.16          0.000
271.501        0.0002          -0.0006         -1.52160        -0.00020        0.0000          180.8747        -50.16          0.000
272.250        0.0002          -0.0006         -1.52030        -0.00020        0.0000          180.8564        -50.16          0.000
273.006        0.0002          -0.0006         -1.52190        -0.00020        0.0000          180.8380        -50.16          0.000
273.756        0.0002          -0.0006         -1.52030        -0.00020        0.0000          180.8197        -50.12          0.000
274.506        0.0002          -0.0006         -1.52230        -0.00020        0.0000          180.8014        -50.16          0.000
275.266        0.0002          -0.0006         -1.52320        -0.00020        0.0000          180.7830        -50.16          0.000
276.016        0.0002          -0.0006         -1.52100        -0.00020        0.0000          180.7555        -50.16          0.000
276.755        0.0002          -0.0006         -1.51450        -0.00020        0.0000          180.7464        -50.16          0.000
277.510        0.0002          -0.0006         -1.51050        -0.00020        0.0000          180.7189        -50.16          0.000
278.255        0.0002          -0.0006         -1.51240        -0.00020        0.0000          180.7006        -50.16          0.000
279.012        0.0002          -0.0006         -1.51280        -0.00020        0.0000          180.6822        -50.16          0.000
279.761        0.0002          -0.0006         -1.51140        -0.00020        0.0000          180.6639        -50.16          0.000
280.510        0.0002          -0.0006         -1.51270        -0.00020        0.0000          180.6456        -50.16          0.000
281.260        0.0002          -0.0006         -1.51080        -0.00020        0.0000          180.6272        -50.16          0.000
282.019        0.0002          -0.0006         -1.50730        -0.00020        0.0000          180.6089        -50.12          0.000
282.769        0.0002          -0.0006         -1.49940        -0.00020        0.0000          180.5906        -50.12          0.000
283.519        0.0002          -0.0006         -1.49780        -0.00020        0.0000          180.5723        -50.16          0.000
284.269        0.0002          -0.0006         -1.49950        -0.00020        0.0000          180.5539        -50.16          0.000
285.019        0.0002          -0.0006         -1.49880        -0.00020        0.0000          180.5264        -50.16          0.000
285.751        0.0002          -0.0006         -1.49840        -0.00020        0.0000          180.5081        -50.16          0.000
286.511        0.0002          -0.0006         -1.49840        -0.00020        0.0000          180.4989        -50.16          0.000
287.251        0.0002          -0.0006         -1.49420        -0.00020        0.0000          180.4714        -50.12          0.000
288.001        0.0002          -0.0006         -1.49050        -0.00020        0.0000          180.4623        -50.12          0.000
288.751        0.0002          -0.0006         -1.48270        -0.00020        0.0000          180.4439        -50.16          0.000
289.511        0.0002          -0.0006         -1.48310        -0.00020        0.0000          180.4165        -50.16          0.000
290.251        0.0002          -0.0006         -1.48310        -0.00020        0.0000          180.3981        -50.16          0.000
291.001        0.0002          -0.0006         -1.48060        -0.00020        0.0000          180.3798        -50.16          0.000
291.751        0.0002          -0.0006         -1.48160        -0.00020        0.0000          180.3615        -50.16          0.000
292.512        0.0002          -0.0006         -1.48090        -0.00020        0.0000          180.3431        -50.16          0.000
293.252        0.0002          -0.0006         -1.47490        -0.00020        0.0000          180.3340        -50.16          0.000
294.003        0.0002          -0.0006         -1.47120        -0.00020        0.0000          180.3065        -50.16          0.000
294.752        0.0002          -0.0006         -1.46450        -0.00020        0.0000          180.2881        -50.16          0.000
295.503        0.0002          -0.0006         -1.46520        -0.00020        0.0000          180.2698        -50.16          0.000
296.263        0.0002          -0.0006         -1.46360        -0.00020        0.0000          180.2515        -50.16          0.000
297.013        0.0002          -0.0006         -1.46040        -0.00020        0.0000          180.2240        -50.16          0.000
297.754        0.0002          -0.0006         -1.46150        -0.00020        0.0000          180.2148        -50.16          0.000
298.504        0.0002          -0.0006         -1.46150        -0.00020        0.0000          180.1873        -50.12          0.000
299.263        0.0002          -0.0006         -1.45240        -0.00020        0.0000          180.1690        -50.16          0.000
300.004        0.0002          -0.0006         -1.44840        -0.00020        0.0000          180.1507        -50.12          0.000
300.750        0.0002          -0.0006         -1.44340        -0.00020        0.0000          180.1415        -50.12          0.000
301.512        0.0002          -0.0006         -1.44370        -0.00020        0.0000          180.1140        -50.16          0.000
302.250        0.0002          -0.0006         -1.44090        -0.00020        0.0000          180.0957        -50.16          0.000
303.000        0.0002          -0.0006         -1.43840        -0.00020        0.0000          180.0774        -50.16          0.000
303.770        0.0002          -0.0006         -1.43840        -0.00020        0.0000          180.0590        -50.16          0.000
304.510        0.0002          -0.0006         -1.43640        -0.00020        0.0000          180.0407        -50.12          0.000
305.260        0.0002          -0.0006         -1.42870        -0.00020        0.0000          180.0224        -50.16          0.000
306.011        0.0002          -0.0006         -1.42450        -0.00020        0.0000          180.0040        -50.12          0.000
306.751        0.0002          -0.0006         -1.42090        -0.00020        0.0000          179.9949        -50.16          0.000
307.516        0.0002          -0.0006         -1.42090        -0.00020        0.0000          179.9674        -50.16          0.000
308.256        0.0002          -0.0006         -1.41680        -0.00020        0.0000          179.9399        -50.16          0.000
309.007        0.0002          -0.0006         -1.41570        -0.00020        0.0000          179.9307        -50.16          0.000
309.767        0.0002          -0.0006         -1.41420        -0.00020        0.0000          179.9124        -50.16          0.000
310.507        0.0002          -0.0006         -1.41170        -0.00020        0.0000          179.8941        -50.16          0.000
311.257        0.0002          -0.0006         -1.40320        -0.00020        0.0000          179.8666        -50.16          0.000
312.007        0.0002          -0.0006         -1.39860        -0.00020        0.0000          179.8482        -50.16          0.000
312.757        0.0002          -0.0006         -1.39550        -0.00020        0.0000          179.8299        -50.16          0.000
313.517        0.0002          -0.0006         -1.39520        -0.00020        0.0000          179.8207        -50.12          0.000
314.267        0.0002          -0.0006         -1.39060        -0.00020        0.0000          179.7933        -50.12          0.000
315.007        0.0002          -0.0006         -1.39010        -0.00020        0.0000          179.7749        -50.16          0.000
315.757        0.0002          -0.0006         -1.38790        -0.00020        0.0000          179.7658        -50.12          0.000
316.508        0.0002          -0.0006         -1.38500        -0.00020        0.0000          179.7474        -50.16          0.000
317.257        0.0002          -0.0006         -1.37590        -0.00020        0.0000          179.7291        -50.12          0.000
318.018        0.0002          -0.0006         -1.37140        -0.00020        0.0000          179.7016        -50.16          0.000
318.757        0.0002          -0.0006         -1.36820        -0.00020        0.0000          179.6924        -50.16          0.000
319.518        0.0002          -0.0006         -1.36800        -0.00020        0.0000          179.6741        -50.16          0.000
320.259        0.0002          -0.0006         -1.36350        -0.00020        0.0000          179.6466        -50.16          0.000
321.019        0.0002          -0.0006         -1.36280        -0.00020        0.0000          179.6283        -50.12          0.000
321.754        0.0002          -0.0006         -1.36100        -0.00020        0.0000          184.1557        -50.16          0.000
322.508        0.0002          -0.0006         -1.35830        -0.00020        0.0000          184.1373        -50.16          0.000
323.258        0.0002          -0.0006         -1.34910        -0.00020        0.0000          184.1098        -50.16          0.000
324.019        0.0002          -0.0006         -1.34410        -0.00020        0.0000          184.0915        -50.16          0.000
324.769        0.0002          -0.0006         -1.34020        -0.00020        0.0000          184.0823        -50.16          0.000
325.519        0.0002          -0.0006         -1.33990        -0.00020        0.0000          184.0548        -50.16          0.000
326.267        0.0002          -0.0006         -1.33560        -0.00020        0.0000          184.0273        -50.16          0.000
327.008        0.0002          -0.0006         -1.33420        -0.00020        0.0000          184.0090        -50.16          0.000
327.767        0.0002          -0.0006         -1.33250        -0.00020        0.0000          183.9999        -50.16          0.000
328.507        0.0002          -0.0006         -1.33000        -0.00020        0.0000          183.9815        -50.16          0.000
329.257        0.0002          -0.0006         -1.32130        -0.00020        0.0000          183.9540        -50.12          0.000
330.017        0.0002          -0.0006         -1.31620        -0.00020        0.0000          183.9357        -50.16          0.000
330.757        0.0002          -0.0006         -1.31090        -0.00020        0.0000          183.9174        -50.16          0.000
331.517        0.0002          -0.0006         -1.31040        -0.00020        0.0000          183.8990        -50.16          0.000
332.267        0.0002          -0.0006         -1.30910        -0.00020        0.0000          183.8715        -50.16          0.000
333.007        0.0002          -0.0006         -1.30910        -0.00020        0.0000          183.8532        -50.16          0.000
333.768        0.0002          -0.0006         -1.30300        -0.00020        0.0000          183.8441        -50.16          0.000
334.508        0.0002          -0.0006         -1.30090        -0.00020        0.0000          183.8166        -50.16          0.000
335.258        0.0002          -0.0006         -1.29320        -0.00020        0.0000          183.7982        -50.16          0.000
336.008        0.0002          -0.0006         -1.28810        -0.00020        0.0000          183.7799        -50.16          0.000
336.769        0.0002          -0.0006         -1.28170        -0.00020        0.0000          183.7616        -50.16          0.000
337.519        0.0002          -0.0006         -1.28140        -0.00020        0.0000          183.7432        -50.16          0.000
338.259        0.0002          -0.0006         -1.27840        -0.00020        0.0000          183.7249        -50.16          0.000
339.019        0.0002          -0.0006         -1.27470        -0.00020        0.0000          183.6974        -50.16          0.000
339.760        0.0002          -0.0006         -1.27350        -0.00020        0.0000          183.6883        -50.16          0.000
340.500        0.0002          -0.0006         -1.27160        -0.00020        0.0000          183.6608        -50.16          0.000
341.270        0.0002          -0.0006         -1.26470        -0.00020        0.0000          183.6333        -50.16          0.000
342.010        0.0002          -0.0006         -1.26000        -0.00020        0.0000          183.6149        -50.16          0.000
342.760        0.0002          -0.0006         -1.25150        -0.00020        0.0000          183.5966        -50.12          0.000
343.500        0.0002          -0.0006         -1.25130        -0.00020        0.0000          183.5783        -50.16          0.000
344.261        0.0002          -0.0006         -1.24940        -0.00020        0.0000          183.5599        -50.16          0.000
345.000        0.0002          -0.0006         -1.24650        -0.00020        0.0000          183.5416        -50.16          0.000
345.760        0.0002          -0.0006         -1.24380        -0.00020        0.0000          183.5325        -50.16          0.000
346.515        0.0002          -0.0006         -1.24220        -0.00020        0.0000          183.5050        -50.16          0.000
347.255        0.0002          -0.0006         -1.23630        -0.00020        0.0000          183.4866        -50.16          0.000
348.005        0.0002          -0.0006         -1.23200        -0.00020        0.0000          183.4683        -50.16          0.000
348.765        0.0002          -0.0006         -1.22250        -0.00020        0.0000          183.4500        -50.12          0.000
349.506        0.0002          -0.0006         -1.22100        -0.00020        0.0000          183.4316        -50.16          0.000
350.256        0.0002          -0.0006         -1.22020        -0.00020        0.0000          183.4133        -50.16          0.000
351.006        0.0002          -0.0006         -1.21850        -0.00020        0.0000          183.3858        -50.16          0.000
351.766        0.0002          -0.0006         -1.21490        -0.00020        0.0000          183.3675        -50.12          0.000
352.516        0.0002          -0.0006         -1.21420        -0.00020        0.0000          183.3492        -50.12          0.000
353.263        0.0002          -0.0006         -1.20980        -0.00020        0.0000          183.3217        -50.12          0.000
354.012        0.0002          -0.0006         -1.20620        -0.00020        0.0000          183.3033        -50.16          0.000
354.762        0.0002          -0.0006         -1.19670        -0.00020        0.0000          183.2850        -50.16          0.000
355.505        0.0002          -0.0006         -1.19270        -0.00020        0.0000          183.2758        -50.16          0.000
356.254        0.0002          -0.0006         -1.19200        -0.00020        0.0000          183.2575        -50.16          0.000
357.013        0.0002          -0.0006         -1.19120        -0.00020        0.0000          183.2300        -50.16          0.000
357.753        0.0002          -0.0006         -1.18610        -0.00020        0.0000          183.2117        -50.16          0.000
358.513        0.0002          -0.0006         -1.18650        -0.00020        0.0000          183.1934        -50.16          0.000
359.264        0.0002          -0.0006         -1.18380        -0.00020        0.0000          183.1750        -50.16          0.000
360.003        0.0002          -0.0006         -1.18110        -0.00020        0.0000          183.1567        -50.16          0.000
360.763        0.0002          -0.0006         -1.17310        -0.00020        0.0000          183.1384        -50.16          0.000
361.513        0.0002          -0.0006         -1.16820        -0.00020        0.0000          183.1200        -50.16          0.000
362.263        0.0002          -0.0006         -1.16460        -0.00020        0.0000          183.1017        -50.16          0.000
363.013        0.0002          -0.0006         -1.16420        -0.00020        0.0000          183.0742        -50.16          0.000
363.763        0.0002          -0.0006         -1.16130        -0.00020        0.0000          183.0559        -50.12          0.000
364.514        0.0002          -0.0006         -1.15850        -0.00020        0.0000          183.0467        -50.16          0.000
365.263        0.0002          -0.0006         -1.15810        -0.00020        0.0000          183.0192        -50.16          0.000
366.003        0.0002          -0.0006         -1.15660        -0.00020        0.0000          182.9917        -50.16          0.000
366.754        0.0002          -0.0006         -1.15080        -0.00020        0.0000          182.9826        -50.16          0.000
367.515        0.0002          -0.0006         -1.14680        -0.00020        0.0000          182.9642        -50.16          0.000
368.264        0.0002          -0.0006         -1.13920        -0.00020        0.0000          182.9459        -50.12          0.000
369.005        0.0002          -0.0006         -1.13930        -0.00020        0.0000          182.9276        -50.12          0.000
369.766        0.0002          -0.0006         -1.13810        -0.00020        0.0000          182.9093        -50.12          0.000
370.506        0.0002          -0.0006         -1.13620        -0.00020        0.0000          182.8909        -50.16          0.000
371.265        0.0002          -0.0006         -1.13390        -0.00020        0.0000          182.8726        -50.16          0.000
372.005        0.0002          -0.0006         -1.13320        -0.00020        0.0000          182.8451        -50.12          0.000
372.754        0.0002          -0.0006         -1.12940        -0.00020        0.0000          182.8359        -50.16          0.000
373.515        0.0002          -0.0006         -1.12630        -0.00020        0.0000          182.8084        -50.16          0.000
374.255        0.0002          -0.0006         -1.11840        -0.00020        0.0000          182.7993        -50.16          0.000
375.005        0.0002          -0.0006         -1.11540        -0.00020        0.0000          182.7718        -50.16          0.000
375.766        0.0002          -0.0006         -1.11590        -0.00020        0.0000          182.7535        -50.16          0.000
376.516        0.0002          -0.0006         -1.11540        -0.00020        0.0000          182.7351        -50.16          0.000
377.266        0.0002          -0.0006         -1.11150        -0.00020        0.0000          182.7168        -50.16          0.000
378.007        0.0002          -0.0006         -1.11230        -0.00020        0.0000          182.6893        -50.16          0.000
378.757        0.0002          -0.0006         -1.11080        -0.00020        0.0000          182.6710        -50.16          0.000
379.517        0.0002          -0.0006         -1.10880        -0.00020        0.0000          182.6618        -50.16          0.000
380.257        0.0002          -0.0006         -1.10270        -0.00020        0.0000          182.6343        -50.12          0.000
381.017        0.0002          -0.0006         -1.09880        -0.00020        0.0000          182.6160        -50.16          0.000
381.767        0.0002          -0.0006         -1.09540        -0.00020        0.0000          182.5977        -50.16          0.000
382.517        0.0002          -0.0006         -1.09610        -0.00020        0.0000          182.5793        -50.12          0.000
383.257        0.0002          -0.0006         -1.09530        -0.00020        0.0000          182.5518        -50.16          0.000
384.017        0.0002          -0.0006         -1.09290        -0.00020        0.0000          182.5335        -50.16          0.000
384.768        0.0002          -0.0006         -1.09370        -0.00020        0.0000          182.5152        -50.12          0.000
385.518        0.0002          -0.0006         -1.09310        -0.00020        0.0000          182.4968        -50.16          0.000
386.269        0.0002          -0.0006         -1.08940        -0.00020        0.0000          182.4785        -50.12          0.000
387.019        0.0002          -0.0006         -1.08670        -0.00020        0.0000          182.4602        -50.16          0.000
387.769        0.0002          -0.0006         -1.07910        -0.00020        0.0000          182.4419        -50.16          0.000
388.519        0.0002          -0.0006         -1.07820        -0.00020        0.0000          182.4235        -50.16          0.000
389.259        0.0002          -0.0006         -1.07910        -0.00020        0.0000          182.4052        -50.16          0.000
390.009        0.0002          -0.0006         -1.07890        -0.00020        0.0000          182.3869        -50.16          0.000
390.760        0.0002          -0.0006         -1.07700        -0.00020        0.0000          182.3594        -50.16          0.000
391.501        0.0002          -0.0006         -1.07800        -0.00020        0.0000          182.3410        -50.16          0.000
392.260        0.0002          -0.0006         -1.07740        -0.00020        0.0000          182.3227        -50.16          0.000
393.000        0.0002          -0.0006         -1.07590        -0.00020        0.0000          182.3044        -50.16          0.000
393.760        0.0002          -0.0006         -1.07100        -0.00020        0.0000          182.2861        -50.12          0.000
394.502        0.0002          -0.0006         -1.06780        -0.00020        0.0000          182.2677        -50.16          0.000
395.251        0.0002          -0.0006         -1.06610        -0.00020        0.0000          182.2586        -50.16          0.000
396.011        0.0002          -0.0006         -1.06690        -0.00020        0.0000          182.2311        -50.16          0.000
396.761        0.0002          -0.0006         -1.06680        -0.00020        0.0000          182.2127        -50.12          0.000
397.511        0.0002          -0.0006         -1.06500        -0.00020        0.0000          182.1944        -50.12          0.000
398.261        0.0002          -0.0006         -1.06680        -0.00020        0.0000          182.1761        -50.12          0.000
399.001        0.0002          -0.0006         -1.06690        -0.00020        0.0000          182.1577        -50.16          0.000
399.761        0.0002          -0.0006         -1.06470        -0.00020        0.0000          182.1394        -50.16          0.000
400.512        0.0002          -0.0006         -1.06260        -0.00020        0.0000          182.1211        -50.16          0.000
401.261        0.0002          -0.0006         -1.05700        -0.00020        0.0000          182.0936        -50.16          0.000
402.011        0.0002          -0.0006         -1.05620        -0.00020        0.0000          182.0661        -50.16          0.000
402.761        0.0002          -0.0006         -1.05870        -0.00020        0.0000          182.0569        -50.16          0.000
403.502        0.0002          -0.0006         -1.05920        -0.00020        0.0000          182.0386        -50.16          0.000
404.252        0.0002          -0.0006         -1.05780        -0.00020        0.0000          182.0111        -50.16          0.000
405.002        0.0002          -0.0006         -1.05980        -0.00020        0.0000          181.9928        -50.16          0.000
405.752        0.0002          -0.0006         -1.06060        -0.00020        0.0000          181.9745        -50.16          0.000
406.502        0.0002          -0.0006         -1.06000        -0.00020        0.0000          181.9561        -50.16          0.000
407.252        0.0002          -0.0006         -1.05670        -0.00020        0.0000          181.9378        -50.16          0.000
408.002        0.0002          -0.0006         -1.05450        -0.00020        0.0000          181.9195        -50.12          0.000
408.762        0.0002          -0.0006         -1.05200        -0.00020        0.0000          181.9011        -50.12          0.000
409.503        0.0002          -0.0006         -1.05380        -0.00020        0.0000          181.8828        -50.16          0.000
410.262        0.0002          -0.0006         -1.05580        -0.00020        0.0000          181.8645        -50.16          0.000
411.007        0.0002          -0.0006         -1.05540        -0.00020        0.0000          181.8370        -50.16          0.000
411.757        0.0002          -0.0006         -1.05780        -0.00020        0.0000          181.8278        -50.16          0.000
412.517        0.0002          -0.0006         -1.05890        -0.00020        0.0000          181.8187        -50.16          0.000
413.259        0.0002          -0.0006         -1.05890        -0.00020        0.0000          181.7912        -50.16          0.000
414.018        0.0002          -0.0006         -1.05800        -0.00020        0.0000          181.7728        -50.16          0.000
414.759        0.0002          -0.0006         -1.05450        -0.00020        0.0000          181.7545        -50.16          0.000
415.519        0.0002          -0.0006         -1.05200        -0.00020        0.0000          181.7362        -50.16          0.000
416.260        0.0002          -0.0006         -1.05460        -0.00020        0.0000          181.7178        -50.16          0.000
417.004        0.0002          -0.0006         -1.05600        -0.00020        0.0000          181.6903        -50.16          0.000
417.760        0.0002          -0.0006         -1.05700        -0.00020        0.0000          181.6812        -50.16          0.000
418.519        0.0002          -0.0006         -1.05750        -0.00020        0.0000          181.6629        -50.16          0.000
419.260        0.0002          -0.0006         -1.06140        -0.00020        0.0000          181.6445        -50.16          0.000
420.009        0.0002          -0.0006         -1.06220        -0.00020        0.0000          181.6170        -50.16          0.000
420.760        0.0002          -0.0006         -1.06180        -0.00020        0.0000          181.5987        -50.16          0.000
421.520        0.0002          -0.0006         -1.06070        -0.00020        0.0000          181.5804        -50.16          0.000
422.250        0.0002          -0.0006         -1.05750        -0.00020        0.0000          181.5620        -50.16          0.000
423.000        0.0002          -0.0006         -1.05820        -0.00020        0.0000          181.5437        -50.16          0.000
423.760        0.0002          -0.0006         -1.06270        -0.00020        0.0000          181.5345        -50.12          0.000
424.511        0.0002          -0.0006         -1.06410        -0.00020        0.0000          181.5071        -50.12          0.000
425.260        0.0002          -0.0006         -1.06490        -0.00020        0.0000          181.4887        -50.16          0.000
426.019        0.0002          -0.0006         -1.06780        -0.00020        0.0000          181.4612        -50.16          0.000
426.769        0.0002          -0.0006         -1.07080        -0.00020        0.0000          181.4521        -50.12          0.000
427.519        0.0002          -0.0006         -1.07130        -0.00020        0.0000          181.4337        -50.16          0.000
428.251        0.0002          -0.0006         -1.07110        -0.00020        0.0000          181.4062        -50.16          0.000
429.000        0.0002          -0.0006         -1.07110        -0.00020        0.0000          181.3879        -50.12          0.000
429.751        0.0002          -0.0006         -1.06790        -0.00020        0.0000          181.3696        -50.16          0.000
430.500        0.0002          -0.0006         -1.07040        -0.00020        0.0000          181.3604        -50.16          0.000
431.251        0.0002          -0.0006         -1.07480        -0.00020        0.0000          181.3329        -50.16          0.000
432.011        0.0002          -0.0006         -1.07640        -0.00020        0.0000          181.3146        -50.16          0.000
432.751        0.0002          -0.0006         -1.07640        -0.00020        0.0000          181.3054        -50.12          0.000
433.511        0.0002          -0.0006         -1.07640        -0.00020        0.0000          181.2871        -50.16          0.000
434.251        0.0002          -0.0006         -1.08530        -0.00020        0.0000          181.2596        -50.16          0.000
435.002        0.0002          -0.0006         -1.08560        -0.00020        0.0000          181.2413        -50.16          0.000
435.753        0.0002          -0.0006         -1.08480        -0.00020        0.0000          181.2229        -50.12          0.000
436.503        0.0002          -0.0006         -1.08380        -0.00020        0.0000          181.2046        -50.12          0.000
437.252        0.0002          -0.0006         -1.08530        -0.00020        0.0000          181.1771        -50.16          0.000
438.012        0.0002          -0.0006         -1.08820        -0.00020        0.0000          181.1588        -50.12          0.000
438.754        0.0002          -0.0006         -1.09300        -0.00020        0.0000          181.1496        -50.12          0.000
439.503        0.0002          -0.0006         -1.09360        -0.00020        0.0000          181.1221        -50.16          0.000
440.253        0.0002          -0.0006         -1.09950        -0.00020        0.0000          181.1038        -50.12          0.000
441.003        0.0002          -0.0006         -1.10200        -0.00020        0.0000          181.0855        -50.16          0.000
441.753        0.0002          -0.0006         -1.10510        -0.00020        0.0000          181.0671        -50.12          0.000
442.503        0.0002          -0.0006         -1.10560        -0.00020        0.0000          181.0488        -50.12          0.000
443.257        0.0002          -0.0006         -1.10500        -0.00020        0.0000          181.0397        -50.16          0.000
444.004        0.0002          -0.0006         -1.10410        -0.00020        0.0000          181.0122        -50.16          0.000
444.753        0.0002          -0.0006         -1.10780        -0.00020        0.0000          180.9938        -50.16          0.000
445.503        0.0002          -0.0006         -1.11080        -0.00020        0.0000          180.9755        -50.16          0.000
446.263        0.0002          -0.0006         -1.11530        -0.00020        0.0000          180.9572        -50.16          0.000
447.004        0.0002          -0.0006         -1.11570        -0.00020        0.0000          180.9297        -50.12          0.000
447.754        0.0002          -0.0006         -1.12270        -0.00020        0.0000          180.9205        -50.16          0.000
448.504        0.0002          -0.0006         -1.12520        -0.00020        0.0000          180.8930        -50.16          0.000
449.254        0.0002          -0.0006         -1.12830        -0.00020        0.0000          180.8747        -50.16          0.000
450.005        0.0002          -0.0006         -1.12880        -0.00020        0.0000          180.8564        -50.16          0.000
450.754        0.0002          -0.0006         -1.12870        -0.00020        0.0000          180.8380        -50.16          0.000
451.505        0.0002          -0.0006         -1.12830        -0.00020        0.0000          180.8197        -50.12          0.000
452.265        0.0002          -0.0006         -1.13380        -0.00020        0.0000          180.8014        -50.16          0.000
453.019        0.0002          -0.0006         -1.13710        -0.00020        0.0000          180.7739        -50.16          0.000
453.759        0.0002          -0.0006         -1.14210        -0.00020        0.0000          180.7555        -50.16          0.000
454.510        0.0002          -0.0006         -1.14300        -0.00020        0.0000          180.7372        -50.16          0.000
455.270        0.0002          -0.0006         -1.15090        -0.00020        0.0000          180.7189        -50.16          0.000
456.011        0.0002          -0.0006         -1.15360        -0.00020        0.0000          180.7006        -50.16          0.000
456.761        0.0002          -0.0006         -1.15690        -0.00020        0.0000          180.6822        -50.16          0.000
457.511        0.0002          -0.0006         -1.15750        -0.00020        0.0000          180.6731        -50.16          0.000
458.251        0.0002          -0.0006         -1.15760        -0.00020        0.0000          180.6364        -50.12          0.000
459.011        0.0002          -0.0006         -1.15740        -0.00020        0.0000          180.6272        -50.16          0.000
459.751        0.0002          -0.0006         -1.16350        -0.00020        0.0000          180.5997        -50.16          0.000
460.501        0.0002          -0.0006         -1.16690        -0.00020        0.0000          180.5814        -50.16          0.000
461.251        0.0002          -0.0006         -1.17230        -0.00020        0.0000          180.5723        -50.12          0.000
462.012        0.0002          -0.0006         -1.17380        -0.00020        0.0000          180.5448        -50.16          0.000
462.753        0.0002          -0.0006         -1.18240        -0.00020        0.0000          180.5356        -50.16          0.000
463.513        0.0002          -0.0006         -1.18550        -0.00020        0.0000          180.5081        -50.16          0.000
464.254        0.0002          -0.0006         -1.18960        -0.00020        0.0000          180.4898        -50.16          0.000
465.013        0.0002          -0.0006         -1.19060        -0.00020        0.0000          180.4714        -50.16          0.000
465.764        0.0002          -0.0006         -1.19120        -0.00020        0.0000          180.4623        -50.16          0.000
466.515        0.0002          -0.0006         -1.19120        -0.00020        0.0000          180.4348        -50.16          0.000
467.255        0.0002          -0.0006         -1.19730        -0.00020        0.0000          180.4165        -50.16          0.000
468.005        0.0002          -0.0006         -1.20080        -0.00020        0.0000          180.4073        -50.16          0.000
468.755        0.0002          -0.0006         -1.20650        -0.00020        0.0000          180.3798        -50.16          0.000
469.504        0.0002          -0.0006         -1.20760        -0.00020        0.0000          180.3706        -50.12          0.000
470.265        0.0002          -0.0006         -1.21650        -0.00020        0.0000          180.3340        -50.16          0.000
471.005        0.0002          -0.0006         -1.21980        -0.00020        0.0000          180.3156        -50.16          0.000
471.756        0.0002          -0.0006         -1.22430        -0.00020        0.0000          180.3065        -50.16          0.000
472.506        0.0002          -0.0006         -1.22550        -0.00020        0.0000          180.2881        -50.16          0.000
473.267        0.0002          -0.0006         -1.22660        -0.00020        0.0000          180.2698        -50.16          0.000
474.017        0.0002          -0.0006         -1.22640        -0.00020        0.0000          180.2515        -50.16          0.000
474.758        0.0002          -0.0006         -1.23250        -0.00020        0.0000          180.2240        -50.12          0.000
475.508        0.0002          -0.0006         -1.23600        -0.00020        0.0000          180.2057        -50.16          0.000
476.258        0.0002          -0.0006         -1.24270        -0.00020        0.0000          180.1965        -50.16          0.000
477.009        0.0002          -0.0006         -1.24400        -0.00020        0.0000          180.1690        -50.16          0.000
477.760        0.0002          -0.0006         -1.25310        -0.00020        0.0000          180.1507        -50.16          0.000
478.520        0.0002          -0.0006         -1.25680        -0.00020        0.0000          180.1323        -50.16          0.000
479.250        0.0002          -0.0006         -1.26220        -0.00020        0.0000          180.1232        -50.16          0.000
480.020        0.0002          -0.0006         -1.26380        -0.00020        0.0000          180.0957        -50.12          0.000
480.770        0.0002          -0.0006         -1.26530        -0.00020        0.0000          180.0774        -50.16          0.000
481.511        0.0002          -0.0006         -1.26550        -0.00020        0.0000          180.0590        -50.16          0.000
482.261        0.0002          -0.0006         -1.27030        -0.00020        0.0000          180.0499        -50.16          0.000
483.003        0.0002          -0.0006         -1.27400        -0.00020        0.0000          180.0224        -50.16          0.000
483.761        0.0002          -0.0006         -1.28080        -0.00020        0.0000          180.0040        -50.16          0.000
484.511        0.0002          -0.0006         -1.28320        -0.00020        0.0000          179.9857        -50.12          0.000
485.252        0.0002          -0.0006         -1.29100        -0.00020        0.0000          179.9674        -50.16          0.000
486.003        0.0002          -0.0006         -1.29510        -0.00020        0.0000          179.9491        -50.12          0.000
486.762        0.0002          -0.0006         -1.30150        -0.00020        0.0000          179.9307        -50.16          0.000
487.512        0.0002          -0.0006         -1.30150        -0.00020        0.0000          179.9032        -50.12          0.000
488.264        0.0002          -0.0006         -1.30150        -0.00020        0.0000          179.8941        -50.16          0.000
489.002        0.0002          -0.0006         -1.30560        -0.00020        0.0000          179.8666        -50.12          0.000
489.753        0.0002          -0.0006         -1.30800        -0.00020        0.0000          179.8574        -50.16          0.000
490.513        0.0002          -0.0006         -1.31190        -0.00020        0.0000          179.8299        -50.16          0.000
491.263        0.0002          -0.0006         -1.31860        -0.00020        0.0000          179.8207        -50.16          0.000
492.010        0.0002          -0.0006         -1.32180        -0.00020        0.0000          179.8024        -50.16          0.000
492.759        0.0002          -0.0006         -1.32760        -0.00020        0.0000          179.7841        -50.16          0.000
493.509        0.0002          -0.0006         -1.33260        -0.00020        0.0000          179.7658        -50.16          0.000
494.259        0.0002          -0.0006         -1.34020        -0.00020        0.0000          179.7474        -50.16          0.000
495.018        0.0002          -0.0006         -1.34300        -0.00020        0.0000          179.7199        -50.16          0.000
495.759        0.0002          -0.0006         -1.34590        -0.00020        0.0000          179.7016        -50.12          0.000
496.519        0.0002          -0.0006         -1.34680        -0.00020        0.0000          179.6833        -50.16          0.000
497.259        0.0002          -0.0006         -1.34710        -0.00020        0.0000          179.6649        -50.12          0.000
498.010        0.0002          -0.0006         -1.35050        -0.00020        0.0000          179.6466        -50.16          0.000
498.759        0.0002          -0.0006         -1.35810        -0.00020        0.0000          179.6283        -50.12          0.000
499.519        0.0002          -0.0006         -1.36120        -0.00020        0.0000          184.2473        -50.16          0.000
500.269        0.0002          -0.0006         -1.36560        -0.00020        0.0000          184.2381        -50.16          0.000
501.009        0.0002          -0.0006         -1.37070        -0.00020        0.0000          184.2198        -50.16          0.000
501.769        0.0002          -0.0006         -1.37910        -0.00020        0.0000          184.1923        -50.16          0.000
502.510        0.0002          -0.0006         -1.38240        -0.00020        0.0000          184.1740        -50.16          0.000
503.260        0.0002          -0.0006         -1.38640        -0.00020        0.0000          184.1557        -50.12          0.000
504.011        0.0002          -0.0006         -1.38730        -0.00020        0.0000          184.1373        -50.16          0.000
504.761        0.0002          -0.0006         -1.38800        -0.00020        0.0000          184.1098        -50.16          0.000
505.511        0.0002          -0.0006         -1.38830        -0.00020        0.0000          184.0915        -50.12          0.000
506.251        0.0002          -0.0006         -1.39570        -0.00020        0.0000          184.0823        -50.16          0.000
507.001        0.0002          -0.0006         -1.39910        -0.00020        0.0000          184.0640        -50.16          0.000
507.761        0.0002          -0.0006         -1.40500        -0.00020        0.0000          184.0365        -50.16          0.000
508.501        0.0002          -0.0006         -1.40610        -0.00020        0.0000          184.0182        -50.16          0.000
509.262        0.0002          -0.0006         -1.41590        -0.00020        0.0000          183.9999        -50.12          0.000
510.014        0.0002          -0.0006         -1.41970        -0.00020        0.0000          183.9724        -50.16          0.000
510.764        0.0002          -0.0006         -1.42540        -0.00020        0.0000          183.9540        -50.16          0.000
511.505        0.0002          -0.0006         -1.42700        -0.00020        0.0000          183.9357        -50.16          0.000
512.265        0.0002          -0.0006         -1.42830        -0.00020        0.0000          183.9174        -50.16          0.000
513.005        0.0002          -0.0006         -1.42830        -0.00020        0.0000          183.8990        -50.12          0.000
513.765        0.0002          -0.0006         -1.43080        -0.00020        0.0000          183.8807        -50.16          0.000
514.505        0.0002          -0.0006         -1.43460        -0.00020        0.0000          183.8624        -50.16          0.000
515.255        0.0002          -0.0006         -1.44040        -0.00020        0.0000          183.8441        -50.12          0.000
516.015        0.0002          -0.0006         -1.44300        -0.00020        0.0000          183.8257        -50.12          0.000
516.766        0.0002          -0.0006         -1.44800        -0.00020        0.0000          183.8074        -50.12          0.000
517.516        0.0002          -0.0006         -1.45290        -0.00020        0.0000          183.7799        -50.16          0.000
518.268        0.0002          -0.0006         -1.46010        -0.00020        0.0000          183.7616        -50.16          0.000
519.007        0.0002          -0.0006         -1.46270        -0.00020        0.0000          183.7432        -50.16          0.000
519.768        0.0002          -0.0006         -1.46270        -0.00020        0.0000          183.7249        -50.16          0.000
520.518        0.0002          -0.0006         -1.46270        -0.00020        0.0000          183.7066        -50.16          0.000
521.259        0.0002          -0.0006         -1.46560        -0.00020        0.0000          183.6883        -50.16          0.000
522.009        0.0002          -0.0006         -1.46730        -0.00020        0.0000          183.6608        -50.16          0.000
522.759        0.0002          -0.0006         -1.47450        -0.00020        0.0000          183.6516        -50.16          0.000
523.509        0.0002          -0.0006         -1.47740        -0.00020        0.0000          183.6241        -50.16          0.000
524.269        0.0002          -0.0006         -1.48130        -0.00020        0.0000          183.6149        -50.12          0.000
525.009        0.0002          -0.0006         -1.48250        -0.00020        0.0000          183.5874        -50.12          0.000
525.769        0.0002          -0.0006         -1.49190        -0.00020        0.0000          183.5691        -50.12          0.000
526.500        0.0002          -0.0006         -1.49520        -0.00020        0.0000          183.5508        -50.12          0.000
527.260        0.0002          -0.0006         -1.49950        -0.00020        0.0000          183.5325        -50.16          0.000
528.009        0.0002          -0.0006         -1.50030        -0.00020        0.0000          183.5141        -50.16          0.000
528.769        0.0002          -0.0006         -1.50010        -0.00020        0.0000          183.4958        -50.16          0.000
529.509        0.0002          -0.0006         -1.49930        -0.00020        0.0000          183.4775        -50.16          0.000
530.258        0.0002          -0.0006         -1.50130        -0.00020        0.0000          183.4500        -50.12          0.000
531.008        0.0002          -0.0006         -1.50480        -0.00020        0.0000          183.4316        -50.16          0.000
531.768        0.0002          -0.0006         -1.50980        -0.00020        0.0000          183.4133        -50.16          0.000
532.508        0.0002          -0.0006         -1.51140        -0.00020        0.0000          183.3950        -50.16          0.000
533.259        0.0002          -0.0006         -1.51540        -0.00020        0.0000          183.3675        -50.16          0.000
534.009        0.0002          -0.0006         -1.52000        -0.00020        0.0000          183.3492        -50.16          0.000
534.769        0.0002          -0.0006         -1.52660        -0.00020        0.0000          183.3308        -50.16          0.000
535.519        0.0002          -0.0006         -1.52890        -0.00020        0.0000          183.3125        -50.16          0.000
536.270        0.0002          -0.0006         -1.53080        -0.00020        0.0000          183.2942        -50.16          0.000
537.000        0.0002          -0.0006         -1.53080        -0.00020        0.0000          183.2758        -50.16          0.000
537.760        0.0002          -0.0006         -1.52930        -0.00020        0.0000          183.2575        -50.12          0.000
538.520        0.0002          -0.0006         -1.52890        -0.00020        0.0000          183.2392        -50.12          0.000
539.270        0.0002          -0.0006         -1.53480        -0.00020        0.0000          183.2209        -50.12          0.000
540.010        0.0002          -0.0006         -1.53720        -0.00020        0.0000          183.2025        -50.16          0.000
540.750        0.0002          -0.0006         -1.53990        -0.00020        0.0000          183.1934        -50.16          0.000
541.511        0.0002          -0.0006         -1.53940        -0.00020        0.0000          183.1659        -50.16          0.000
542.251        0.0002          -0.0006         -1.54760        -0.00020        0.0000          183.1475        -50.16          0.000
543.002        0.0002          -0.0006         -1.55070        -0.00020        0.0000          183.1200        -50.16          0.000
543.752        0.0002          -0.0006         -1.55510        -0.00020        0.0000          183.1017        -50.16          0.000
544.503        0.0002          -0.0006         -1.55590        -0.00020        0.0000          183.0834        -50.16          0.000
545.263        0.0002          -0.0006         -1.55530        -0.00020        0.0000          183.0651        -50.16          0.000
546.003        0.0002          -0.0006         -1.55450        -0.00020        0.0000          183.0467        -50.16          0.000
546.753        0.0002          -0.0006         -1.55270        -0.00020        0.0000          183.0284        -50.12          0.000
547.503        0.0002          -0.0006         -1.55570        -0.00020        0.0000          183.0101        -50.16          0.000
548.262        0.0002          -0.0006         -1.56100        -0.00020        0.0000          182.9917        -50.16          0.000
