;Time(s)       Ch0/V           Ch0/V           Ch2/V           Ch3/V           Z_Motor         Beam_current    temperature     Absorbance
;lambda (nm)   110.000
0.000          0.0002          -0.0006         -1.58580        -0.00020        0.0000          181.8461        -50.16          0.000
0.760          0.0002          -0.0006         -1.58390        -0.00020        0.0000          181.8278        -50.12          0.000
1.520          0.0002          -0.0006         -1.58310        -0.00020        0.0000          181.8003        -50.16          0.000
2.270          0.0002          -0.0006         -1.58510        -0.00020        0.0000          181.7820        -50.16          0.000
3.020          0.0002          -0.0006         -1.58620        -0.00020        0.0000          181.7728        -50.16          0.000
3.770          0.0002          -0.0006         -1.58790        -0.00020        0.0000          181.7453        -50.16          0.000
4.500          0.0002          -0.0006         -1.58880        -0.00020        0.0000          181.7270        -50.12          0.000
5.260          0.0002          -0.0006         -1.58990        -0.00020        0.0000          181.7087        -50.12          0.000
6.010          0.0002          -0.0006         -1.59040        -0.00020        0.0000          181.6995        -50.16          0.000
6.761          0.0002          -0.0006         -1.59040        -0.00020        0.0000          181.6812        -50.16          0.000
7.510          0.0002          -0.0006         -1.58850        -0.00020        0.0000          181.6629        -50.16          0.000
8.261          0.0002          -0.0006         -1.59020        -0.00020        0.0000          181.6354        -50.16          0.000
9.001          0.0002          -0.0006         -1.59100        -0.00020        0.0000          181.6262        -50.16          0.000
9.752          0.0002          -0.0006         -1.59130        -0.00020        0.0000          181.5987        -50.12          0.000
10.511         0.0002          -0.0006         -1.59170        -0.00020        0.0000          181.5804        -50.16          0.000
11.261         0.0002          -0.0006         -1.59250        -0.00020        0.0000          181.5712        -50.16          0.000
12.010         0.0002          -0.0006         -1.59240        -0.00020        0.0000          181.5529        -50.16          0.000
12.761         0.0002          -0.0006         -1.59170        -0.00020        0.0000          181.5254        -50.16          0.000
13.511         0.0002          -0.0006         -1.59140        -0.00020        0.0000          181.5071        -50.12          0.000
14.261         0.0002          -0.0006         -1.59070        -0.00020        0.0000          181.4887        -50.12          0.000
15.001         0.0002          -0.0006         -1.59010        -0.00020        0.0000          181.4704        -50.12          0.000
15.751         0.0002          -0.0006         -1.58860        -0.00020        0.0000          181.4521        -50.16          0.000
16.501         0.0002          -0.0006         -1.58770        -0.00020        0.0000          181.4337        -50.16          0.000
17.261         0.0002          -0.0006         -1.58560        -0.00020        0.0000          181.4154        -50.16          0.000
18.011         0.0002          -0.0006         -1.58430        -0.00020        0.0000          181.3971        -50.12          0.000
18.761         0.0002          -0.0006         -1.58540        -0.00020        0.0000          181.3696        -50.16          0.000
19.511         0.0002          -0.0006         -1.58660        -0.00020        0.0000          181.3513        -50.16          0.000
20.251         0.0002          -0.0006         -1.58870        -0.00020        0.0000          181.3329        -50.16          0.000
21.011         0.0002          -0.0006         -1.58970        -0.00020        0.0000          181.3238        -50.16          0.000
21.752         0.0002          -0.0006         -1.59160        -0.00020        0.0000          181.3054        -50.16          0.000
22.501         0.0002          -0.0006         -1.59310        -0.00020        0.0000          181.2779        -50.16          0.000
23.262         0.0002          -0.0006         -1.59720        -0.00020        0.0000          181.2596        -50.16          0.000
24.012         0.0002          -0.0006         -1.59930        -0.00020        0.0000          181.2504        -50.16          0.000
24.763         0.0002          -0.0006         -1.60230        -0.00020        0.0000          181.2229        -50.16          0.000
25.513         0.0002          -0.0006         -1.60710        -0.00020        0.0000          181.2046        -50.16          0.000
26.263         0.0002          -0.0006         -1.61460        -0.00020        0.0000          181.1863        -50.12          0.000
27.003         0.0002          -0.0006         -1.61780        -0.00020        0.0000          181.1680        -50.16          0.000
27.754         0.0002          -0.0006         -1.62360        -0.00020        0.0000          181.1496        -50.12          0.000
28.504         0.0002          -0.0006         -1.62650        -0.00020        0.0000          181.1313        -50.16          0.000
29.265         0.0002          -0.0006         -1.63070        -0.00020        0.0000          181.1130        -50.16          0.000
30.005         0.0002          -0.0006         -1.63220        -0.00020        0.0000          181.1038        -50.16          0.000
30.765         0.0002          -0.0006         -1.63510        -0.00020        0.0000          181.0763        -50.16          0.000
31.515         0.0002          -0.0006         -1.63620        -0.00020        0.0000          181.0580        -50.16          0.000
32.266         0.0002          -0.0006         -1.63800        -0.00020        0.0000          181.0397        -50.16          0.000
33.017         0.0002          -0.0006         -1.63870        -0.00020        0.0000          181.0305        -50.16          0.000
33.767         0.0002          -0.0006         -1.63960        -0.00020        0.0000          181.0030        -50.16          0.000
34.517         0.0002          -0.0006         -1.63980        -0.00020        0.0000          180.9847        -50.16          0.000
35.257         0.0002          -0.0006         -1.64020        -0.00020        0.0000          180.9663        -50.16          0.000
36.017         0.0002          -0.0006         -1.64230        -0.00020        0.0000          180.9480        -50.16          0.000
36.757         0.0002          -0.0006         -1.64690        -0.00020        0.0000          180.9388        -50.16          0.000
37.517         0.0002          -0.0006         -1.64920        -0.00020        0.0000          180.9113        -50.16          0.000
38.267         0.0002          -0.0006         -1.65320        -0.00020        0.0000          180.8930        -50.12          0.000
39.007         0.0002          -0.0006         -1.65480        -0.00020        0.0000          180.8747        -50.16          0.000
39.768         0.0002          -0.0006         -1.65790        -0.00020        0.0000          180.8564        -50.16          0.000
40.508         0.0002          -0.0006         -1.65900        -0.00020        0.0000          180.8380        -50.16          0.000
41.268         0.0002          -0.0006         -1.66030        -0.00020        0.0000          180.8197        -50.16          0.000
42.007         0.0002          -0.0006         -1.65850        -0.00020        0.0000          180.8105        -50.16          0.000
42.758         0.0002          -0.0006         -1.66260        -0.00020        0.0000          180.7830        -50.16          0.000
43.508         0.0002          -0.0006         -1.66420        -0.00020        0.0000          180.7647        -50.16          0.000
44.260         0.0002          -0.0006         -1.66690        -0.00020        0.0000          180.7555        -50.16          0.000
45.008         0.0002          -0.0006         -1.66810        -0.00020        0.0000          180.7372        -50.16          0.000
45.768         0.0002          -0.0006         -1.67030        -0.00020        0.0000          180.7189        -50.16          0.000
46.518         0.0002          -0.0006         -1.67090        -0.00020        0.0000          180.7006        -50.16          0.000
47.260         0.0002          -0.0006         -1.67110        -0.00020        0.0000          180.6822        -50.12          0.000
48.010         0.0002          -0.0006         -1.67080        -0.00020        0.0000          180.6639        -50.12          0.000
48.759         0.0002          -0.0006         -1.67030        -0.00020        0.0000          180.6456        -50.16          0.000
49.509         0.0002          -0.0006         -1.66970        -0.00020        0.0000          180.6272        -50.16          0.000
50.260         0.0002          -0.0006         -1.66830        -0.00020        0.0000          180.5997        -50.12          0.000
51.019         0.0002          -0.0006         -1.66740        -0.00020        0.0000          180.5814        -50.16          0.000
51.770         0.0002          -0.0006         -1.66540        -0.00020        0.0000          180.5631        -50.16          0.000
52.510         0.0002          -0.0006         -1.66420        -0.00020        0.0000          180.5539        -50.12          0.000
53.270         0.0002          -0.0006         -1.66420        -0.00020        0.0000          180.5448        -50.12          0.000
54.000         0.0002          -0.0006         -1.66540        -0.00020        0.0000          180.5264        -50.16          0.000
54.751         0.0002          -0.0006         -1.66740        -0.00020        0.0000          180.5081        -50.12          0.000
55.501         0.0002          -0.0006         -1.66850        -0.00020        0.0000          180.4898        -50.16          0.000
56.261         0.0002          -0.0006         -1.66960        -0.00020        0.0000          180.4714        -50.16          0.000
57.001         0.0002          -0.0006         -1.67010        -0.00020        0.0000          180.4623        -50.16          0.000
57.761         0.0002          -0.0006         -1.67040        -0.00020        0.0000          180.4348        -50.16          0.000
58.501         0.0002          -0.0006         -1.67020        -0.00020        0.0000          180.4256        -50.12          0.000
59.251         0.0002          -0.0006         -1.66760        -0.00020        0.0000          180.4073        -50.12          0.000
60.011         0.0002          -0.0006         -1.66680        -0.00020        0.0000          180.3798        -50.16          0.000
60.751         0.0002          -0.0006         -1.66910        -0.00020        0.0000          180.3615        -50.16          0.000
61.511         0.0002          -0.0006         -1.66940        -0.00020        0.0000          180.3431        -50.12          0.000
62.261         0.0002          -0.0006         -1.66940        -0.00020        0.0000          180.3248        -50.12          0.000
63.002         0.0002          -0.0006         -1.66930        -0.00020        0.0000          180.3065        -50.16          0.000
63.762         0.0002          -0.0006         -1.66870        -0.00020        0.0000          180.2881        -50.16          0.000
64.512         0.0002          -0.0006         -1.66740        -0.00020        0.0000          180.2698        -50.16          0.000
65.262         0.0002          -0.0006         -1.66410        -0.00020        0.0000          180.2607        -50.16          0.000
66.012         0.0002          -0.0006         -1.66240        -0.00020        0.0000          180.2423        -50.12          0.000
66.763         0.0002          -0.0006         -1.65910        -0.00020        0.0000          180.2148        -50.16          0.000
67.503         0.0002          -0.0006         -1.65770        -0.00020        0.0000          180.2057        -50.16          0.000
68.263         0.0002          -0.0006         -1.65490        -0.00020        0.0000          180.1873        -50.16          0.000
69.003         0.0002          -0.0006         -1.65320        -0.00020        0.0000          180.1690        -50.12          0.000
69.753         0.0002          -0.0006         -1.64940        -0.00020        0.0000          180.1507        -50.16          0.000
70.504         0.0002          -0.0006         -1.64740        -0.00020        0.0000          180.1323        -50.16          0.000
71.254         0.0002          -0.0006         -1.64560        -0.00020        0.0000          180.1140        -50.12          0.000
72.004         0.0002          -0.0006         -1.64560        -0.00020        0.0000          180.0957        -50.12          0.000
72.764         0.0002          -0.0006         -1.64530        -0.00020        0.0000          180.0682        -50.16          0.000
73.514         0.0002          -0.0006         -1.64490        -0.00020        0.0000          180.0590        -50.12          0.000
74.265         0.0002          -0.0006         -1.64400        -0.00020        0.0000          180.0315        -50.16          0.000
75.015         0.0002          -0.0006         -1.64340        -0.00020        0.0000          180.0132        -50.16          0.000
75.755         0.0002          -0.0006         -1.64160        -0.00020        0.0000          179.9949        -50.16          0.000
76.505         0.0002          -0.0006         -1.64030        -0.00020        0.0000          179.9857        -50.16          0.000
77.265         0.0002          -0.0006         -1.63590        -0.00020        0.0000          179.9674        -50.12          0.000
78.005         0.0002          -0.0006         -1.63240        -0.00020        0.0000          179.9491        -50.12          0.000
78.755         0.0002          -0.0006         -1.63300        -0.00020        0.0000          179.9307        -50.16          0.000
79.517         0.0002          -0.0006         -1.63250        -0.00020        0.0000          179.9216        -50.16          0.000
80.265         0.0002          -0.0006         -1.63090        -0.00020        0.0000          179.8941        -50.16          0.000
81.005         0.0002          -0.0006         -1.63000        -0.00020        0.0000          179.8757        -50.16          0.000
81.756         0.0002          -0.0006         -1.62840        -0.00020        0.0000          179.8574        -50.16          0.000
82.505         0.0002          -0.0006         -1.62700        -0.00020        0.0000          179.8482        -50.16          0.000
83.266         0.0002          -0.0006         -1.62350        -0.00020        0.0000          179.8207        -50.12          0.000
84.006         0.0002          -0.0006         -1.62140        -0.00020        0.0000          179.8024        -50.16          0.000
84.758         0.0002          -0.0006         -1.61690        -0.00020        0.0000          179.7841        -50.16          0.000
85.507         0.0002          -0.0006         -1.61460        -0.00020        0.0000          179.7658        -50.16          0.000
86.257         0.0002          -0.0006         -1.60980        -0.00020        0.0000          179.7474        -50.16          0.000
87.008         0.0002          -0.0006         -1.60720        -0.00020        0.0000          179.7291        -50.16          0.000
87.768         0.0002          -0.0006         -1.60160        -0.00020        0.0000          179.7108        -50.16          0.000
88.519         0.0002          -0.0006         -1.59880        -0.00020        0.0000          179.7016        -50.16          0.000
89.258         0.0002          -0.0006         -1.59350        -0.00020        0.0000          179.6741        -50.16          0.000
90.008         0.0002          -0.0006         -1.59250        -0.00020        0.0000          179.6558        -50.16          0.000
90.758         0.0002          -0.0006         -1.59030        -0.00020        0.0000          179.6466        -50.16          0.000
91.508         0.0002          -0.0006         -1.58900        -0.00020        0.0000          184.2565        -50.12          0.000
92.268         0.0002          -0.0006         -1.58630        -0.00020        0.0000          184.2473        -50.16          0.000
93.018         0.0002          -0.0006         -1.58470        -0.00020        0.0000          184.2198        -50.16          0.000
93.759         0.0002          -0.0006         -1.58150        -0.00020        0.0000          184.2015        -50.16          0.000
94.519         0.0002          -0.0006         -1.57960        -0.00020        0.0000          184.1831        -50.12          0.000
95.259         0.0002          -0.0006         -1.57560        -0.00020        0.0000          184.1648        -50.16          0.000
96.009         0.0002          -0.0006         -1.57230        -0.00020        0.0000          184.1465        -50.12          0.000
96.760         0.0002          -0.0006         -1.56870        -0.00020        0.0000          184.1190        -50.12          0.000
97.510         0.0002          -0.0006         -1.56780        -0.00020        0.0000          184.1098        -50.16          0.000
98.260         0.0002          -0.0006         -1.56470        -0.00020        0.0000          184.0915        -50.16          0.000
99.001         0.0002          -0.0006         -1.56290        -0.00020        0.0000          184.0640        -50.16          0.000
99.771         0.0002          -0.0006         -1.55870        -0.00020        0.0000          184.0548        -50.12          0.000
100.501        0.0002          -0.0006         -1.55660        -0.00020        0.0000          184.0273        -50.12          0.000
101.268        0.0002          -0.0006         -1.55150        -0.00020        0.0000          184.0090        -50.16          0.000
102.009        0.0002          -0.0006         -1.54860        -0.00020        0.0000          183.9907        -50.16          0.000
102.759        0.0002          -0.0006         -1.54260        -0.00020        0.0000          183.9724        -50.16          0.000
103.518        0.0002          -0.0006         -1.53930        -0.00020        0.0000          183.9540        -50.16          0.000
104.268        0.0002          -0.0006         -1.53280        -0.00020        0.0000          183.9357        -50.16          0.000
105.019        0.0002          -0.0006         -1.52970        -0.00020        0.0000          183.9174        -50.12          0.000
105.759        0.0002          -0.0006         -1.52330        -0.00020        0.0000          183.8990        -50.16          0.000
106.519        0.0002          -0.0006         -1.51980        -0.00020        0.0000          183.8807        -50.16          0.000
107.259        0.0002          -0.0006         -1.51250        -0.00020        0.0000          183.8624        -50.12          0.000
108.010        0.0002          -0.0006         -1.50910        -0.00020        0.0000          183.8441        -50.16          0.000
108.750        0.0002          -0.0006         -1.50550        -0.00020        0.0000          183.8257        -50.16          0.000
109.500        0.0002          -0.0006         -1.50370        -0.00020        0.0000          183.8074        -50.16          0.000
110.261        0.0002          -0.0006         -1.50010        -0.00020        0.0000          183.7891        -50.16          0.000
111.001        0.0002          -0.0006         -1.49800        -0.00020        0.0000          183.7707        -50.16          0.000
111.751        0.0002          -0.0006         -1.49380        -0.00020        0.0000          183.7524        -50.16          0.000
112.510        0.0002          -0.0006         -1.49160        -0.00020        0.0000          183.7341        -50.16          0.000
113.261        0.0002          -0.0006         -1.48690        -0.00020        0.0000          183.7066        -50.16          0.000
114.002        0.0002          -0.0006         -1.48420        -0.00020        0.0000          183.6883        -50.12          0.000
114.753        0.0002          -0.0006         -1.47680        -0.00020        0.0000          183.6699        -50.12          0.000
115.502        0.0002          -0.0006         -1.47410        -0.00020        0.0000          183.6608        -50.16          0.000
116.252        0.0002          -0.0006         -1.47130        -0.00020        0.0000          183.6333        -50.16          0.000
117.013        0.0002          -0.0006         -1.46940        -0.00020        0.0000          183.6149        -50.16          0.000
117.752        0.0002          -0.0006         -1.46490        -0.00020        0.0000          183.6058        -50.16          0.000
118.502        0.0002          -0.0006         -1.46250        -0.00020        0.0000          183.5783        -50.16          0.000
119.252        0.0002          -0.0006         -1.45760        -0.00020        0.0000          183.5599        -50.12          0.000
120.002        0.0002          -0.0006         -1.45500        -0.00020        0.0000          183.5508        -50.16          0.000
120.763        0.0002          -0.0006         -1.44890        -0.00020        0.0000          183.5233        -50.12          0.000
121.503        0.0002          -0.0006         -1.44560        -0.00020        0.0000          183.5050        -50.16          0.000
122.254        0.0002          -0.0006         -1.43880        -0.00020        0.0000          183.4866        -50.16          0.000
123.004        0.0002          -0.0006         -1.43510        -0.00020        0.0000          183.4683        -50.16          0.000
123.764        0.0002          -0.0006         -1.42840        -0.00020        0.0000          183.4500        -50.12          0.000
124.505        0.0002          -0.0006         -1.42500        -0.00020        0.0000          183.4225        -50.16          0.000
125.255        0.0002          -0.0006         -1.41800        -0.00020        0.0000          183.4133        -50.12          0.000
126.015        0.0002          -0.0006         -1.41420        -0.00020        0.0000          183.3858        -50.16          0.000
126.755        0.0002          -0.0006         -1.40680        -0.00020        0.0000          183.3675        -50.16          0.000
127.506        0.0002          -0.0006         -1.40460        -0.00020        0.0000          183.3492        -50.16          0.000
128.266        0.0002          -0.0006         -1.40060        -0.00020        0.0000          183.3308        -50.16          0.000
129.007        0.0002          -0.0006         -1.39890        -0.00020        0.0000          183.3125        -50.16          0.000
129.756        0.0002          -0.0006         -1.39480        -0.00020        0.0000          183.2942        -50.12          0.000
130.516        0.0002          -0.0006         -1.39260        -0.00020        0.0000          183.2758        -50.16          0.000
131.258        0.0002          -0.0006         -1.38790        -0.00020        0.0000          183.2575        -50.12          0.000
132.008        0.0002          -0.0006         -1.38540        -0.00020        0.0000          183.2392        -50.16          0.000
132.767        0.0002          -0.0006         -1.38000        -0.00020        0.0000          183.2209        -50.16          0.000
133.507        0.0002          -0.0006         -1.37730        -0.00020        0.0000          183.2025        -50.12          0.000
134.268        0.0002          -0.0006         -1.36910        -0.00020        0.0000          183.1842        -50.16          0.000
135.018        0.0002          -0.0006         -1.36780        -0.00020        0.0000          183.1567        -50.16          0.000
135.769        0.0002          -0.0006         -1.36440        -0.00020        0.0000          183.1475        -50.16          0.000
136.510        0.0002          -0.0006         -1.36230        -0.00020        0.0000          183.1200        -50.16          0.000
137.269        0.0002          -0.0006         -1.35760        -0.00020        0.0000          183.1017        -50.16          0.000
138.020        0.0002          -0.0006         -1.35520        -0.00020        0.0000          183.0834        -50.16          0.000
138.759        0.0002          -0.0006         -1.35030        -0.00020        0.0000          183.0651        -50.16          0.000
139.500        0.0002          -0.0006         -1.34750        -0.00020        0.0000          183.0467        -50.16          0.000
140.250        0.0002          -0.0006         -1.34170        -0.00020        0.0000          183.0284        -50.16          0.000
141.001        0.0002          -0.0006         -1.33870        -0.00020        0.0000          183.0101        -50.16          0.000
141.760        0.0002          -0.0006         -1.33230        -0.00020        0.0000          182.9917        -50.16          0.000
142.520        0.0002          -0.0006         -1.32890        -0.00020        0.0000          182.9734        -50.16          0.000
143.260        0.0002          -0.0006         -1.32250        -0.00020        0.0000          182.9551        -50.16          0.000
144.011        0.0002          -0.0006         -1.31940        -0.00020        0.0000          182.9367        -50.16          0.000
144.751        0.0002          -0.0006         -1.31280        -0.00020        0.0000          182.9184        -50.12          0.000
145.501        0.0002          -0.0006         -1.30960        -0.00020        0.0000          182.9001        -50.16          0.000
146.261        0.0002          -0.0006         -1.30250        -0.00020        0.0000          182.8818        -50.12          0.000
147.011        0.0002          -0.0006         -1.29990        -0.00020        0.0000          182.8543        -50.16          0.000
147.761        0.0002          -0.0006         -1.29610        -0.00020        0.0000          182.8451        -50.16          0.000
148.501        0.0002          -0.0006         -1.29420        -0.00020        0.0000          182.8268        -50.16          0.000
149.261        0.0002          -0.0006         -1.29040        -0.00020        0.0000          182.7993        -50.16          0.000
150.010        0.0002          -0.0006         -1.28860        -0.00020        0.0000          182.7809        -50.16          0.000
150.761        0.0002          -0.0006         -1.28480        -0.00020        0.0000          182.7626        -50.16          0.000
151.512        0.0002          -0.0006         -1.28280        -0.00020        0.0000          182.7443        -50.16          0.000
152.251        0.0002          -0.0006         -1.27860        -0.00020        0.0000          182.7260        -50.16          0.000
153.003        0.0002          -0.0006         -1.27630        -0.00020        0.0000          182.7076        -50.12          0.000
153.752        0.0002          -0.0006         -1.27040        -0.00020        0.0000          182.6893        -50.16          0.000
154.503        0.0002          -0.0006         -1.26750        -0.00020        0.0000          182.6801        -50.16          0.000
155.253        0.0002          -0.0006         -1.26570        -0.00020        0.0000          182.6526        -50.16          0.000
156.006        0.0002          -0.0006         -1.26410        -0.00020        0.0000          182.6343        -50.12          0.000
156.764        0.0002          -0.0006         -1.26080        -0.00020        0.0000          182.6160        -50.16          0.000
157.505        0.0002          -0.0006         -1.25890        -0.00020        0.0000          182.6068        -50.12          0.000
158.265        0.0002          -0.0006         -1.25510        -0.00020        0.0000          182.5793        -50.16          0.000
159.016        0.0002          -0.0006         -1.25330        -0.00020        0.0000          182.5610        -50.16          0.000
159.766        0.0002          -0.0006         -1.24900        -0.00020        0.0000          182.5427        -50.16          0.000
160.506        0.0002          -0.0006         -1.24660        -0.00020        0.0000          182.5243        -50.16          0.000
161.256        0.0002          -0.0006         -1.24180        -0.00020        0.0000          182.5060        -50.16          0.000
162.007        0.0002          -0.0006         -1.23940        -0.00020        0.0000          182.4877        -50.12          0.000
162.756        0.0002          -0.0006         -1.23400        -0.00020        0.0000          182.4693        -50.16          0.000
163.516        0.0002          -0.0006         -1.23150        -0.00020        0.0000          182.4510        -50.16          0.000
164.258        0.0002          -0.0006         -1.22660        -0.00020        0.0000          182.4327        -50.16          0.000
165.007        0.0002          -0.0006         -1.22420        -0.00020        0.0000          182.4052        -50.16          0.000
165.767        0.0002          -0.0006         -1.21900        -0.00020        0.0000          182.3960        -50.16          0.000
166.519        0.0002          -0.0006         -1.21640        -0.00020        0.0000          182.3777        -50.16          0.000
167.269        0.0002          -0.0006         -1.21360        -0.00020        0.0000          182.3502        -50.12          0.000
168.010        0.0002          -0.0006         -1.21260        -0.00020        0.0000          182.3319        -50.16          0.000
168.759        0.0002          -0.0006         -1.21070        -0.00020        0.0000          182.3135        -50.16          0.000
169.509        0.0002          -0.0006         -1.20990        -0.00020        0.0000          182.2952        -50.12          0.000
170.259        0.0002          -0.0006         -1.20790        -0.00020        0.0000          182.2769        -50.16          0.000
171.009        0.0002          -0.0006         -1.20680        -0.00020        0.0000          182.2586        -50.16          0.000
171.750        0.0002          -0.0006         -1.20470        -0.00020        0.0000          182.2494        -50.12          0.000
172.510        0.0002          -0.0006         -1.20350        -0.00020        0.0000          182.2311        -50.16          0.000
173.261        0.0002          -0.0006         -1.20110        -0.00020        0.0000          182.2036        -50.16          0.000
174.002        0.0002          -0.0006         -1.19950        -0.00020        0.0000          182.1761        -50.16          0.000
174.761        0.0002          -0.0006         -1.19560        -0.00020        0.0000          182.1669        -50.16          0.000
175.502        0.0002          -0.0006         -1.19560        -0.00020        0.0000          182.1486        -50.16          0.000
176.261        0.0002          -0.0006         -1.19470        -0.00020        0.0000          182.1303        -50.16          0.000
177.011        0.0002          -0.0006         -1.19400        -0.00020        0.0000          182.1119        -50.16          0.000
177.763        0.0002          -0.0006         -1.19250        -0.00020        0.0000          182.0936        -50.16          0.000
178.503        0.0002          -0.0006         -1.19160        -0.00020        0.0000          182.0661        -50.16          0.000
179.263        0.0002          -0.0006         -1.18990        -0.00020        0.0000          182.0478        -50.16          0.000
180.003        0.0002          -0.0006         -1.18880        -0.00020        0.0000          182.0386        -50.16          0.000
180.763        0.0002          -0.0006         -1.18640        -0.00020        0.0000          182.0203        -50.16          0.000
181.503        0.0002          -0.0006         -1.18520        -0.00020        0.0000          182.0019        -50.16          0.000
182.253        0.0002          -0.0006         -1.18240        -0.00020        0.0000          181.9745        -50.16          0.000
183.004        0.0002          -0.0006         -1.18090        -0.00020        0.0000          181.9561        -50.16          0.000
183.754        0.0002          -0.0006         -1.17780        -0.00020        0.0000          181.9378        -50.12          0.000
184.504        0.0002          -0.0006         -1.17640        -0.00020        0.0000          181.9286        -50.16          0.000
185.264        0.0002          -0.0006         -1.17370        -0.00020        0.0000          181.9011        -50.12          0.000
186.005        0.0002          -0.0006         -1.17220        -0.00020        0.0000          181.8828        -50.16          0.000
186.765        0.0002          -0.0006         -1.16930        -0.00020        0.0000          181.8645        -50.16          0.000
187.515        0.0002          -0.0006         -1.16780        -0.00020        0.0000          181.8461        -50.16          0.000
188.255        0.0002          -0.0006         -1.16740        -0.00020        0.0000          181.8278        -50.16          0.000
189.015        0.0002          -0.0006         -1.16740        -0.00020        0.0000          181.8003        -50.12          0.000
189.756        0.0002          -0.0006         -1.16740        -0.00020        0.0000          181.7912        -50.12          0.000
190.516        0.0002          -0.0006         -1.16740        -0.00020        0.0000          181.7728        -50.16          0.000
191.256        0.0002          -0.0006         -1.16730        -0.00020        0.0000          181.7545        -50.16          0.000
192.005        0.0002          -0.0006         -1.16720        -0.00020        0.0000          181.7270        -50.12          0.000
192.767        0.0002          -0.0006         -1.16710        -0.00020        0.0000          181.7178        -50.12          0.000
193.517        0.0002          -0.0006         -1.16690        -0.00020        0.0000          181.6995        -50.16          0.000
194.267        0.0002          -0.0006         -1.16640        -0.00020        0.0000          181.6720        -50.16          0.000
195.007        0.0002          -0.0006         -1.16590        -0.00020        0.0000          181.6629        -50.16          0.000
195.757        0.0002          -0.0006         -1.16430        -0.00020        0.0000          181.6445        -50.16          0.000
196.518        0.0002          -0.0006         -1.16530        -0.00020        0.0000          181.6262        -50.16          0.000
197.268        0.0002          -0.0006         -1.16670        -0.00020        0.0000          181.5987        -50.12          0.000
198.007        0.0002          -0.0006         -1.16710        -0.00020        0.0000          181.5804        -50.16          0.000
198.758        0.0002          -0.0006         -1.16780        -0.00020        0.0000          181.5620        -50.16          0.000
199.518        0.0002          -0.0006         -1.16820        -0.00020        0.0000          181.5437        -50.12          0.000
200.258        0.0002          -0.0006         -1.16900        -0.00020        0.0000          181.5254        -50.16          0.000
201.018        0.0002          -0.0006         -1.16930        -0.00020        0.0000          181.5071        -50.16          0.000
201.758        0.0002          -0.0006         -1.16940        -0.00020        0.0000          181.4979        -50.16          0.000
202.508        0.0002          -0.0006         -1.16940        -0.00020        0.0000          181.4704        -50.16          0.000
203.269        0.0002          -0.0006         -1.16930        -0.00020        0.0000          181.4521        -50.12          0.000
204.009        0.0002          -0.0006         -1.16910        -0.00020        0.0000          181.4337        -50.16          0.000
204.750        0.0002          -0.0006         -1.16840        -0.00020        0.0000          181.4154        -50.12          0.000
205.510        0.0002          -0.0006         -1.16800        -0.00020        0.0000          181.4062        -50.16          0.000
206.270        0.0002          -0.0006         -1.16780        -0.00020        0.0000          181.3787        -50.16          0.000
207.009        0.0002          -0.0006         -1.16760        -0.00020        0.0000          181.3604        -50.12          0.000
207.770        0.0002          -0.0006         -1.16740        -0.00020        0.0000          181.3513        -50.16          0.000
208.510        0.0002          -0.0006         -1.16720        -0.00020        0.0000          181.3329        -50.16          0.000
209.250        0.0002          -0.0006         -1.16870        -0.00020        0.0000          181.3054        -50.16          0.000
210.020        0.0002          -0.0006         -1.17000        -0.00020        0.0000          181.2871        -50.16          0.000
210.760        0.0002          -0.0006         -1.17260        -0.00020        0.0000          181.2779        -50.16          0.000
211.502        0.0002          -0.0006         -1.17390        -0.00020        0.0000          181.2504        -50.16          0.000
212.251        0.0002          -0.0006         -1.17640        -0.00020        0.0000          181.2413        -50.16          0.000
213.003        0.0002          -0.0006         -1.17770        -0.00020        0.0000          181.2138        -50.16          0.000
213.764        0.0002          -0.0006         -1.17900        -0.00020        0.0000          181.1955        -50.12          0.000
214.504        0.0002          -0.0006         -1.17900        -0.00020        0.0000          181.1771        -50.16          0.000
215.265        0.0002          -0.0006         -1.18380        -0.00020        0.0000          181.1588        -50.12          0.000
216.003        0.0002          -0.0006         -1.18470        -0.00020        0.0000          181.1405        -50.12          0.000
216.753        0.0002          -0.0006         -1.18510        -0.00020        0.0000          181.1221        -50.16          0.000
217.504        0.0002          -0.0006         -1.18640        -0.00020        0.0000          181.1038        -50.16          0.000
218.255        0.0002          -0.0006         -1.19070        -0.00020        0.0000          181.0946        -50.16          0.000
219.014        0.0002          -0.0006         -1.19250        -0.00020        0.0000          181.0763        -50.16          0.000
219.754        0.0002          -0.0006         -1.19590        -0.00020        0.0000          181.0580        -50.16          0.000
220.504        0.0002          -0.0006         -1.19740        -0.00020        0.0000          181.0397        -50.16          0.000
221.264        0.0002          -0.0006         -1.20050        -0.00020        0.0000          181.0213        -50.12          0.000
222.004        0.0002          -0.0006         -1.20210        -0.00020        0.0000          180.9938        -50.16          0.000
222.755        0.0002          -0.0006         -1.20510        -0.00020        0.0000          180.9755        -50.16          0.000
223.516        0.0002          -0.0006         -1.20640        -0.00020        0.0000          180.9572        -50.16          0.000
224.255        0.0002          -0.0006         -1.20900        -0.00020        0.0000          180.9480        -50.16          0.000
225.005        0.0002          -0.0006         -1.21030        -0.00020        0.0000          180.9205        -50.16          0.000
225.766        0.0002          -0.0006         -1.21260        -0.00020        0.0000          180.9022        -50.16          0.000
226.506        0.0002          -0.0006         -1.21360        -0.00020        0.0000          180.8930        -50.16          0.000
227.265        0.0002          -0.0006         -1.21540        -0.00020        0.0000          180.8747        -50.16          0.000
228.006        0.0002          -0.0006         -1.21650        -0.00020        0.0000          180.8564        -50.16          0.000
228.757        0.0002          -0.0006         -1.21850        -0.00020        0.0000          180.8380        -50.16          0.000
229.507        0.0002          -0.0006         -1.21950        -0.00020        0.0000          180.8197        -50.16          0.000
230.256        0.0002          -0.0006         -1.22130        -0.00020        0.0000          180.8014        -50.16          0.000
231.017        0.0002          -0.0006         -1.22280        -0.00020        0.0000          180.7830        -50.16          0.000
231.757        0.0002          -0.0006         -1.22760        -0.00020        0.0000          180.7555        -50.16          0.000
232.518        0.0002          -0.0006         -1.23020        -0.00020        0.0000          180.7555        -50.16          0.000
233.268        0.0002          -0.0006         -1.23510        -0.00020        0.0000          180.7555        -50.16          0.000
234.008        0.0002          -0.0006         -1.23760        -0.00020        0.0000          180.7189        -50.16          0.000
234.759        0.0002          -0.0006         -1.24240        -0.00020        0.0000          180.6914        -50.16          0.000
235.519        0.0002          -0.0006         -1.24460        -0.00020        0.0000          180.6822        -50.16          0.000
236.270        0.0002          -0.0006         -1.24930        -0.00020        0.0000          180.6639        -50.12          0.000
237.019        0.0002          -0.0006         -1.25150        -0.00020        0.0000          180.6364        -50.16          0.000
237.770        0.0002          -0.0006         -1.25600        -0.00020        0.0000          180.6181        -50.16          0.000
238.520        0.0002          -0.0006         -1.25800        -0.00020        0.0000          180.6089        -50.12          0.000
239.260        0.0002          -0.0006         -1.26010        -0.00020        0.0000          180.5906        -50.16          0.000
240.010        0.0002          -0.0006         -1.26380        -0.00020        0.0000          180.5723        -50.16          0.000
240.760        0.0002          -0.0006         -1.26980        -0.00020        0.0000          180.5539        -50.16          0.000
241.510        0.0002          -0.0006         -1.27260        -0.00020        0.0000          180.5356        -50.16          0.000
242.260        0.0002          -0.0006         -1.27780        -0.00020        0.0000          180.5173        -50.16          0.000
243.000        0.0002          -0.0006         -1.28060        -0.00020        0.0000          180.4989        -50.16          0.000
243.760        0.0002          -0.0006         -1.28590        -0.00020        0.0000          180.4806        -50.16          0.000
244.512        0.0002          -0.0006         -1.28860        -0.00020        0.0000          180.4623        -50.12          0.000
245.260        0.0002          -0.0006         -1.29360        -0.00020        0.0000          180.4439        -50.16          0.000
246.001        0.0002          -0.0006         -1.29580        -0.00020        0.0000          180.4256        -50.16          0.000
246.761        0.0002          -0.0006         -1.30010        -0.00020        0.0000          180.4073        -50.16          0.000
247.510        0.0002          -0.0006         -1.30210        -0.00020        0.0000          180.3981        -50.16          0.000
248.260        0.0002          -0.0006         -1.30610        -0.00020        0.0000          180.3798        -50.16          0.000
249.011        0.0002          -0.0006         -1.30800        -0.00020        0.0000          180.3615        -50.16          0.000
249.761        0.0002          -0.0006         -1.31160        -0.00020        0.0000          180.3431        -50.16          0.000
250.501        0.0002          -0.0006         -1.31360        -0.00020        0.0000          180.3340        -50.16          0.000
251.260        0.0002          -0.0006         -1.31730        -0.00020        0.0000          180.3065        -50.12          0.000
252.000        0.0002          -0.0006         -1.31910        -0.00020        0.0000          180.2881        -50.12          0.000
252.760        0.0002          -0.0006         -1.32270        -0.00020        0.0000          180.2698        -50.16          0.000
253.520        0.0002          -0.0006         -1.32480        -0.00020        0.0000          180.2423        -50.16          0.000
254.260        0.0002          -0.0006         -1.33130        -0.00020        0.0000          180.2240        -50.16          0.000
255.010        0.0002          -0.0006         -1.33450        -0.00020        0.0000          180.2057        -50.16          0.000
255.761        0.0002          -0.0006         -1.34110        -0.00020        0.0000          180.1873        -50.16          0.000
256.500        0.0002          -0.0006         -1.34440        -0.00020        0.0000          180.1782        -50.16          0.000
257.260        0.0002          -0.0006         -1.35060        -0.00020        0.0000          180.1598        -50.16          0.000
258.013        0.0002          -0.0006         -1.35370        -0.00020        0.0000          180.1323        -50.12          0.000
258.763        0.0002          -0.0006         -1.35970        -0.00020        0.0000          180.1232        -50.12          0.000
259.514        0.0002          -0.0006         -1.36250        -0.00020        0.0000          180.1049        -50.16          0.000
260.264        0.0002          -0.0006         -1.36820        -0.00020        0.0000          180.0865        -50.16          0.000
261.004        0.0002          -0.0006         -1.37080        -0.00020        0.0000          180.0682        -50.16          0.000
261.755        0.0002          -0.0006         -1.37420        -0.00020        0.0000          180.0499        -50.16          0.000
262.515        0.0002          -0.0006         -1.37720        -0.00020        0.0000          180.0407        -50.16          0.000
263.255        0.0002          -0.0006         -1.38520        -0.00020        0.0000          180.0224        -50.16          0.000
264.016        0.0002          -0.0006         -1.38860        -0.00020        0.0000          179.9949        -50.12          0.000
264.757        0.0002          -0.0006         -1.39500        -0.00020        0.0000          179.9765        -50.12          0.000
265.506        0.0002          -0.0006         -1.39820        -0.00020        0.0000          179.9674        -50.16          0.000
266.267        0.0002          -0.0006         -1.40410        -0.00020        0.0000          179.9399        -50.12          0.000
267.006        0.0002          -0.0006         -1.40700        -0.00020        0.0000          179.9216        -50.16          0.000
267.757        0.0002          -0.0006         -1.41280        -0.00020        0.0000          179.9032        -50.16          0.000
268.517        0.0002          -0.0006         -1.41540        -0.00020        0.0000          179.8849        -50.16          0.000
269.257        0.0002          -0.0006         -1.42060        -0.00020        0.0000          179.8666        -50.16          0.000
270.017        0.0002          -0.0006         -1.42290        -0.00020        0.0000          179.8574        -50.12          0.000
270.758        0.0002          -0.0006         -1.42760        -0.00020        0.0000          179.8391        -50.16          0.000
271.518        0.0002          -0.0006         -1.42970        -0.00020        0.0000          179.8207        -50.16          0.000
272.258        0.0002          -0.0006         -1.43380        -0.00020        0.0000          179.8024        -50.16          0.000
273.018        0.0002          -0.0006         -1.43580        -0.00020        0.0000          179.7841        -50.16          0.000
273.768        0.0002          -0.0006         -1.43970        -0.00020        0.0000          179.7658        -50.16          0.000
274.519        0.0002          -0.0006         -1.44180        -0.00020        0.0000          179.7474        -50.16          0.000
275.259        0.0002          -0.0006         -1.44570        -0.00020        0.0000          179.7291        -50.16          0.000
276.009        0.0002          -0.0006         -1.44760        -0.00020        0.0000          179.7108        -50.16          0.000
276.759        0.0002          -0.0006         -1.45260        -0.00020        0.0000          179.6924        -50.16          0.000
277.519        0.0002          -0.0006         -1.45590        -0.00020        0.0000          179.6833        -50.16          0.000
278.269        0.0002          -0.0006         -1.46270        -0.00020        0.0000          179.6649        -50.16          0.000
279.010        0.0002          -0.0006         -1.46600        -0.00020        0.0000          179.6375        -50.16          0.000
279.751        0.0002          -0.0006         -1.47250        -0.00020        0.0000          183.9540        -50.16          0.000
280.510        0.0002          -0.0006         -1.47560        -0.00020        0.0000          183.9265        -50.12          0.000
281.261        0.0002          -0.0006         -1.48180        -0.00020        0.0000          183.9082        -50.16          0.000
282.011        0.0002          -0.0006         -1.48470        -0.00020        0.0000          183.8899        -50.16          0.000
282.753        0.0002          -0.0006         -1.49050        -0.00020        0.0000          183.8624        -50.16          0.000
283.511        0.0002          -0.0006         -1.49320        -0.00020        0.0000          183.8441        -50.16          0.000
284.261        0.0002          -0.0006         -1.49830        -0.00020        0.0000          183.8349        -50.16          0.000
285.001        0.0002          -0.0006         -1.50050        -0.00020        0.0000          183.8166        -50.16          0.000
285.763        0.0002          -0.0006         -1.50410        -0.00020        0.0000          183.7891        -50.16          0.000
286.512        0.0002          -0.0006         -1.50830        -0.00020        0.0000          183.7707        -50.16          0.000
287.253        0.0002          -0.0006         -1.51560        -0.00020        0.0000          183.7616        -50.16          0.000
288.013        0.0002          -0.0006         -1.51870        -0.00020        0.0000          183.7432        -50.16          0.000
288.753        0.0002          -0.0006         -1.52480        -0.00020        0.0000          183.7249        -50.16          0.000
289.513        0.0002          -0.0006         -1.52770        -0.00020        0.0000          183.6974        -50.12          0.000
290.263        0.0002          -0.0006         -1.53320        -0.00020        0.0000          183.6883        -50.16          0.000
291.004        0.0002          -0.0006         -1.53610        -0.00020        0.0000          183.6699        -50.16          0.000
291.754        0.0002          -0.0006         -1.54110        -0.00020        0.0000          183.6516        -50.16          0.000
292.514        0.0002          -0.0006         -1.54350        -0.00020        0.0000          183.6241        -50.16          0.000
293.254        0.0002          -0.0006         -1.54740        -0.00020        0.0000          183.6149        -50.16          0.000
294.005        0.0002          -0.0006         -1.54920        -0.00020        0.0000          183.5874        -50.16          0.000
294.755        0.0002          -0.0006         -1.55280        -0.00020        0.0000          183.5599        -50.16          0.000
295.516        0.0002          -0.0006         -1.55450        -0.00020        0.0000          183.5416        -50.16          0.000
296.268        0.0002          -0.0006         -1.55800        -0.00020        0.0000          183.5325        -50.16          0.000
297.018        0.0002          -0.0006         -1.55970        -0.00020        0.0000          183.5050        -50.12          0.000
297.758        0.0002          -0.0006         -1.56280        -0.00020        0.0000          183.4958        -50.16          0.000
298.518        0.0002          -0.0006         -1.56450        -0.00020        0.0000          183.4683        -50.16          0.000
299.258        0.0002          -0.0006         -1.56750        -0.00020        0.0000          183.4591        -50.16          0.000
300.019        0.0002          -0.0006         -1.56870        -0.00020        0.0000          183.4316        -50.16          0.000
300.769        0.0002          -0.0006         -1.57310        -0.00020        0.0000          183.4133        -50.16          0.000
301.500        0.0002          -0.0006         -1.57590        -0.00020        0.0000          183.3950        -50.12          0.000
302.260        0.0002          -0.0006         -1.58170        -0.00020        0.0000          183.3858        -50.16          0.000
303.000        0.0002          -0.0006         -1.58450        -0.00020        0.0000          183.3583        -50.16          0.000
303.770        0.0002          -0.0006         -1.58980        -0.00020        0.0000          183.3400        -50.16          0.000
304.510        0.0002          -0.0006         -1.59260        -0.00020        0.0000          183.3217        -50.16          0.000
305.261        0.0002          -0.0006         -1.59750        -0.00020        0.0000          183.3033        -50.12          0.000
306.002        0.0002          -0.0006         -1.60000        -0.00020        0.0000          183.2850        -50.12          0.000
306.761        0.0002          -0.0006         -1.60430        -0.00020        0.0000          183.2667        -50.16          0.000
307.501        0.0002          -0.0006         -1.60650        -0.00020        0.0000          183.2483        -50.16          0.000
308.251        0.0002          -0.0006         -1.61030        -0.00020        0.0000          183.2300        -50.16          0.000
309.002        0.0002          -0.0006         -1.61180        -0.00020        0.0000          183.2117        -50.12          0.000
309.753        0.0002          -0.0006         -1.61300        -0.00020        0.0000          183.1934        -50.16          0.000
310.503        0.0002          -0.0006         -1.61650        -0.00020        0.0000          183.1750        -50.16          0.000
311.264        0.0002          -0.0006         -1.62230        -0.00020        0.0000          183.1567        -50.16          0.000
312.014        0.0002          -0.0006         -1.62490        -0.00020        0.0000          183.1384        -50.16          0.000
312.754        0.0002          -0.0006         -1.62930        -0.00020        0.0000          183.1200        -50.16          0.000
313.514        0.0002          -0.0006         -1.63140        -0.00020        0.0000          183.1017        -50.16          0.000
314.264        0.0002          -0.0006         -1.63510        -0.00020        0.0000          183.0834        -50.16          0.000
315.013        0.0002          -0.0006         -1.63690        -0.00020        0.0000          183.0651        -50.16          0.000
315.763        0.0002          -0.0006         -1.64030        -0.00020        0.0000          183.0467        -50.12          0.000
316.514        0.0002          -0.0006         -1.64180        -0.00020        0.0000          183.0192        -50.12          0.000
317.254        0.0002          -0.0006         -1.64420        -0.00020        0.0000          183.0101        -50.16          0.000
318.003        0.0002          -0.0006         -1.64530        -0.00020        0.0000          182.9826        -50.12          0.000
318.753        0.0002          -0.0006         -1.64720        -0.00020        0.0000          182.9642        -50.16          0.000
319.514        0.0002          -0.0006         -1.64800        -0.00020        0.0000          182.9459        -50.16          0.000
320.264        0.0002          -0.0006         -1.64910        -0.00020        0.0000          182.9276        -50.16          0.000
321.006        0.0002          -0.0006         -1.64930        -0.00020        0.0000          182.9093        -50.16          0.000
321.765        0.0002          -0.0006         -1.65010        -0.00020        0.0000          182.8909        -50.16          0.000
322.505        0.0002          -0.0006         -1.65040        -0.00020        0.0000          182.8726        -50.16          0.000
323.255        0.0002          -0.0006         -1.65130        -0.00020        0.0000          182.8543        -50.16          0.000
324.007        0.0002          -0.0006         -1.65160        -0.00020        0.0000          182.8359        -50.16          0.000
324.766        0.0002          -0.0006         -1.65220        -0.00020        0.0000          182.8084        -50.16          0.000
325.507        0.0002          -0.0006         -1.65360        -0.00020        0.0000          182.7901        -50.16          0.000
326.267        0.0002          -0.0006         -1.65720        -0.00020        0.0000          182.7718        -50.16          0.000
327.008        0.0002          -0.0006         -1.65900        -0.00020        0.0000          182.7535        -50.16          0.000
327.759        0.0002          -0.0006         -1.66250        -0.00020        0.0000          182.7351        -50.16          0.000
328.507        0.0002          -0.0006         -1.66390        -0.00020        0.0000          182.7168        -50.12          0.000
329.268        0.0002          -0.0006         -1.66690        -0.00020        0.0000          182.6985        -50.16          0.000
330.017        0.0002          -0.0006         -1.66820        -0.00020        0.0000          182.6801        -50.16          0.000
330.768        0.0002          -0.0006         -1.67050        -0.00020        0.0000          182.6618        -50.16          0.000
331.518        0.0002          -0.0006         -1.67170        -0.00020        0.0000          182.6435        -50.16          0.000
332.259        0.0002          -0.0006         -1.67340        -0.00020        0.0000          182.6251        -50.16          0.000
333.008        0.0002          -0.0006         -1.67420        -0.00020        0.0000          182.6068        -50.16          0.000
333.768        0.0002          -0.0006         -1.67470        -0.00020        0.0000          182.5885        -50.16          0.000
334.508        0.0002          -0.0006         -1.67320        -0.00020        0.0000          182.5702        -50.16          0.000
335.258        0.0002          -0.0006         -1.67610        -0.00020        0.0000          182.5518        -50.16          0.000
336.008        0.0002          -0.0006         -1.67790        -0.00020        0.0000          182.5243        -50.16          0.000
336.768        0.0002          -0.0006         -1.68040        -0.00020        0.0000          182.5152        -50.16          0.000
337.518        0.0002          -0.0006         -1.68140        -0.00020        0.0000          182.4968        -50.12          0.000
338.259        0.0002          -0.0006         -1.68320        -0.00020        0.0000          182.4693        -50.16          0.000
339.019        0.0002          -0.0006         -1.68380        -0.00020        0.0000          182.4602        -50.16          0.000
339.770        0.0002          -0.0006         -1.68500        -0.00020        0.0000          182.4419        -50.12          0.000
340.520        0.0002          -0.0006         -1.68560        -0.00020        0.0000          182.4144        -50.16          0.000
341.260        0.0002          -0.0006         -1.68590        -0.00020        0.0000          182.4052        -50.16          0.000
342.009        0.0002          -0.0006         -1.68590        -0.00020        0.0000          182.3777        -50.16          0.000
342.751        0.0002          -0.0006         -1.68550        -0.00020        0.0000          182.3594        -50.16          0.000
343.511        0.0002          -0.0006         -1.68510        -0.00020        0.0000          182.3410        -50.16          0.000
344.262        0.0002          -0.0006         -1.68450        -0.00020        0.0000          182.3227        -50.12          0.000
345.011        0.0002          -0.0006         -1.68400        -0.00020        0.0000          182.3044        -50.16          0.000
345.751        0.0002          -0.0006         -1.68260        -0.00020        0.0000          182.2861        -50.16          0.000
346.512        0.0002          -0.0006         -1.68180        -0.00020        0.0000          182.2586        -50.16          0.000
347.253        0.0002          -0.0006         -1.67980        -0.00020        0.0000          182.2494        -50.16          0.000
348.013        0.0002          -0.0006         -1.67890        -0.00020        0.0000          182.2311        -50.12          0.000
348.753        0.0002          -0.0006         -1.67700        -0.00020        0.0000          182.2127        -50.16          0.000
349.503        0.0002          -0.0006         -1.67590        -0.00020        0.0000          182.1944        -50.16          0.000
350.253        0.0002          -0.0006         -1.67400        -0.00020        0.0000          182.1761        -50.16          0.000
351.013        0.0002          -0.0006         -1.67430        -0.00020        0.0000          182.1577        -50.16          0.000
351.764        0.0002          -0.0006         -1.67470        -0.00020        0.0000          182.1394        -50.12          0.000
352.514        0.0002          -0.0006         -1.67500        -0.00020        0.0000          182.1211        -50.16          0.000
353.256        0.0002          -0.0006         -1.67550        -0.00020        0.0000          182.0936        -50.16          0.000
354.005        0.0002          -0.0006         -1.67570        -0.00020        0.0000          182.0753        -50.16          0.000
354.755        0.0002          -0.0006         -1.67570        -0.00020        0.0000          182.0569        -50.12          0.000
355.505        0.0002          -0.0006         -1.67570        -0.00020        0.0000          182.0386        -50.16          0.000
356.265        0.0002          -0.0006         -1.67520        -0.00020        0.0000          182.0203        -50.12          0.000
357.005        0.0002          -0.0006         -1.67480        -0.00020        0.0000          182.0019        -50.16          0.000
357.766        0.0002          -0.0006         -1.67330        -0.00020        0.0000          181.9836        -50.12          0.000
358.506        0.0002          -0.0006         -1.67250        -0.00020        0.0000          181.9653        -50.12          0.000
359.256        0.0002          -0.0006         -1.67040        -0.00020        0.0000          181.9470        -50.16          0.000
360.006        0.0002          -0.0006         -1.66830        -0.00020        0.0000          181.9378        -50.16          0.000
360.755        0.0002          -0.0006         -1.66630        -0.00020        0.0000          181.9103        -50.12          0.000
361.516        0.0002          -0.0006         -1.66670        -0.00020        0.0000          181.8920        -50.16          0.000
362.258        0.0002          -0.0006         -1.66650        -0.00020        0.0000          181.8736        -50.16          0.000
363.008        0.0002          -0.0006         -1.66610        -0.00020        0.0000          181.8553        -50.16          0.000
363.758        0.0002          -0.0006         -1.66490        -0.00020        0.0000          181.8461        -50.16          0.000
364.508        0.0002          -0.0006         -1.66420        -0.00020        0.0000          181.8187        -50.16          0.000
365.268        0.0002          -0.0006         -1.66250        -0.00020        0.0000          181.8003        -50.16          0.000
366.007        0.0002          -0.0006         -1.66140        -0.00020        0.0000          181.7912        -50.16          0.000
366.758        0.0002          -0.0006         -1.65950        -0.00020        0.0000          181.7637        -50.16          0.000
367.509        0.0002          -0.0006         -1.65820        -0.00020        0.0000          181.7362        -50.16          0.000
368.250        0.0002          -0.0006         -1.65530        -0.00020        0.0000          181.7270        -50.16          0.000
369.019        0.0002          -0.0006         -1.65390        -0.00020        0.0000          181.7087        -50.16          0.000
369.760        0.0002          -0.0006         -1.65040        -0.00020        0.0000          181.6903        -50.16          0.000
370.510        0.0002          -0.0006         -1.64870        -0.00020        0.0000          181.6720        -50.16          0.000
371.251        0.0002          -0.0006         -1.64460        -0.00020        0.0000          181.6537        -50.16          0.000
372.010        0.0002          -0.0006         -1.64240        -0.00020        0.0000          181.6354        -50.16          0.000
372.770        0.0002          -0.0006         -1.63800        -0.00020        0.0000          181.6170        -50.16          0.000
373.501        0.0002          -0.0006         -1.63560        -0.00020        0.0000          181.5987        -50.16          0.000
374.262        0.0002          -0.0006         -1.63080        -0.00020        0.0000          181.5804        -50.16          0.000
375.012        0.0002          -0.0006         -1.62840        -0.00020        0.0000          181.5620        -50.16          0.000
375.753        0.0002          -0.0006         -1.62380        -0.00020        0.0000          181.5437        -50.12          0.000
376.504        0.0002          -0.0006         -1.62130        -0.00020        0.0000          181.5254        -50.12          0.000
377.263        0.0002          -0.0006         -1.61850        -0.00020        0.0000          181.5071        -50.16          0.000
378.004        0.0002          -0.0006         -1.61740        -0.00020        0.0000          181.4887        -50.12          0.000
378.754        0.0002          -0.0006         -1.61530        -0.00020        0.0000          181.4612        -50.12          0.000
379.514        0.0002          -0.0006         -1.61430        -0.00020        0.0000          181.4521        -50.16          0.000
380.254        0.0002          -0.0006         -1.61180        -0.00020        0.0000          181.4337        -50.16          0.000
381.015        0.0002          -0.0006         -1.61040        -0.00020        0.0000          181.4154        -50.12          0.000
381.755        0.0002          -0.0006         -1.60770        -0.00020        0.0000          181.3971        -50.16          0.000
382.506        0.0002          -0.0006         -1.60610        -0.00020        0.0000          181.3787        -50.16          0.000
383.256        0.0002          -0.0006         -1.60280        -0.00020        0.0000          181.3513        -50.16          0.000
384.006        0.0002          -0.0006         -1.60100        -0.00020        0.0000          181.3421        -50.16          0.000
384.767        0.0002          -0.0006         -1.59720        -0.00020        0.0000          181.3146        -50.16          0.000
385.517        0.0002          -0.0006         -1.59520        -0.00020        0.0000          181.3054        -50.16          0.000
386.267        0.0002          -0.0006         -1.59000        -0.00020        0.0000          181.2779        -50.16          0.000
387.007        0.0002          -0.0006         -1.58550        -0.00020        0.0000          181.2688        -50.16          0.000
387.779        0.0002          -0.0006         -1.58330        -0.00020        0.0000          181.2504        -50.16          0.000
388.509        0.0002          -0.0006         -1.58210        -0.00020        0.0000          181.2321        -50.16          0.000
389.259        0.0002          -0.0006         -1.57860        -0.00020        0.0000          181.2138        -50.16          0.000
390.008        0.0002          -0.0006         -1.57670        -0.00020        0.0000          181.1955        -50.16          0.000
390.759        0.0002          -0.0006         -1.57270        -0.00020        0.0000          181.1771        -50.12          0.000
391.509        0.0002          -0.0006         -1.57070        -0.00020        0.0000          181.1496        -50.12          0.000
392.259        0.0002          -0.0006         -1.56680        -0.00020        0.0000          181.1313        -50.16          0.000
393.009        0.0002          -0.0006         -1.56480        -0.00020        0.0000          181.1130        -50.16          0.000
393.759        0.0002          -0.0006         -1.56000        -0.00020        0.0000          181.0946        -50.16          0.000
394.510        0.0002          -0.0006         -1.55730        -0.00020        0.0000          181.0763        -50.12          0.000
395.259        0.0002          -0.0006         -1.55200        -0.00020        0.0000          181.0671        -50.16          0.000
396.010        0.0002          -0.0006         -1.54940        -0.00020        0.0000          181.0397        -50.16          0.000
396.760        0.0002          -0.0006         -1.54360        -0.00020        0.0000          181.0305        -50.16          0.000
397.510        0.0002          -0.0006         -1.54070        -0.00020        0.0000          181.0122        -50.16          0.000
398.251        0.0002          -0.0006         -1.53460        -0.00020        0.0000          180.9938        -50.16          0.000
399.001        0.0002          -0.0006         -1.53150        -0.00020        0.0000          180.9755        -50.12          0.000
399.762        0.0002          -0.0006         -1.52530        -0.00020        0.0000          180.9572        -50.16          0.000
400.502        0.0002          -0.0006         -1.52200        -0.00020        0.0000          180.9297        -50.16          0.000
401.253        0.0002          -0.0006         -1.51580        -0.00020        0.0000          180.9205        -50.16          0.000
402.003        0.0002          -0.0006         -1.51270        -0.00020        0.0000          180.9022        -50.16          0.000
402.764        0.0002          -0.0006         -1.50620        -0.00020        0.0000          180.8839        -50.16          0.000
403.513        0.0002          -0.0006         -1.50300        -0.00020        0.0000          180.8564        -50.12          0.000
404.265        0.0002          -0.0006         -1.49810        -0.00020        0.0000          180.8472        -50.12          0.000
405.005        0.0002          -0.0006         -1.49630        -0.00020        0.0000          180.8289        -50.16          0.000
405.756        0.0002          -0.0006         -1.49240        -0.00020        0.0000          180.8105        -50.16          0.000
406.516        0.0002          -0.0006         -1.49030        -0.00020        0.0000          180.7922        -50.16          0.000
407.266        0.0002          -0.0006         -1.48550        -0.00020        0.0000          180.7647        -50.16          0.000
408.007        0.0002          -0.0006         -1.48270        -0.00020        0.0000          180.7555        -50.16          0.000
408.767        0.0002          -0.0006         -1.48030        -0.00020        0.0000          180.7372        -50.16          0.000
409.507        0.0002          -0.0006         -1.48030        -0.00020        0.0000          180.7189        -50.16          0.000
410.257        0.0002          -0.0006         -1.47110        -0.00020        0.0000          180.6914        -50.16          0.000
411.007        0.0002          -0.0006         -1.46880        -0.00020        0.0000          180.6822        -50.16          0.000
411.758        0.0002          -0.0006         -1.46400        -0.00020        0.0000          180.6639        -50.16          0.000
412.518        0.0002          -0.0006         -1.46150        -0.00020        0.0000          180.6456        -50.16          0.000
413.268        0.0002          -0.0006         -1.45600        -0.00020        0.0000          180.5997        -50.16          0.000
414.009        0.0002          -0.0006         -1.45280        -0.00020        0.0000          180.5814        -50.16          0.000
414.768        0.0002          -0.0006         -1.44570        -0.00020        0.0000          180.5631        -50.16          0.000
415.518        0.0002          -0.0006         -1.44440        -0.00020        0.0000          180.5448        -50.16          0.000
416.259        0.0002          -0.0006         -1.44070        -0.00020        0.0000          180.5264        -50.16          0.000
417.009        0.0002          -0.0006         -1.43860        -0.00020        0.0000          180.5081        -50.16          0.000
417.751        0.0002          -0.0006         -1.43400        -0.00020        0.0000          180.4898        -50.12          0.000
418.519        0.0002          -0.0006         -1.43160        -0.00020        0.0000          180.4714        -50.12          0.000
419.270        0.0002          -0.0006         -1.42670        -0.00020        0.0000          180.4531        -50.12          0.000
420.009        0.0002          -0.0006         -1.42430        -0.00020        0.0000          180.4348        -50.16          0.000
420.760        0.0002          -0.0006         -1.41970        -0.00020        0.0000          180.4256        -50.16          0.000
421.510        0.0002          -0.0006         -1.41830        -0.00020        0.0000          180.3981        -50.16          0.000
422.260        0.0002          -0.0006         -1.41620        -0.00020        0.0000          180.3890        -50.16          0.000
423.020        0.0002          -0.0006         -1.41580        -0.00020        0.0000          180.3615        -50.12          0.000
423.760        0.0002          -0.0006         -1.41480        -0.00020        0.0000          180.3431        -50.12          0.000
424.510        0.0002          -0.0006         -1.41420        -0.00020        0.0000          180.3248        -50.16          0.000
425.260        0.0002          -0.0006         -1.41290        -0.00020        0.0000          180.3065        -50.12          0.000
426.000        0.0002          -0.0006         -1.41240        -0.00020        0.0000          180.2881        -50.16          0.000
426.761        0.0002          -0.0006         -1.41090        -0.00020        0.0000          180.2698        -50.16          0.000
427.500        0.0002          -0.0006         -1.40990        -0.00020        0.0000          180.2515        -50.16          0.000
428.263        0.0002          -0.0006         -1.40800        -0.00020        0.0000          180.2332        -50.12          0.000
429.012        0.0002          -0.0006         -1.40700        -0.00020        0.0000          180.2148        -50.16          0.000
429.753        0.0002          -0.0006         -1.40490        -0.00020        0.0000          180.2057        -50.16          0.000
430.502        0.0002          -0.0006         -1.40410        -0.00020        0.0000          180.1873        -50.16          0.000
431.253        0.0002          -0.0006         -1.40230        -0.00020        0.0000          180.1690        -50.16          0.000
432.014        0.0002          -0.0006         -1.40160        -0.00020        0.0000          180.1507        -50.16          0.000
432.765        0.0002          -0.0006         -1.40200        -0.00020        0.0000          180.1323        -50.16          0.000
433.514        0.0002          -0.0006         -1.40250        -0.00020        0.0000          180.1140        -50.16          0.000
434.254        0.0002          -0.0006         -1.40340        -0.00020        0.0000          180.0957        -50.16          0.000
435.004        0.0002          -0.0006         -1.40370        -0.00020        0.0000          180.0774        -50.16          0.000
435.764        0.0002          -0.0006         -1.40430        -0.00020        0.0000          180.0590        -50.16          0.000
436.515        0.0002          -0.0006         -1.40470        -0.00020        0.0000          180.0407        -50.16          0.000
437.254        0.0002          -0.0006         -1.40540        -0.00020        0.0000          180.0224        -50.16          0.000
