;Time(s)       Ch0/V           Ch0/V           Ch2/V           Ch3/V           Z_Motor         Beam_current    temperature     Absorbance
;lambda (nm)   110.000
0.000          0.0002          -0.0006         -1.23250        -0.00020        0.0000          181.4062        -50.16          0.000
0.761          0.0002          -0.0006         -1.23290        -0.00020        0.0000          181.3787        -50.16          0.000
1.502          0.0002          -0.0006         -1.23720        -0.00020        0.0000          181.3604        -50.16          0.000
2.261          0.0002          -0.0006         -1.24040        -0.00020        0.0000          181.3421        -50.12          0.000
3.011          0.0002          -0.0006         -1.24210        -0.00020        0.0000          181.3238        -50.16          0.000
3.752          0.0002          -0.0006         -1.24150        -0.00020        0.0000          181.3054        -50.12          0.000
4.502          0.0002          -0.0006         -1.23960        -0.00020        0.0000          181.2871        -50.16          0.000
5.254          0.0002          -0.0006         -1.23750        -0.00020        0.0000          181.2688        -50.12          0.000
6.013          0.0002          -0.0006         -1.23750        -0.00020        0.0000          181.2413        -50.16          0.000
6.763          0.0002          -0.0006         -1.23950        -0.00020        0.0000          181.2321        -50.16          0.000
7.503          0.0002          -0.0006         -1.24010        -0.00020        0.0000          181.2138        -50.16          0.000
8.274          0.0002          -0.0006         -1.24470        -0.00020        0.0000          181.1863        -50.16          0.000
9.014          0.0002          -0.0006         -1.24870        -0.00020        0.0000          181.1680        -50.16          0.000
9.764          0.0002          -0.0006         -1.24830        -0.00020        0.0000          181.1496        -50.16          0.000
10.514         0.0002          -0.0006         -1.24650        -0.00020        0.0000          181.1313        -50.12          0.000
11.264         0.0002          -0.0006         -1.24460        -0.00020        0.0000          181.1130        -50.16          0.000
12.005         0.0002          -0.0006         -1.24230        -0.00020        0.0000          181.1038        -50.12          0.000
12.765         0.0002          -0.0006         -1.24470        -0.00020        0.0000          181.0763        -50.16          0.000
13.515         0.0002          -0.0006         -1.24520        -0.00020        0.0000          181.0488        -50.16          0.000
14.265         0.0002          -0.0006         -1.24950        -0.00020        0.0000          181.0397        -50.16          0.000
15.005         0.0002          -0.0006         -1.25410        -0.00020        0.0000          181.0305        -50.16          0.000
15.757         0.0002          -0.0006         -1.25400        -0.00020        0.0000          181.0030        -50.12          0.000
16.506         0.0002          -0.0006         -1.25200        -0.00020        0.0000          180.9847        -50.16          0.000
17.256         0.0002          -0.0006         -1.25000        -0.00020        0.0000          180.9663        -50.12          0.000
18.006         0.0002          -0.0006         -1.24840        -0.00020        0.0000          180.9480        -50.16          0.000
18.766         0.0002          -0.0006         -1.24990        -0.00020        0.0000          180.9297        -50.12          0.000
19.516         0.0002          -0.0006         -1.25080        -0.00020        0.0000          180.9113        -50.16          0.000
20.256         0.0002          -0.0006         -1.25550        -0.00020        0.0000          180.8839        -50.12          0.000
21.007         0.0002          -0.0006         -1.25900        -0.00020        0.0000          180.8747        -50.16          0.000
21.757         0.0002          -0.0006         -1.25900        -0.00020        0.0000          180.8564        -50.16          0.000
22.507         0.0002          -0.0006         -1.25610        -0.00020        0.0000          180.8380        -50.16          0.000
23.258         0.0002          -0.0006         -1.25420        -0.00020        0.0000          180.8105        -50.16          0.000
24.018         0.0002          -0.0006         -1.25450        -0.00020        0.0000          180.8014        -50.12          0.000
24.759         0.0002          -0.0006         -1.25590        -0.00020        0.0000          180.7739        -50.16          0.000
25.510         0.0002          -0.0006         -1.25920        -0.00020        0.0000          180.7555        -50.16          0.000
26.269         0.0002          -0.0006         -1.26240        -0.00020        0.0000          180.7464        -50.12          0.000
27.000         0.0002          -0.0006         -1.26380        -0.00020        0.0000          180.7189        -50.16          0.000
27.760         0.0002          -0.0006         -1.26220        -0.00020        0.0000          180.7006        -50.12          0.000
28.511         0.0002          -0.0006         -1.25720        -0.00020        0.0000          180.6914        -50.16          0.000
29.250         0.0002          -0.0006         -1.25450        -0.00020        0.0000          180.6731        -50.16          0.000
30.001         0.0002          -0.0006         -1.25540        -0.00020        0.0000          180.6456        -50.12          0.000
30.753         0.0002          -0.0006         -1.25330        -0.00020        0.0000          180.6272        -50.16          0.000
31.502         0.0002          -0.0006         -1.25780        -0.00020        0.0000          180.6089        -50.16          0.000
32.252         0.0002          -0.0006         -1.25730        -0.00020        0.0000          180.5906        -50.16          0.000
33.002         0.0002          -0.0006         -1.25270        -0.00020        0.0000          180.5723        -50.16          0.000
33.751         0.0002          -0.0006         -1.24870        -0.00020        0.0000          180.5539        -50.16          0.000
34.502         0.0002          -0.0006         -1.24260        -0.00020        0.0000          180.5448        -50.16          0.000
35.262         0.0002          -0.0006         -1.24210        -0.00020        0.0000          180.5264        -50.16          0.000
36.004         0.0002          -0.0006         -1.23940        -0.00020        0.0000          180.5081        -50.16          0.000
36.763         0.0002          -0.0006         -1.24150        -0.00020        0.0000          180.4898        -50.12          0.000
37.504         0.0002          -0.0006         -1.24130        -0.00020        0.0000          180.4714        -50.12          0.000
38.253         0.0002          -0.0006         -1.23840        -0.00020        0.0000          180.4531        -50.16          0.000
39.004         0.0002          -0.0006         -1.23090        -0.00020        0.0000          180.4348        -50.12          0.000
39.764         0.0002          -0.0006         -1.22660        -0.00020        0.0000          180.4165        -50.16          0.000
40.503         0.0002          -0.0006         -1.22580        -0.00020        0.0000          180.3981        -50.16          0.000
41.264         0.0002          -0.0006         -1.22330        -0.00020        0.0000          180.3798        -50.16          0.000
42.004         0.0002          -0.0006         -1.22640        -0.00020        0.0000          180.3615        -50.12          0.000
42.763         0.0002          -0.0006         -1.22590        -0.00020        0.0000          180.3431        -50.16          0.000
43.514         0.0002          -0.0006         -1.22080        -0.00020        0.0000          180.3248        -50.16          0.000
44.264         0.0002          -0.0006         -1.21680        -0.00020        0.0000          180.3065        -50.16          0.000
45.004         0.0002          -0.0006         -1.21170        -0.00020        0.0000          180.2881        -50.16          0.000
45.764         0.0002          -0.0006         -1.21090        -0.00020        0.0000          180.2698        -50.16          0.000
46.505         0.0002          -0.0006         -1.20900        -0.00020        0.0000          180.2515        -50.16          0.000
47.254         0.0002          -0.0006         -1.21050        -0.00020        0.0000          180.2423        -50.16          0.000
48.005         0.0002          -0.0006         -1.20890        -0.00020        0.0000          180.2057        -50.16          0.000
48.765         0.0002          -0.0006         -1.20550        -0.00020        0.0000          180.1873        -50.16          0.000
49.515         0.0002          -0.0006         -1.19700        -0.00020        0.0000          180.1782        -50.16          0.000
50.255         0.0002          -0.0006         -1.19580        -0.00020        0.0000          180.1507        -50.16          0.000
51.015         0.0002          -0.0006         -1.19320        -0.00020        0.0000          180.1323        -50.16          0.000
51.765         0.0002          -0.0006         -1.19210        -0.00020        0.0000          180.1140        -50.16          0.000
52.515         0.0002          -0.0006         -1.19360        -0.00020        0.0000          180.0957        -50.12          0.000
53.255         0.0002          -0.0006         -1.19210        -0.00020        0.0000          180.0774        -50.16          0.000
54.016         0.0002          -0.0006         -1.18470        -0.00020        0.0000          180.0590        -50.12          0.000
54.766         0.0002          -0.0006         -1.18030        -0.00020        0.0000          180.0407        -50.16          0.000
55.507         0.0002          -0.0006         -1.17800        -0.00020        0.0000          180.0224        -50.12          0.000
56.267         0.0002          -0.0006         -1.17590        -0.00020        0.0000          180.0040        -50.16          0.000
57.017         0.0002          -0.0006         -1.17640        -0.00020        0.0000          179.9857        -50.16          0.000
57.751         0.0002          -0.0006         -1.17630        -0.00020        0.0000          179.9674        -50.16          0.000
58.517         0.0002          -0.0006         -1.17150        -0.00020        0.0000          179.9491        -50.16          0.000
59.265         0.0002          -0.0006         -1.16730        -0.00020        0.0000          179.9307        -50.16          0.000
60.016         0.0002          -0.0006         -1.16230        -0.00020        0.0000          179.9124        -50.12          0.000
60.756         0.0002          -0.0006         -1.16120        -0.00020        0.0000          179.8849        -50.16          0.000
61.505         0.0002          -0.0006         -1.15860        -0.00020        0.0000          179.8757        -50.16          0.000
62.255         0.0002          -0.0006         -1.15910        -0.00020        0.0000          179.8574        -50.16          0.000
63.006         0.0002          -0.0006         -1.15620        -0.00020        0.0000          179.8391        -50.16          0.000
63.764         0.0002          -0.0006         -1.15290        -0.00020        0.0000          179.8116        -50.16          0.000
64.514         0.0002          -0.0006         -1.14440        -0.00020        0.0000          179.8024        -50.12          0.000
65.254         0.0002          -0.0006         -1.14450        -0.00020        0.0000          179.7841        -50.16          0.000
66.016         0.0002          -0.0006         -1.14070        -0.00020        0.0000          179.7566        -50.16          0.000
66.750         0.0002          -0.0006         -1.14170        -0.00020        0.0000          179.7474        -50.16          0.000
67.515         0.0002          -0.0006         -1.14140        -0.00020        0.0000          179.7291        -50.16          0.000
68.255         0.0002          -0.0006         -1.13880        -0.00020        0.0000          179.7108        -50.12          0.000
69.004         0.0002          -0.0006         -1.13160        -0.00020        0.0000          179.6924        -50.16          0.000
69.752         0.0002          -0.0006         -1.12860        -0.00020        0.0000          179.6741        -50.16          0.000
70.510         0.0002          -0.0006         -1.12750        -0.00020        0.0000          179.6649        -50.12          0.000
71.258         0.0002          -0.0006         -1.12390        -0.00020        0.0000          179.6466        -50.16          0.000
72.005         0.0002          -0.0006         -1.12610        -0.00020        0.0000          183.9815        -50.12          0.000
72.765         0.0002          -0.0006         -1.12550        -0.00020        0.0000          183.9540        -50.12          0.000
73.515         0.0002          -0.0006         -1.11910        -0.00020        0.0000          183.9449        -50.16          0.000
74.265         0.0002          -0.0006         -1.11490        -0.00020        0.0000          183.9265        -50.16          0.000
75.008         0.0002          -0.0006         -1.11440        -0.00020        0.0000          183.9082        -50.16          0.000
75.760         0.0002          -0.0006         -1.11210        -0.00020        0.0000          183.8899        -50.12          0.000
76.515         0.0002          -0.0006         -1.11340        -0.00020        0.0000          183.8715        -50.16          0.000
77.253         0.0002          -0.0006         -1.11290        -0.00020        0.0000          183.8441        -50.12          0.000
78.001         0.0002          -0.0006         -1.10760        -0.00020        0.0000          183.8257        -50.16          0.000
78.753         0.0002          -0.0006         -1.10430        -0.00020        0.0000          183.8074        -50.12          0.000
79.516         0.0002          -0.0006         -1.10150        -0.00020        0.0000          183.7891        -50.16          0.000
80.264         0.0002          -0.0006         -1.10090        -0.00020        0.0000          183.7707        -50.12          0.000
81.003         0.0002          -0.0006         -1.10090        -0.00020        0.0000          183.7524        -50.12          0.000
81.765         0.0002          -0.0006         -1.10120        -0.00020        0.0000          183.7341        -50.16          0.000
82.514         0.0002          -0.0006         -1.09780        -0.00020        0.0000          183.7066        -50.12          0.000
83.254         0.0002          -0.0006         -1.09490        -0.00020        0.0000          183.6883        -50.16          0.000
84.005         0.0002          -0.0006         -1.09030        -0.00020        0.0000          183.6699        -50.16          0.000
84.764         0.0002          -0.0006         -1.09130        -0.00020        0.0000          183.6608        -50.16          0.000
85.504         0.0002          -0.0006         -1.09020        -0.00020        0.0000          183.6333        -50.16          0.000
86.265         0.0002          -0.0006         -1.09180        -0.00020        0.0000          183.6149        -50.16          0.000
87.005         0.0002          -0.0006         -1.09090        -0.00020        0.0000          183.6058        -50.16          0.000
87.755         0.0002          -0.0006         -1.08830        -0.00020        0.0000          183.5783        -50.16          0.000
88.515         0.0002          -0.0006         -1.08260        -0.00020        0.0000          183.5599        -50.16          0.000
89.255         0.0002          -0.0006         -1.08420        -0.00020        0.0000          183.5325        -50.16          0.000
90.006         0.0002          -0.0006         -1.08300        -0.00020        0.0000          183.5141        -50.16          0.000
90.757         0.0002          -0.0006         -1.08530        -0.00020        0.0000          183.4958        -50.16          0.000
91.505         0.0002          -0.0006         -1.08670        -0.00020        0.0000          183.4775        -50.16          0.000
92.256         0.0002          -0.0006         -1.08460        -0.00020        0.0000          183.4683        -50.16          0.000
93.016         0.0002          -0.0006         -1.07880        -0.00020        0.0000          183.4500        -50.16          0.000
93.757         0.0002          -0.0006         -1.07980        -0.00020        0.0000          183.4316        -50.16          0.000
94.506         0.0002          -0.0006         -1.08050        -0.00020        0.0000          183.4041        -50.16          0.000
95.266         0.0002          -0.0006         -1.08180        -0.00020        0.0000          183.3950        -50.16          0.000
96.016         0.0002          -0.0006         -1.08540        -0.00020        0.0000          183.3675        -50.16          0.000
96.765         0.0002          -0.0006         -1.08450        -0.00020        0.0000          183.3492        -50.16          0.000
97.507         0.0002          -0.0006         -1.07990        -0.00020        0.0000          183.3308        -50.16          0.000
98.256         0.0002          -0.0006         -1.07950        -0.00020        0.0000          183.3125        -50.12          0.000
99.006         0.0002          -0.0006         -1.08270        -0.00020        0.0000          183.2850        -50.12          0.000
99.755         0.0002          -0.0006         -1.08250        -0.00020        0.0000          183.2667        -50.16          0.000
100.506        0.0002          -0.0006         -1.08830        -0.00020        0.0000          183.2483        -50.16          0.000
101.256        0.0002          -0.0006         -1.08870        -0.00020        0.0000          183.2300        -50.16          0.000
102.006        0.0002          -0.0006         -1.08570        -0.00020        0.0000          183.2117        -50.16          0.000
102.766        0.0002          -0.0006         -1.08420        -0.00020        0.0000          183.1842        -50.16          0.000
103.506        0.0002          -0.0006         -1.08880        -0.00020        0.0000          183.1659        -50.16          0.000
104.256        0.0002          -0.0006         -1.08870        -0.00020        0.0000          183.1567        -50.16          0.000
105.006        0.0002          -0.0006         -1.09510        -0.00020        0.0000          183.1384        -50.12          0.000
105.766        0.0002          -0.0006         -1.09680        -0.00020        0.0000          183.1200        -50.16          0.000
106.516        0.0002          -0.0006         -1.09520        -0.00020        0.0000          183.1017        -50.16          0.000
107.256        0.0002          -0.0006         -1.09370        -0.00020        0.0000          183.0834        -50.16          0.000
108.006        0.0002          -0.0006         -1.09850        -0.00020        0.0000          183.0651        -50.12          0.000
108.766        0.0002          -0.0006         -1.10000        -0.00020        0.0000          183.0376        -50.16          0.000
109.516        0.0002          -0.0006         -1.10580        -0.00020        0.0000          183.0192        -50.16          0.000
110.266        0.0002          -0.0006         -1.10890        -0.00020        0.0000          183.0101        -50.16          0.000
111.017        0.0002          -0.0006         -1.10950        -0.00020        0.0000          182.9826        -50.16          0.000
111.757        0.0002          -0.0006         -1.10840        -0.00020        0.0000          182.9642        -50.16          0.000
112.518        0.0002          -0.0006         -1.11260        -0.00020        0.0000          182.9551        -50.16          0.000
113.268        0.0002          -0.0006         -1.11570        -0.00020        0.0000          182.9276        -50.16          0.000
114.018        0.0002          -0.0006         -1.12140        -0.00020        0.0000          182.9093        -50.16          0.000
114.757        0.0002          -0.0006         -1.12540        -0.00020        0.0000          182.8909        -50.16          0.000
115.508        0.0002          -0.0006         -1.12900        -0.00020        0.0000          182.8634        -50.16          0.000
116.258        0.0002          -0.0006         -1.12870        -0.00020        0.0000          182.8543        -50.16          0.000
117.009        0.0002          -0.0006         -1.13130        -0.00020        0.0000          182.8359        -50.16          0.000
117.769        0.0002          -0.0006         -1.13580        -0.00020        0.0000          182.8084        -50.12          0.000
118.519        0.0002          -0.0006         -1.14210        -0.00020        0.0000          182.7993        -50.16          0.000
119.269        0.0002          -0.0006         -1.14690        -0.00020        0.0000          182.7809        -50.16          0.000
120.010        0.0002          -0.0006         -1.15280        -0.00020        0.0000          182.7626        -50.16          0.000
120.760        0.0002          -0.0006         -1.15370        -0.00020        0.0000          182.7443        -50.16          0.000
121.520        0.0002          -0.0006         -1.15500        -0.00020        0.0000          182.7168        -50.12          0.000
122.259        0.0002          -0.0006         -1.15990        -0.00020        0.0000          182.7076        -50.16          0.000
123.020        0.0002          -0.0006         -1.16660        -0.00020        0.0000          182.6893        -50.16          0.000
123.750        0.0002          -0.0006         -1.17280        -0.00020        0.0000          182.6618        -50.16          0.000
124.511        0.0002          -0.0006         -1.18000        -0.00020        0.0000          182.6435        -50.16          0.000
125.262        0.0002          -0.0006         -1.18160        -0.00020        0.0000          182.6160        -50.12          0.000
126.012        0.0002          -0.0006         -1.18320        -0.00020        0.0000          182.5977        -50.16          0.000
126.752        0.0002          -0.0006         -1.18800        -0.00020        0.0000          182.5793        -50.12          0.000
127.514        0.0002          -0.0006         -1.19520        -0.00020        0.0000          182.5702        -50.16          0.000
128.263        0.0002          -0.0006         -1.20120        -0.00020        0.0000          182.5518        -50.12          0.000
129.004        0.0002          -0.0006         -1.21140        -0.00020        0.0000          182.5335        -50.16          0.000
129.763        0.0002          -0.0006         -1.21360        -0.00020        0.0000          182.5060        -50.16          0.000
130.504        0.0002          -0.0006         -1.21490        -0.00020        0.0000          182.4877        -50.16          0.000
131.264        0.0002          -0.0006         -1.21870        -0.00020        0.0000          182.4693        -50.16          0.000
132.006        0.0002          -0.0006         -1.22880        -0.00020        0.0000          182.4510        -50.16          0.000
132.765        0.0002          -0.0006         -1.23180        -0.00020        0.0000          182.4327        -50.16          0.000
133.505        0.0002          -0.0006         -1.24420        -0.00020        0.0000          182.4235        -50.16          0.000
134.255        0.0002          -0.0006         -1.24790        -0.00020        0.0000          182.3960        -50.16          0.000
135.005        0.0002          -0.0006         -1.25030        -0.00020        0.0000          182.3777        -50.16          0.000
135.756        0.0002          -0.0006         -1.25130        -0.00020        0.0000          182.3594        -50.12          0.000
136.506        0.0002          -0.0006         -1.26260        -0.00020        0.0000          182.3410        -50.16          0.000
137.266        0.0002          -0.0006         -1.26580        -0.00020        0.0000          182.3135        -50.16          0.000
138.006        0.0002          -0.0006         -1.27810        -0.00020        0.0000          182.2952        -50.12          0.000
138.757        0.0002          -0.0006         -1.28230        -0.00020        0.0000          182.2769        -50.16          0.000
139.517        0.0002          -0.0006         -1.28620        -0.00020        0.0000          182.2586        -50.12          0.000
140.258        0.0002          -0.0006         -1.28690        -0.00020        0.0000          182.2402        -50.12          0.000
141.017        0.0002          -0.0006         -1.29670        -0.00020        0.0000          182.2127        -50.16          0.000
141.758        0.0002          -0.0006         -1.30090        -0.00020        0.0000          182.2036        -50.12          0.000
142.508        0.0002          -0.0006         -1.31190        -0.00020        0.0000          182.1852        -50.16          0.000
143.268        0.0002          -0.0006         -1.31750        -0.00020        0.0000          182.1669        -50.16          0.000
144.018        0.0002          -0.0006         -1.32230        -0.00020        0.0000          182.1486        -50.16          0.000
144.758        0.0002          -0.0006         -1.32270        -0.00020        0.0000          182.1303        -50.16          0.000
145.518        0.0002          -0.0006         -1.33000        -0.00020        0.0000          182.1119        -50.12          0.000
146.259        0.0002          -0.0006         -1.33570        -0.00020        0.0000          182.0936        -50.16          0.000
147.019        0.0002          -0.0006         -1.34480        -0.00020        0.0000          182.0661        -50.12          0.000
147.769        0.0002          -0.0006         -1.35050        -0.00020        0.0000          182.0569        -50.12          0.000
148.519        0.0002          -0.0006         -1.35730        -0.00020        0.0000          182.0386        -50.16          0.000
149.269        0.0002          -0.0006         -1.35870        -0.00020        0.0000          182.0203        -50.16          0.000
150.009        0.0002          -0.0006         -1.36250        -0.00020        0.0000          181.9928        -50.16          0.000
150.770        0.0002          -0.0006         -1.36830        -0.00020        0.0000          181.9745        -50.16          0.000
151.519        0.0002          -0.0006         -1.37600        -0.00020        0.0000          181.9561        -50.16          0.000
152.259        0.0002          -0.0006         -1.38390        -0.00020        0.0000          181.9378        -50.16          0.000
153.009        0.0002          -0.0006         -1.39360        -0.00020        0.0000          181.9195        -50.16          0.000
153.760        0.0002          -0.0006         -1.39510        -0.00020        0.0000          181.9011        -50.16          0.000
154.500        0.0002          -0.0006         -1.39620        -0.00020        0.0000          181.8828        -50.16          0.000
155.251        0.0002          -0.0006         -1.40240        -0.00020        0.0000          181.8645        -50.16          0.000
156.001        0.0002          -0.0006         -1.41140        -0.00020        0.0000          181.8553        -50.16          0.000
156.751        0.0002          -0.0006         -1.41690        -0.00020        0.0000          181.8278        -50.16          0.000
157.517        0.0002          -0.0006         -1.42700        -0.00020        0.0000          181.8095        -50.16          0.000
158.257        0.0002          -0.0006         -1.42940        -0.00020        0.0000          181.8003        -50.16          0.000
159.007        0.0002          -0.0006         -1.43000        -0.00020        0.0000          181.7820        -50.16          0.000
159.758        0.0002          -0.0006         -1.43210        -0.00020        0.0000          181.7545        -50.12          0.000
160.508        0.0002          -0.0006         -1.44170        -0.00020        0.0000          181.7362        -50.16          0.000
161.258        0.0002          -0.0006         -1.44370        -0.00020        0.0000          181.7178        -50.16          0.000
162.019        0.0002          -0.0006         -1.45540        -0.00020        0.0000          181.6995        -50.16          0.000
162.759        0.0002          -0.0006         -1.45850        -0.00020        0.0000          181.6812        -50.16          0.000
163.519        0.0002          -0.0006         -1.45860        -0.00020        0.0000          181.6629        -50.16          0.000
164.259        0.0002          -0.0006         -1.45710        -0.00020        0.0000          181.6354        -50.12          0.000
165.018        0.0002          -0.0006         -1.46580        -0.00020        0.0000          181.6170        -50.16          0.000
165.769        0.0002          -0.0006         -1.46900        -0.00020        0.0000          181.5987        -50.16          0.000
166.509        0.0002          -0.0006         -1.47730        -0.00020        0.0000          181.5804        -50.16          0.000
167.259        0.0002          -0.0006         -1.48080        -0.00020        0.0000          181.5620        -50.16          0.000
168.009        0.0002          -0.0006         -1.48160        -0.00020        0.0000          181.5529        -50.16          0.000
168.759        0.0002          -0.0006         -1.48020        -0.00020        0.0000          181.5254        -50.16          0.000
169.519        0.0002          -0.0006         -1.48390        -0.00020        0.0000          181.5071        -50.16          0.000
170.260        0.0002          -0.0006         -1.48770        -0.00020        0.0000          181.4887        -50.16          0.000
171.000        0.0002          -0.0006         -1.49200        -0.00020        0.0000          181.4704        -50.16          0.000
171.761        0.0002          -0.0006         -1.49560        -0.00020        0.0000          181.4521        -50.16          0.000
172.502        0.0002          -0.0006         -1.49870        -0.00020        0.0000          181.4429        -50.16          0.000
173.253        0.0002          -0.0006         -1.49700        -0.00020        0.0000          181.4154        -50.12          0.000
174.002        0.0002          -0.0006         -1.49360        -0.00020        0.0000          181.4062        -50.12          0.000
174.762        0.0002          -0.0006         -1.49710        -0.00020        0.0000          181.3787        -50.16          0.000
175.502        0.0002          -0.0006         -1.49990        -0.00020        0.0000          181.3604        -50.16          0.000
176.262        0.0002          -0.0006         -1.50360        -0.00020        0.0000          181.3421        -50.16          0.000
177.003        0.0002          -0.0006         -1.50660        -0.00020        0.0000          181.3238        -50.16          0.000
177.763        0.0002          -0.0006         -1.50500        -0.00020        0.0000          181.3054        -50.16          0.000
178.513        0.0002          -0.0006         -1.49750        -0.00020        0.0000          181.2871        -50.16          0.000
179.252        0.0002          -0.0006         -1.49790        -0.00020        0.0000          181.2596        -50.12          0.000
180.013        0.0002          -0.0006         -1.50240        -0.00020        0.0000          181.2504        -50.16          0.000
180.754        0.0002          -0.0006         -1.50160        -0.00020        0.0000          181.2321        -50.16          0.000
181.504        0.0002          -0.0006         -1.50420        -0.00020        0.0000          181.2138        -50.16          0.000
182.254        0.0002          -0.0006         -1.50290        -0.00020        0.0000          181.1863        -50.16          0.000
183.014        0.0002          -0.0006         -1.49570        -0.00020        0.0000          181.1771        -50.16          0.000
183.764        0.0002          -0.0006         -1.49110        -0.00020        0.0000          181.1588        -50.16          0.000
184.514        0.0002          -0.0006         -1.49360        -0.00020        0.0000          181.1405        -50.16          0.000
185.254        0.0002          -0.0006         -1.49290        -0.00020        0.0000          181.1221        -50.16          0.000
186.004        0.0002          -0.0006         -1.49170        -0.00020        0.0000          181.1038        -50.16          0.000
186.765        0.0002          -0.0006         -1.49100        -0.00020        0.0000          181.0763        -50.16          0.000
187.506        0.0002          -0.0006         -1.48380        -0.00020        0.0000          181.0580        -50.16          0.000
188.264        0.0002          -0.0006         -1.47920        -0.00020        0.0000          181.0397        -50.16          0.000
189.005        0.0002          -0.0006         -1.47400        -0.00020        0.0000          181.0213        -50.16          0.000
189.755        0.0002          -0.0006         -1.47390        -0.00020        0.0000          181.0030        -50.16          0.000
190.505        0.0002          -0.0006         -1.46970        -0.00020        0.0000          180.9847        -50.16          0.000
191.255        0.0002          -0.0006         -1.46960        -0.00020        0.0000          180.9663        -50.16          0.000
192.005        0.0002          -0.0006         -1.46420        -0.00020        0.0000          180.9480        -50.16          0.000
192.765        0.0002          -0.0006         -1.45880        -0.00020        0.0000          180.9205        -50.16          0.000
193.516        0.0002          -0.0006         -1.44630        -0.00020        0.0000          180.9113        -50.16          0.000
194.256        0.0002          -0.0006         -1.44610        -0.00020        0.0000          180.8930        -50.16          0.000
195.006        0.0002          -0.0006         -1.44220        -0.00020        0.0000          180.8747        -50.16          0.000
195.757        0.0002          -0.0006         -1.44010        -0.00020        0.0000          180.8472        -50.16          0.000
196.517        0.0002          -0.0006         -1.43600        -0.00020        0.0000          180.8380        -50.16          0.000
197.257        0.0002          -0.0006         -1.43070        -0.00020        0.0000          180.8197        -50.16          0.000
198.017        0.0002          -0.0006         -1.41730        -0.00020        0.0000          180.8014        -50.12          0.000
198.757        0.0002          -0.0006         -1.41130        -0.00020        0.0000          180.7739        -50.16          0.000
199.507        0.0002          -0.0006         -1.40910        -0.00020        0.0000          180.7555        -50.16          0.000
200.257        0.0002          -0.0006         -1.40520        -0.00020        0.0000          180.7372        -50.16          0.000
201.007        0.0002          -0.0006         -1.40010        -0.00020        0.0000          180.7189        -50.16          0.000
201.768        0.0002          -0.0006         -1.39630        -0.00020        0.0000          180.7006        -50.12          0.000
202.509        0.0002          -0.0006         -1.38410        -0.00020        0.0000          180.6914        -50.12          0.000
203.257        0.0002          -0.0006         -1.37710        -0.00020        0.0000          180.6639        -50.16          0.000
204.018        0.0002          -0.0006         -1.36910        -0.00020        0.0000          180.6456        -50.16          0.000
204.758        0.0002          -0.0006         -1.36690        -0.00020        0.0000          180.6364        -50.16          0.000
205.512        0.0002          -0.0006         -1.35810        -0.00020        0.0000          180.6089        -50.16          0.000
206.259        0.0002          -0.0006         -1.35560        -0.00020        0.0000          180.5997        -50.16          0.000
207.009        0.0002          -0.0006         -1.34600        -0.00020        0.0000          180.5814        -50.16          0.000
207.758        0.0002          -0.0006         -1.33970        -0.00020        0.0000          180.5539        -50.16          0.000
208.500        0.0002          -0.0006         -1.32560        -0.00020        0.0000          180.5356        -50.12          0.000
209.259        0.0002          -0.0006         -1.32310        -0.00020        0.0000          180.5264        -50.16          0.000
210.019        0.0002          -0.0006         -1.31610        -0.00020        0.0000          180.4989        -50.16          0.000
210.768        0.0002          -0.0006         -1.31090        -0.00020        0.0000          180.4806        -50.16          0.000
211.510        0.0002          -0.0006         -1.30470        -0.00020        0.0000          180.4623        -50.16          0.000
212.259        0.0002          -0.0006         -1.29930        -0.00020        0.0000          180.4439        -50.12          0.000
213.020        0.0002          -0.0006         -1.28700        -0.00020        0.0000          180.4256        -50.16          0.000
213.759        0.0002          -0.0006         -1.27900        -0.00020        0.0000          180.4073        -50.16          0.000
214.510        0.0002          -0.0006         -1.27250        -0.00020        0.0000          180.3981        -50.12          0.000
215.260        0.0002          -0.0006         -1.26800        -0.00020        0.0000          180.3798        -50.16          0.000
216.010        0.0002          -0.0006         -1.26020        -0.00020        0.0000          180.3615        -50.16          0.000
216.760        0.0002          -0.0006         -1.25650        -0.00020        0.0000          180.3340        -50.16          0.000
217.521        0.0002          -0.0006         -1.24480        -0.00020        0.0000          180.3156        -50.16          0.000
218.260        0.0002          -0.0006         -1.23800        -0.00020        0.0000          180.2973        -50.16          0.000
219.010        0.0002          -0.0006         -1.22560        -0.00020        0.0000          180.2881        -50.16          0.000
219.760        0.0002          -0.0006         -1.22310        -0.00020        0.0000          180.2607        -50.16          0.000
220.510        0.0002          -0.0006         -1.21450        -0.00020        0.0000          180.2515        -50.16          0.000
221.269        0.0002          -0.0006         -1.21230        -0.00020        0.0000          180.2240        -50.12          0.000
222.020        0.0002          -0.0006         -1.20470        -0.00020        0.0000          180.2057        -50.16          0.000
222.770        0.0002          -0.0006         -1.19900        -0.00020        0.0000          180.1873        -50.16          0.000
223.500        0.0002          -0.0006         -1.18580        -0.00020        0.0000          180.1782        -50.16          0.000
224.260        0.0002          -0.0006         -1.18090        -0.00020        0.0000          180.1507        -50.16          0.000
225.000        0.0002          -0.0006         -1.17670        -0.00020        0.0000          180.1323        -50.16          0.000
225.760        0.0002          -0.0006         -1.17260        -0.00020        0.0000          180.1140        -50.16          0.000
226.511        0.0002          -0.0006         -1.16810        -0.00020        0.0000          180.0957        -50.16          0.000
227.251        0.0002          -0.0006         -1.16470        -0.00020        0.0000          180.0957        -50.16          0.000
228.001        0.0002          -0.0006         -1.15260        -0.00020        0.0000          180.0590        -50.16          0.000
228.752        0.0002          -0.0006         -1.14690        -0.00020        0.0000          180.0407        -50.16          0.000
229.511        0.0002          -0.0006         -1.14030        -0.00020        0.0000          180.0224        -50.16          0.000
230.262        0.0002          -0.0006         -1.14030        -0.00020        0.0000          179.9949        -50.16          0.000
231.002        0.0002          -0.0006         -1.13400        -0.00020        0.0000          179.9857        -50.16          0.000
231.753        0.0002          -0.0006         -1.13370        -0.00020        0.0000          179.9674        -50.12          0.000
232.502        0.0002          -0.0006         -1.12840        -0.00020        0.0000          179.9491        -50.12          0.000
233.252        0.0002          -0.0006         -1.12470        -0.00020        0.0000          179.9307        -50.12          0.000
234.012        0.0002          -0.0006         -1.11610        -0.00020        0.0000          179.9124        -50.16          0.000
234.763        0.0002          -0.0006         -1.11480        -0.00020        0.0000          179.8849        -50.16          0.000
235.503        0.0002          -0.0006         -1.11450        -0.00020        0.0000          179.8757        -50.16          0.000
236.265        0.0002          -0.0006         -1.11220        -0.00020        0.0000          179.8574        -50.16          0.000
237.004        0.0002          -0.0006         -1.11240        -0.00020        0.0000          179.8391        -50.12          0.000
237.764        0.0002          -0.0006         -1.11130        -0.00020        0.0000          179.8207        -50.16          0.000
238.504        0.0002          -0.0006         -1.10690        -0.00020        0.0000          179.8024        -50.12          0.000
239.265        0.0002          -0.0006         -1.10390        -0.00020        0.0000          179.7841        -50.12          0.000
240.004        0.0002          -0.0006         -1.10350        -0.00020        0.0000          179.7658        -50.12          0.000
240.755        0.0002          -0.0006         -1.10480        -0.00020        0.0000          179.7474        -50.16          0.000
241.504        0.0002          -0.0006         -1.10450        -0.00020        0.0000          179.7291        -50.16          0.000
242.265        0.0002          -0.0006         -1.10680        -0.00020        0.0000          179.7108        -50.16          0.000
243.006        0.0002          -0.0006         -1.10750        -0.00020        0.0000          179.6924        -50.16          0.000
243.776        0.0002          -0.0006         -1.10680        -0.00020        0.0000          179.6741        -50.16          0.000
244.515        0.0002          -0.0006         -1.10430        -0.00020        0.0000          179.6558        -50.12          0.000
245.255        0.0002          -0.0006         -1.10580        -0.00020        0.0000          179.6375        -50.12          0.000
246.015        0.0002          -0.0006         -1.11130        -0.00020        0.0000          183.9082        -50.16          0.000
246.766        0.0002          -0.0006         -1.11190        -0.00020        0.0000          183.8807        -50.16          0.000
247.516        0.0002          -0.0006         -1.11790        -0.00020        0.0000          183.8624        -50.16          0.000
248.266        0.0002          -0.0006         -1.12010        -0.00020        0.0000          183.8441        -50.16          0.000
249.016        0.0002          -0.0006         -1.12190        -0.00020        0.0000          183.8257        -50.12          0.000
249.766        0.0002          -0.0006         -1.12220        -0.00020        0.0000          183.7982        -50.16          0.000
250.506        0.0002          -0.0006         -1.12680        -0.00020        0.0000          183.7799        -50.16          0.000
251.256        0.0002          -0.0006         -1.13120        -0.00020        0.0000          183.7616        -50.16          0.000
252.008        0.0002          -0.0006         -1.13650        -0.00020        0.0000          183.7524        -50.16          0.000
252.767        0.0002          -0.0006         -1.14170        -0.00020        0.0000          183.7249        -50.16          0.000
253.518        0.0002          -0.0006         -1.14900        -0.00020        0.0000          183.7157        -50.16          0.000
254.266        0.0002          -0.0006         -1.15120        -0.00020        0.0000          183.6883        -50.16          0.000
255.016        0.0002          -0.0006         -1.15450        -0.00020        0.0000          183.6699        -50.16          0.000
255.758        0.0002          -0.0006         -1.15720        -0.00020        0.0000          183.6516        -50.12          0.000
256.517        0.0002          -0.0006         -1.16860        -0.00020        0.0000          183.6333        -50.16          0.000
257.259        0.0002          -0.0006         -1.17290        -0.00020        0.0000          183.6241        -50.16          0.000
258.019        0.0002          -0.0006         -1.18290        -0.00020        0.0000          183.5966        -50.16          0.000
258.759        0.0002          -0.0006         -1.18800        -0.00020        0.0000          183.5783        -50.16          0.000
259.509        0.0002          -0.0006         -1.19520        -0.00020        0.0000          183.5691        -50.16          0.000
260.260        0.0002          -0.0006         -1.19830        -0.00020        0.0000          183.5416        -50.16          0.000
261.010        0.0002          -0.0006         -1.20490        -0.00020        0.0000          183.5141        -50.12          0.000
261.760        0.0002          -0.0006         -1.21190        -0.00020        0.0000          183.5050        -50.16          0.000
262.501        0.0002          -0.0006         -1.22270        -0.00020        0.0000          183.4866        -50.16          0.000
263.251        0.0002          -0.0006         -1.22770        -0.00020        0.0000          183.4591        -50.12          0.000
264.011        0.0002          -0.0006         -1.24070        -0.00020        0.0000          183.4408        -50.12          0.000
264.760        0.0002          -0.0006         -1.24570        -0.00020        0.0000          183.4225        -50.16          0.000
265.501        0.0002          -0.0006         -1.25290        -0.00020        0.0000          183.4041        -50.16          0.000
266.251        0.0002          -0.0006         -1.25520        -0.00020        0.0000          183.3858        -50.16          0.000
267.001        0.0002          -0.0006         -1.26870        -0.00020        0.0000          183.3675        -50.16          0.000
267.751        0.0002          -0.0006         -1.27560        -0.00020        0.0000          183.3492        -50.16          0.000
268.501        0.0002          -0.0006         -1.28670        -0.00020        0.0000          183.3308        -50.16          0.000
269.263        0.0002          -0.0006         -1.29450        -0.00020        0.0000          183.3125        -50.16          0.000
270.012        0.0002          -0.0006         -1.30570        -0.00020        0.0000          183.2850        -50.16          0.000
270.752        0.0002          -0.0006         -1.30990        -0.00020        0.0000          183.2758        -50.12          0.000
271.522        0.0002          -0.0006         -1.31650        -0.00020        0.0000          183.2392        -50.16          0.000
272.252        0.0002          -0.0006         -1.32290        -0.00020        0.0000          183.2300        -50.12          0.000
273.002        0.0002          -0.0006         -1.33790        -0.00020        0.0000          183.2117        -50.12          0.000
273.762        0.0002          -0.0006         -1.34300        -0.00020        0.0000          183.1842        -50.16          0.000
274.501        0.0002          -0.0006         -1.35700        -0.00020        0.0000          183.1750        -50.16          0.000
275.261        0.0002          -0.0006         -1.36320        -0.00020        0.0000          183.1475        -50.12          0.000
276.001        0.0002          -0.0006         -1.37170        -0.00020        0.0000          183.1384        -50.16          0.000
276.761        0.0002          -0.0006         -1.37510        -0.00020        0.0000          183.1109        -50.16          0.000
277.503        0.0002          -0.0006         -1.38340        -0.00020        0.0000          183.0925        -50.16          0.000
278.262        0.0002          -0.0006         -1.39100        -0.00020        0.0000          183.0834        -50.16          0.000
279.012        0.0002          -0.0006         -1.40250        -0.00020        0.0000          183.0559        -50.16          0.000
279.752        0.0002          -0.0006         -1.40760        -0.00020        0.0000          183.0467        -50.12          0.000
280.503        0.0002          -0.0006         -1.42050        -0.00020        0.0000          183.0284        -50.16          0.000
281.264        0.0002          -0.0006         -1.42450        -0.00020        0.0000          183.0009        -50.16          0.000
282.004        0.0002          -0.0006         -1.42960        -0.00020        0.0000          182.9826        -50.16          0.000
282.754        0.0002          -0.0006         -1.43100        -0.00020        0.0000          182.9642        -50.12          0.000
283.504        0.0002          -0.0006         -1.44160        -0.00020        0.0000          182.9459        -50.16          0.000
284.256        0.0002          -0.0006         -1.44740        -0.00020        0.0000          182.9276        -50.16          0.000
285.015        0.0002          -0.0006         -1.45450        -0.00020        0.0000          182.9093        -50.16          0.000
285.765        0.0002          -0.0006         -1.46120        -0.00020        0.0000          182.8909        -50.16          0.000
286.507        0.0002          -0.0006         -1.46890        -0.00020        0.0000          182.8726        -50.16          0.000
287.256        0.0002          -0.0006         -1.47020        -0.00020        0.0000          182.8451        -50.16          0.000
288.016        0.0002          -0.0006         -1.47150        -0.00020        0.0000          182.8268        -50.16          0.000
288.766        0.0002          -0.0006         -1.47310        -0.00020        0.0000          182.8084        -50.16          0.000
289.507        0.0002          -0.0006         -1.48340        -0.00020        0.0000          182.7993        -50.16          0.000
290.267        0.0002          -0.0006         -1.48680        -0.00020        0.0000          182.7718        -50.16          0.000
291.007        0.0002          -0.0006         -1.49330        -0.00020        0.0000          182.7535        -50.16          0.000
291.768        0.0002          -0.0006         -1.49700        -0.00020        0.0000          182.7351        -50.12          0.000
292.518        0.0002          -0.0006         -1.49960        -0.00020        0.0000          182.7168        -50.16          0.000
293.258        0.0002          -0.0006         -1.49880        -0.00020        0.0000          182.7076        -50.16          0.000
294.019        0.0002          -0.0006         -1.49640        -0.00020        0.0000          182.6801        -50.16          0.000
294.758        0.0002          -0.0006         -1.49960        -0.00020        0.0000          182.6618        -50.16          0.000
295.519        0.0002          -0.0006         -1.50540        -0.00020        0.0000          182.6343        -50.16          0.000
296.259        0.0002          -0.0006         -1.50520        -0.00020        0.0000          182.6251        -50.16          0.000
297.010        0.0002          -0.0006         -1.51040        -0.00020        0.0000          182.5977        -50.16          0.000
297.768        0.0002          -0.0006         -1.51160        -0.00020        0.0000          182.5793        -50.16          0.000
298.519        0.0002          -0.0006         -1.50870        -0.00020        0.0000          182.5610        -50.16          0.000
299.261        0.0002          -0.0006         -1.50580        -0.00020        0.0000          182.5427        -50.16          0.000
300.002        0.0002          -0.0006         -1.50190        -0.00020        0.0000          182.5243        -50.12          0.000
300.751        0.0002          -0.0006         -1.50400        -0.00020        0.0000          182.5060        -50.12          0.000
301.512        0.0002          -0.0006         -1.50500        -0.00020        0.0000          182.4877        -50.16          0.000
302.261        0.0002          -0.0006         -1.50300        -0.00020        0.0000          182.4693        -50.16          0.000
303.013        0.0002          -0.0006         -1.50530        -0.00020        0.0000          182.4510        -50.16          0.000
303.761        0.0002          -0.0006         -1.50410        -0.00020        0.0000          182.4327        -50.16          0.000
304.501        0.0002          -0.0006         -1.49690        -0.00020        0.0000          182.4144        -50.16          0.000
305.252        0.0002          -0.0006         -1.49240        -0.00020        0.0000          182.3960        -50.16          0.000
306.012        0.0002          -0.0006         -1.48780        -0.00020        0.0000          182.3777        -50.12          0.000
306.763        0.0002          -0.0006         -1.48780        -0.00020        0.0000          182.3594        -50.16          0.000
307.514        0.0002          -0.0006         -1.48320        -0.00020        0.0000          182.3319        -50.16          0.000
308.254        0.0002          -0.0006         -1.48230        -0.00020        0.0000          182.3135        -50.16          0.000
309.004        0.0002          -0.0006         -1.47990        -0.00020        0.0000          182.3044        -50.12          0.000
309.764        0.0002          -0.0006         -1.47640        -0.00020        0.0000          182.2769        -50.16          0.000
310.513        0.0002          -0.0006         -1.46520        -0.00020        0.0000          182.2586        -50.16          0.000
311.263        0.0002          -0.0006         -1.45910        -0.00020        0.0000          182.2402        -50.16          0.000
312.013        0.0002          -0.0006         -1.45340        -0.00020        0.0000          182.2219        -50.16          0.000
312.763        0.0002          -0.0006         -1.45120        -0.00020        0.0000          182.2127        -50.16          0.000
313.503        0.0002          -0.0006         -1.44260        -0.00020        0.0000          182.1852        -50.16          0.000
314.273        0.0002          -0.0006         -1.44100        -0.00020        0.0000          182.1669        -50.16          0.000
315.003        0.0002          -0.0006         -1.43550        -0.00020        0.0000          182.1486        -50.16          0.000
315.754        0.0002          -0.0006         -1.43390        -0.00020        0.0000          182.1303        -50.16          0.000
316.515        0.0002          -0.0006         -1.42320        -0.00020        0.0000          182.1119        -50.16          0.000
317.264        0.0002          -0.0006         -1.41510        -0.00020        0.0000          182.0936        -50.12          0.000
318.003        0.0002          -0.0006         -1.40270        -0.00020        0.0000          182.0753        -50.16          0.000
318.764        0.0002          -0.0006         -1.39750        -0.00020        0.0000          182.0569        -50.16          0.000
319.514        0.0002          -0.0006         -1.38540        -0.00020        0.0000          182.0294        -50.16          0.000
320.264        0.0002          -0.0006         -1.38270        -0.00020        0.0000          182.0111        -50.12          0.000
321.003        0.0002          -0.0006         -1.37260        -0.00020        0.0000          181.9928        -50.12          0.000
321.754        0.0002          -0.0006         -1.36560        -0.00020        0.0000          181.9836        -50.12          0.000
322.515        0.0002          -0.0006         -1.34910        -0.00020        0.0000          181.9561        -50.12          0.000
323.265        0.0002          -0.0006         -1.34110        -0.00020        0.0000          181.9378        -50.16          0.000
324.015        0.0002          -0.0006         -1.33290        -0.00020        0.0000          181.9286        -50.12          0.000
324.756        0.0002          -0.0006         -1.32820        -0.00020        0.0000          181.9103        -50.16          0.000
325.516        0.0002          -0.0006         -1.31510        -0.00020        0.0000          181.8828        -50.16          0.000
326.266        0.0002          -0.0006         -1.31150        -0.00020        0.0000          181.8645        -50.16          0.000
327.006        0.0002          -0.0006         -1.30020        -0.00020        0.0000          181.8461        -50.16          0.000
327.767        0.0002          -0.0006         -1.29270        -0.00020        0.0000          181.8278        -50.16          0.000
328.517        0.0002          -0.0006         -1.27590        -0.00020        0.0000          181.8095        -50.16          0.000
329.267        0.0002          -0.0006         -1.26800        -0.00020        0.0000          181.7912        -50.16          0.000
330.007        0.0002          -0.0006         -1.25920        -0.00020        0.0000          181.7728        -50.16          0.000
330.767        0.0002          -0.0006         -1.25500        -0.00020        0.0000          181.7545        -50.16          0.000
331.508        0.0002          -0.0006         -1.24270        -0.00020        0.0000          181.7453        -50.16          0.000
332.257        0.0002          -0.0006         -1.23940        -0.00020        0.0000          181.7178        -50.12          0.000
333.008        0.0002          -0.0006         -1.23000        -0.00020        0.0000          181.6995        -50.16          0.000
333.768        0.0002          -0.0006         -1.22350        -0.00020        0.0000          181.6812        -50.12          0.000
334.508        0.0002          -0.0006         -1.21590        -0.00020        0.0000          181.6629        -50.16          0.000
335.259        0.0002          -0.0006         -1.21350        -0.00020        0.0000          181.6354        -50.16          0.000
336.018        0.0002          -0.0006         -1.21650        -0.00020        0.0000          181.6262        -50.16          0.000
336.759        0.0002          -0.0006         -1.21740        -0.00020        0.0000          181.6079        -50.16          0.000
337.518        0.0002          -0.0006         -1.21640        -0.00020        0.0000          181.5895        -50.16          0.000
338.260        0.0002          -0.0006         -1.21860        -0.00020        0.0000          181.5712        -50.16          0.000
339.009        0.0002          -0.0006         -1.21890        -0.00020        0.0000          181.5529        -50.12          0.000
339.769        0.0002          -0.0006         -1.21810        -0.00020        0.0000          181.5254        -50.16          0.000
340.519        0.0002          -0.0006         -1.21270        -0.00020        0.0000          181.5071        -50.12          0.000
341.269        0.0002          -0.0006         -1.21040        -0.00020        0.0000          181.4887        -50.16          0.000
342.010        0.0002          -0.0006         -1.21330        -0.00020        0.0000          181.4704        -50.16          0.000
342.770        0.0002          -0.0006         -1.21460        -0.00020        0.0000          181.4521        -50.16          0.000
343.511        0.0002          -0.0006         -1.21380        -0.00020        0.0000          181.4337        -50.16          0.000
344.252        0.0002          -0.0006         -1.21620        -0.00020        0.0000          181.4154        -50.16          0.000
345.010        0.0002          -0.0006         -1.21770        -0.00020        0.0000          181.3971        -50.16          0.000
345.750        0.0002          -0.0006         -1.21670        -0.00020        0.0000          181.3787        -50.16          0.000
346.512        0.0002          -0.0006         -1.21220        -0.00020        0.0000          181.3604        -50.16          0.000
347.251        0.0002          -0.0006         -1.20950        -0.00020        0.0000          181.3421        -50.16          0.000
348.001        0.0002          -0.0006         -1.21150        -0.00020        0.0000          181.3329        -50.16          0.000
348.751        0.0002          -0.0006         -1.21290        -0.00020        0.0000          181.3146        -50.16          0.000
349.501        0.0002          -0.0006         -1.21230        -0.00020        0.0000          181.2871        -50.16          0.000
350.261        0.0002          -0.0006         -1.21420        -0.00020        0.0000          181.2688        -50.16          0.000
351.011        0.0002          -0.0006         -1.21630        -0.00020        0.0000          181.2504        -50.16          0.000
351.762        0.0002          -0.0006         -1.21590        -0.00020        0.0000          181.2413        -50.16          0.000
352.502        0.0002          -0.0006         -1.21220        -0.00020        0.0000          181.2138        -50.16          0.000
353.262        0.0002          -0.0006         -1.20940        -0.00020        0.0000          181.1955        -50.12          0.000
354.002        0.0002          -0.0006         -1.21010        -0.00020        0.0000          181.1863        -50.12          0.000
354.752        0.0002          -0.0006         -1.21190        -0.00020        0.0000          181.1588        -50.16          0.000
355.502        0.0002          -0.0006         -1.21260        -0.00020        0.0000          181.1405        -50.16          0.000
356.252        0.0002          -0.0006         -1.21210        -0.00020        0.0000          181.1221        -50.12          0.000
357.002        0.0002          -0.0006         -1.21560        -0.00020        0.0000          181.1038        -50.16          0.000
357.763        0.0002          -0.0006         -1.21580        -0.00020        0.0000          181.0763        -50.16          0.000
358.513        0.0002          -0.0006         -1.21320        -0.00020        0.0000          181.0580        -50.16          0.000
359.263        0.0002          -0.0006         -1.21070        -0.00020        0.0000          181.0488        -50.16          0.000
