	O1s_f(T)_Wave0		O1s_f(T)_ fitresult		O1s_f(T)_ peak 2		O1s_f(T)_ peak 3		O1s_f(T)_Wave4		O1s_f(T)_ fitresult		O1s_f(T)_ peak 2		O1s_f(T)_ peak 3		O1s_f(T)_Wave8		O1s_f(T)_ fitresult		O1s_f(T)_ peak 2		O1s_f(T)_ peak 3		O1s_f(T)_Wave12		O1s_f(T)_ fitresult		O1s_f(T)_ peak 2		O1s_f(T)_ peak 3		O1s_f(T)_Wave16		O1s_f(T)_ fitresult		O1s_f(T)_ peak 2		O1s_f(T)_ peak 3		O1s_f(T)_Wave20		O1s_f(T)_ fitresult		O1s_f(T)_ peak 2		O1s_f(T)_ peak 3
530.156	1093.5498	530.156	1069.22384508959	530.156	1069.22153986781	530.156	1069.21763787024	530.156	4243.91455	530.156	4264.47807456927	530.156	4264.47550332506	530.156	4264.47730665408	530.156	7478.4803	530.156	7555.841741945	530.156	7555.83783987689	530.156	7555.78353124565	530.156	10687.43745	530.156	10754.5853738385	530.156	10754.580555945	530.156	10754.3283037535	530.156	13926.0862	530.156	13978.7340608373	530.156	13978.7301665383	530.156	13977.98191636	530.156	17124.55335	530.156	17174.4494529299	530.156	17174.4463651163	530.156	17173.0548338483
530.256	1044.6831	530.256	1069.14203625838	530.256	1069.13678033624	530.256	1069.13169060856	530.256	4263.06275	530.256	4264.50162400956	530.256	4264.49603999526	530.256	4264.50030602142	530.256	7522.7958	530.256	7555.96889542213	530.256	7555.95979237552	530.256	7555.87561062793	530.256	10755.78275	530.256	10755.0440101524	530.256	10755.0326853411	530.256	10754.6428693213	530.256	13930.3694	530.256	13979.9890634297	530.256	13979.9797764697	530.256	13978.8386326849	530.256	17175.81695	530.256	17176.0097695995	530.256	17176.0023533231	530.256	17173.9041909034
530.356	1056.3491	530.356	1069.06623277607	530.356	1069.05458351998	530.356	1069.04918598049	530.356	4261.83075	530.356	4264.52873353968	530.356	4264.51694492485	530.356	4264.5264972192	530.356	7507.0645	530.356	7556.12181925461	530.356	7556.10117535451	530.356	7555.97402988521	530.356	10721.11335	530.356	10755.5843034619	530.356	10755.5584262305	530.356	10754.9654803914	530.356	13957.0861	530.356	13981.4417770551	530.356	13981.4202477055	530.356	13979.7021987384	530.356	17167.52705	530.356	17177.9018818051	530.356	17177.8845663545	530.356	17174.7591186701
530.456	1017.7758	530.456	1069.00150647469	530.456	1068.97640723739	530.456	1068.97373799966	530.456	4250.40265	530.456	4264.56263962573	530.456	4264.53844649367	530.456	4264.55888833368	530.456	7507.1519	530.456	7556.31724742781	530.456	7556.27173711794	530.456	7556.08577469876	530.456	10736.23275	530.456	10756.2488994449	530.456	10756.1914193197	530.456	10755.3051419353	530.456	13949.6724	530.456	13983.1809805251	530.456	13983.1324627021	530.456	13980.5805108757	530.456	17196.99035	530.456	17180.2635486951	530.456	17180.2242484957	530.456	17175.6261320112
530.556	1067.3287	530.556	1068.95702888394	530.556	1068.9044591332	530.556	1068.91231055107	530.556	4266.57605	530.556	4264.6091679221	530.556	4264.56090268154	530.556	4264.60294703943	530.556	7508.0158	530.556	7556.58308392708	530.556	7556.48555332669	530.556	7556.22467339305	530.556	10735.38515	530.556	10757.102751253	530.556	10756.978634426	530.556	10755.6798372871	530.556	13949.3073	530.556	13985.3327243621	530.556	13985.2264362331	530.556	13981.4896048458	530.556	17162.90615	530.556	17183.2835249416	530.556	17183.1968150245	530.556	17176.5185703212
530.656	1072.0293	530.656	1068.94907149662	530.656	1068.84203685174	530.656	1068.87787748317	530.656	4291.15405	530.656	4264.67847018952	530.656	4264.58486715776	530.656	4264.66827142788	530.656	7527.47	530.656	7556.96584125995	530.656	7556.76265933794	530.656	7556.41720311845	530.656	10733.52185	530.656	10758.24521321	530.656	10757.9846838428	530.656	10756.1243084774	530.656	14017.7232	530.656	13988.075868339	530.656	13987.8495179314	530.656	13982.4609907882	530.656	17143.66835	530.656	17187.219002951	530.656	17187.0330274021	530.656	17177.4628645453
530.756	1063.5039	530.756	1069.00584717445	530.756	1068.7939984329	530.756	1068.89379361781	530.756	4291.86425	530.756	4264.78764971081	530.756	4264.61118477706	530.756	4264.77111992711	530.756	7532.8055	530.756	7557.54263619542	530.756	7557.13116229612	530.756	7556.71237349953	530.756	10737.71755	530.756	10759.8287241023	530.756	10759.2971108898	530.756	10756.7034509727	530.756	14027.162	530.756	13991.6645541815	530.756	13991.1959665075	530.756	13983.5545517186	530.756	17199.58145	530.756	17192.4192929233	530.756	17192.0315391893	530.756	17178.5096713227
530.856	1062.371	530.856	1069.17500689752	530.856	1068.76740099355	530.856	1069.0006528182	530.856	4259.45815	530.856	4264.96452724884	530.856	4264.64112727485	530.856	4264.93804156461	530.856	7571.2388	530.856	7558.43996599241	530.856	7557.62991458391	530.856	7557.1978294125	530.856	10735.09175	530.856	10762.0872050766	530.856	10761.0327018593	530.856	10757.5343996275	530.856	13969.9915	530.856	13996.4607561524	530.856	13995.5177522249	530.856	13984.8802916361	530.856	17180.84325	530.856	17199.3583068814	530.856	17198.5724034417	530.856	17179.7528496208
530.956	1062.9891	530.956	1069.53472553594	530.956	1068.77235148671	530.956	1069.26652300142	530.956	4281.77335	530.956	4265.25273150688	530.956	4264.67658278169	530.956	4265.21077691306	530.956	7543.1896	530.956	7559.86204776794	530.956	7558.3118184992	530.956	7558.02488567652	530.956	10764.52135	530.956	10765.378148383	530.956	10763.3447938257	530.956	10758.8213096174	530.956	13975.9853	530.956	14002.9810587825	530.956	14001.1362591474	530.956	13986.6334110075	530.956	17176.83585	530.956	17208.6793013125	530.956	17207.1308574968	530.956	17181.3604185891
531.056	1058.4493	531.056	1070.20926285374	531.056	1068.82311739981	531.056	1069.80139644409	531.056	4262.06875	531.056	4265.71811303369	531.056	4264.72031580972	531.056	4265.65241200908	531.056	7570.3563	531.056	7562.1317869296	531.056	7559.24780626506	531.056	7559.44551547611	531.056	10758.97335	531.056	10770.2429013963	531.056	10766.431441284	531.056	10760.9074738225	531.056	14035.5744	531.056	14011.9626350803	531.056	14008.4543250274	531.056	13989.1482450893	531.056	17185.79855	531.056	17221.2561318207	531.056	17218.2903802057	531.056	17183.6227549808
531.156	1096.4774	531.156	1071.38952634052	531.156	1068.93954618536	531.156	1070.77633318328	531.156	4258.97475	531.156	4266.45613845873	531.156	4264.77631733282	531.156	4266.35442250828	531.156	7562.6368	531.156	7565.74706617238	531.156	7560.53149570047	531.156	7561.86398368726	531.156	10777.41455	531.156	10777.4893259801	531.156	10770.5441587684	531.156	10764.3492395719	531.156	14080.6433	531.156	14024.4535252168	531.156	14017.9677813568	531.156	13992.9770025603	531.156	17254.14685	531.156	17238.2755515557	531.156	17232.7536690604	531.156	17187.0239144534
531.256	1097.2622	531.256	1073.35832724023	531.256	1069.14883813714	531.256	1072.44694416919	531.256	4303.23375	531.256	4267.59940700892	531.256	4264.85026706746	531.256	4267.44372792109	531.256	7572.249	531.256	7571.45350679546	531.256	7562.2844565457	531.256	7565.90434186889	531.256	10795.08815	531.256	10788.2990978516	531.256	10775.996775717	531.256	10770.0144531448	531.256	14070.8602	531.256	14041.9309558103	531.256	14030.2753546006	531.256	13998.998183574	531.256	17298.63355	531.256	17261.3441465402	531.256	17251.3498413476	531.256	17192.341365743
531.356	1087.3547	531.356	1076.51857947455	531.356	1069.48770613807	531.356	1075.17943044054	531.356	4253.65185	531.356	4269.32377835519	531.356	4264.95013145646	531.356	4269.0882214756	531.356	7611.5739	531.356	7580.33160682011	531.356	7564.661933257	531.356	7572.49184358603	531.356	10858.45635	531.356	10804.3575634909	531.356	10783.1737304606	531.356	10779.2040226906	531.356	14078.975	531.356	14066.447590512	531.356	14046.0854876067	531.356	14008.5560089336	531.356	17367.96395	531.356	17292.6204115725	531.356	17275.0358673947	531.356	17200.7766333205
531.456	1109.4813	531.456	1081.42062625375	531.456	1070.00493485695	531.456	1079.47535053882	531.456	4249.18015	531.456	4271.85092115316	531.456	4265.08692036538	531.456	4271.4985619619	531.456	7639.659	531.456	7593.89082116955	531.456	7567.85875695398	531.456	7582.94111264227	531.456	10859.48275	531.456	10827.9966055156	531.456	10792.5369055979	531.456	10793.7879482279	531.456	14119.4464	531.456	14100.7982661812	531.456	14066.2183737936	531.456	14023.6251220799	531.456	17387.00485	531.456	17334.9662292465	531.456	17304.8900486154	531.456	17214.1132983663
531.556	1064.6065	531.556	1088.78238755382	531.556	1070.76431932575	531.556	1085.98882940807	531.556	4272.83015	531.556	4275.44458456783	531.556	4265.27562214366	531.556	4274.92351019555	531.556	7648.5824	531.556	7614.15578273526	531.556	7572.11504523434	531.556	7599.0366643314	531.556	10906.42555	531.556	10862.330262165	531.556	10804.6298880896	531.556	10816.3366810356	531.556	14174.4777	531.556	14148.6883755758	531.556	14091.6013114996	531.556	14046.9836174323	531.556	17415.76945	531.556	17392.1019170555	531.556	17342.0953184673	531.556	17234.8887449157
531.656	1074.4756	531.656	1099.4935978804	531.656	1071.84791667075	531.656	1095.52754442761	531.656	4319.77465	531.656	4280.39783112585	531.656	4265.53632937433	531.656	4279.63603612014	531.656	7722.8829	531.656	7643.72131903554	531.656	7577.72114107044	531.656	7623.08298319935	531.656	10943.86355	531.656	10911.3498684206	531.656	10820.0783526902	531.656	10850.2158813406	531.656	14228.5632	531.656	14214.870065563	531.656	14123.2554337467	531.656	14082.3625088365	531.656	17504.75895	531.656	17468.7351996763	531.656	17387.9103310669	531.656	17266.5520435292
531.756	1131.1473	531.756	1114.59386032556	531.756	1073.35948442025	531.756	1109.02734116123	531.756	4274.97385	531.756	4287.00913203437	531.756	4265.89555520822	531.756	4285.90809779202	531.756	7743.8758	531.756	7685.74508953619	531.756	7585.02109320534	531.756	7657.89367996888	531.756	10991.94005	531.756	10979.9327415749	531.756	10839.5851519356	531.756	10899.6000138995	531.756	14354.8776	531.756	14305.1959606036	531.756	14162.2720027233	531.756	14134.5231585642	531.756	17583.68835	531.756	17570.6185862472	531.756	17443.6267623221	531.756	17313.5640274372
531.856	1184.8362	531.856	1135.21460996559	531.856	1075.42790521078	531.856	1127.4907720487	531.856	4258.22665	531.856	4295.54681325103	531.856	4266.38772165572	531.856	4293.97359915843	531.856	7785.8324	531.856	7743.8424905438	531.856	7594.41384776781	531.856	7706.68520481781	531.856	11113.16105	531.856	11073.7101052221	531.856	10863.9186887296	531.856	10969.3518994027	531.856	14439.8076	531.856	14426.5264179361	531.856	14209.776825584	531.856	14209.2001167001	531.856	17707.54085	531.856	17704.4753209923	531.856	17510.5120159241	531.856	17381.3805371727
531.956	1177.8589	531.956	1162.47834962697	531.956	1078.21031402988	531.956	1151.88320492895	531.956	4299.78635	531.956	4306.20384291845	531.956	4267.05677595252	531.956	4303.9815611263	531.956	7823.4331	531.956	7821.85149531684	531.956	7606.35122630856	531.956	7772.84370945388	531.956	11224.43815	531.956	11198.7414160372	531.956	10893.8932872349	531.956	11064.7166703626	531.956	14491.3012	531.956	14586.4215210788	531.956	14266.881980942	531.956	14312.8413881487	531.956	17846.09665	531.956	17877.7269723674	531.956	17589.7376061554	531.956	17476.2516269088
532.056	1178.6128	532.056	1197.35525576169	532.056	1081.89455625998	532.056	1182.98697087153	532.056	4316.29725	532.056	4319.04805040086	532.056	4267.95785910323	532.056	4315.94467205526	532.056	7962.3299	532.056	7923.44851132719	532.056	7621.3317344638	532.056	7859.54709571277	532.056	11369.83755	532.056	11360.9588286585	532.056	10930.3405968482	532.056	11190.7948320206	532.056	14712.86	532.056	14792.5601055402	532.056	14334.6249518189	532.056	14452.0883253971	532.056	18030.28765	532.056	18097.9626540187	532.056	17682.2948474045	532.056	17604.7750959034
532.156	1240.9418	532.156	1240.48714446721	532.156	1086.70052162619	532.156	1221.2239962488	532.156	4328.85465	532.156	4333.97590746954	532.156	4269.15891283225	532.156	4329.69146199216	532.156	8078.2344	532.156	8051.62159653554	532.156	7639.88930411212	532.156	7969.24948967658	532.156	11492.32065	532.156	11565.3803989605	532.156	10974.071582433	532.156	11351.7934753877	532.156	15077.7168	532.156	15051.8607843671	532.156	14413.8964161827	532.156	14632.9688635242	532.156	18307.85185	532.156	18372.1169825002	532.156	17788.9010375948	532.156	17773.1682627869
532.256	1296.6758	532.256	1292.00034299243	532.256	1092.87983252678	532.256	1266.46898591141	532.256	4386.21455	532.256	4350.68007592966	532.256	4270.74206951342	532.256	4344.83246036836	532.256	8201.2819	532.256	8208.04273846034	532.256	7662.57624365236	532.256	8103.07057046493	532.256	11831.92365	532.256	11815.1425561848	532.256	11025.8293721009	532.256	11550.1059015943	532.256	15351.7483	532.256	15369.3357748778	532.256	14505.3592871942	532.256	14859.8323066874	532.256	18640.04735	532.256	18705.3739652081	532.256	17909.9009540848	532.256	17986.2703575971
532.356	1344.816	532.356	1351.33954432128	532.356	1100.71332930088	532.356	1317.88579250412	532.356	4365.84155	532.356	4368.64109518006	532.356	4272.80462767907	532.356	4360.75090805036	532.356	8373.928	532.356	8392.42049885655	532.356	7689.9399723828	532.356	8260.17148053448	532.356	12065.78635	532.356	12110.4639582145	532.356	11086.2341265563	532.356	11785.3306078186	532.356	15766.3122	532.356	15746.7820365567	532.356	14609.3630177768	532.356	15134.1261614477	532.356	19035.65945	532.356	19099.883680893	532.356	18045.1700193775	532.356	18246.3560365817
532.456	1421.5058	532.456	1417.16080862119	532.456	1110.5058050859	532.456	1373.82568305699	532.456	4381.57035	532.456	4387.1511920042	532.456	4275.45937835546	532.456	4376.62624079536	532.456	8625.7677	532.456	8601.94842737507	532.456	7722.49355085586	532.456	8437.23270898373	532.456	12432.37355	532.456	12447.7103042092	532.456	11155.722106962	532.456	12053.3970320575	532.456	16158.8769	532.456	16181.4922730666	532.456	14725.8585471219	532.456	15453.1921922764	532.456	19543.06445	532.456	19553.4564478252	532.456	18194.0267452418	532.456	18551.917106242
532.556	1499.0872	532.556	1487.32027070865	532.556	1122.57751372029	532.556	1431.82453854801	532.556	4409.06835	532.556	4405.37318183873	532.556	4278.83402097964	532.556	4391.49357460297	532.556	8831.7104	532.556	8830.9814883264	532.556	7760.68057866933	532.556	8628.16562052535	532.556	12830.18965	532.556	12818.7650611211	532.556	11234.4821672608	532.556	12345.9997873207	532.556	16638.3383	532.556	16665.2300992282	532.556	14854.3204025481	532.556	15809.3194866757	532.556	20055.93065	532.556	20058.4661699864	532.556	18355.1628243797	532.556	18896.6357778575
532.656	1520.0034	532.656	1558.98392671844	532.656	1137.25211737737	532.656	1488.72469293869	532.656	4420.42375	532.656	4422.43051617567	532.656	4283.06939918417	532.656	4404.33551733263	532.656	9107.8657	532.656	9071.06186618437	532.656	7804.83568469159	532.656	8824.17777076485	532.656	13234.32015	532.656	13210.9068823233	532.656	11322.3938719812	532.656	12650.5379624525	532.656	17182.4264	532.656	17183.7357749072	532.656	14993.6832011799	532.656	16189.3136873868	532.656	20645.82195	532.656	20601.2276601714	532.656	18526.5993229962	532.656	19268.8057980184
532.756	1632.6376	532.756	1628.86362256443	532.756	1154.84096238325	532.756	1540.92664581677	532.756	4426.24825	532.756	4437.51717122688	532.756	4288.31630366319	532.756	4414.19525450207	532.756	9283.1097	532.756	9311.37176555399	532.756	7855.14253246367	532.756	9014.26770076617	532.756	13591.57145	532.756	13607.3398877526	532.756	11418.9722148466	532.756	12950.7006836665	532.756	17802.1814	532.756	17716.9923398532	532.756	15142.2999567905	532.756	16574.8048203862	532.756	21288.39685	532.756	21162.0913141317	532.756	18705.6766964238	532.756	19651.4371071434
532.856	1702.0991	532.856	1693.55845091794	532.856	1175.62386984927	532.856	1584.74966874222	532.856	4409.92365	532.856	4450.01014389211	532.856	4294.73063825535	532.856	4420.29387917238	532.856	9518.2839	532.856	9539.61765998875	532.856	7911.59193736074	532.856	9186.15106870764	532.856	14005.81475	532.856	13988.4193610643	532.856	11523.3243566335	532.856	13227.7360738413	532.856	18251.5814	532.856	18240.3799100975	532.856	15297.9290595413	532.856	16943.4146115437	532.856	21745.15555	532.856	21716.4121386419	532.856	18889.0847382405	532.856	20023.1949184293
532.956	1766.7769	532.956	1749.9550222093	532.956	1199.82698980576	532.956	1616.85422211506	532.956	4482.19265	532.956	4459.56459082727	532.956	4302.46683091697	532.956	4422.13212004318	532.956	9702.2152	532.956	9743.26103787657	532.956	7973.94326037857	532.956	9327.53000198141	532.956	14328.65755	532.956	14333.4793570172	532.956	11634.1237958429	532.956	13462.3046892347	532.956	18702.6895	532.956	18726.6894602665	532.956	15457.7554935698	532.956	17270.7490513481	532.956	22218.76035	532.956	22236.4051805564	532.956	19072.9361120238	532.956	20360.1816151528
533.056	1789.8519	533.056	1795.62138486689	533.056	1227.59866931955	533.056	1634.66000729682	533.056	4469.24155	533.056	4466.17320267199	533.056	4311.66949475885	533.056	4419.55805464327	533.056	9899.5105	533.056	9910.92579865821	533.056	8041.69261895474	533.056	9427.53228259067	533.056	14686.89085	533.056	14623.0300066744	533.056	11749.6068481361	533.056	13636.6803452488	533.056	19253.7745	533.056	19148.7866037794	533.056	15618.4498043179	533.056	17533.0032077768	533.056	22696.83405	533.056	22693.7212954222	533.056	19252.8839426173	533.056	20638.3949280173
533.156	1831.4978	533.156	1829.12361722363	533.156	1258.98469109312	533.156	1636.68731991796	533.156	4491.89645	533.156	4470.17723845433	533.156	4322.46350265688	533.156	4412.78806912483	533.156	10027.2638	533.156	10033.755171855	533.156	8114.05155601267	533.156	9478.08959713331	533.156	14903.39745	533.156	14840.9870283617	533.156	11867.5952050377	533.156	13736.9570686845	533.156	19489.3984	533.156	19482.553884356	533.156	15776.2656323118	533.156	17709.8059840235	533.156	23175.67035	533.156	23062.4064832098	533.156	19424.2803047928	533.156	20836.5287822218
533.256	1868.0993	533.256	1850.20420026068	533.256	1293.90460438439	533.256	1622.75909170171	533.256	4490.88345	533.256	4472.22555739879	533.256	4334.94282365357	533.256	4402.37705366985	533.256	10130.8276	533.256	10106.4798259241	533.256	8189.93956976601	533.256	9475.01311585285	533.256	14884.09265	533.256	14976.5559692629	533.256	11985.5466971209	533.256	13754.8825761525	533.256	19664.095	533.256	19709.6418876947	533.256	15927.173494164	533.256	17786.837449174	533.256	23307.60435	533.256	23321.7902698659	533.256	19582.3686739411	533.256	20938.669228322
533.356	1865.8222	533.356	1859.78590029386	533.356	1332.13114440147	533.356	1594.02535375578	533.356	4484.16815	533.356	4473.18788764326	533.356	4349.15866633519	533.356	4389.14352782995	533.356	10154.9383	533.356	10128.0011140166	533.356	8267.99329352064	533.356	9418.56755859446	533.356	15004.05535	533.356	15025.4360721978	533.356	12100.6342993911	533.356	13688.9831354673	533.356	19795.2878	533.356	19819.5578822388	533.356	16067.0251959591	533.356	17757.7530655868	533.356	23394.39335	533.356	23458.820771523	533.356	19722.4998840348	533.356	20936.4135484778
533.456	1827.8757	533.456	1859.79860293304	533.456	1373.27486945716	533.456	1552.80543337723	533.456	4459.42055	533.456	4474.03708068672	533.456	4365.10766431365	533.456	4374.0637094922	533.456	10097.2371	533.456	10101.3821316872	533.456	8346.59413106459	533.456	9313.4346171249	533.456	14921.43985	533.456	14990.1287536674	533.456	12209.8510517185	533.456	13544.7671232594	533.456	19727.9914	533.456	19810.7246290219	533.456	16191.7401431555	533.456	17625.0561888375	533.456	23363.80845	533.456	23469.4418085247	533.456	19840.3582723006	533.456	20830.021225806
533.556	1812.7767	533.556	1852.86121199948	533.556	1416.77609401088	533.556	1502.27791992792	533.556	4473.91365	533.556	4475.72023843456	533.556	4382.72099878405	533.556	4358.15351936689	533.556	9998.7423	533.556	10033.2540983434	533.556	8423.91484908399	533.556	9168.07274416553	533.556	14909.42645	533.556	14879.306944517	533.556	12310.1361444957	533.556	13333.9682799819	533.556	19600.0489	533.556	19690.3315949025	533.556	16297.5022145646	533.556	17399.7524069729	533.556	23241.62655	533.556	23358.7782097126	533.556	19932.1828384406	533.556	20628.3780894463
533.656	1832.527	533.656	1841.87790338454	533.656	1461.90593147606	533.656	1446.07587588577	533.656	4470.85175	533.656	4479.03935136348	533.656	4401.85545825908	533.656	4342.35815941803	533.656	9950.6804	533.656	9932.7584747038	533.656	8497.9840992067	533.656	8993.59474880698	533.656	14783.99375	533.656	14706.3825224707	533.656	12398.5151915519	533.656	13072.9728695293	533.656	19524.5755	533.656	19473.0316889766	533.656	16380.954117724	533.656	17099.8519215516	533.656	23162.62345	533.656	23140.1204411741	533.656	19994.9676806071	533.656	20347.7805073335
533.756	1847.6835	533.756	1829.62140748306	533.756	1507.77777537186	533.756	1387.85863812645	533.756	4498.72485	533.756	4484.55863268313	533.756	4422.28746289417	533.756	4327.46542269983	533.756	9765.6467	533.756	9810.22869363947	533.756	8566.76622442211	533.756	8802.36972093102	533.756	14453.20935	533.756	14487.5554856152	533.756	12472.2459347652	533.756	12780.7231481106	533.756	19189.1072	533.756	19178.7524713316	533.756	16439.3754889154	533.756	16748.0026563792	533.756	22841.68575	533.756	22832.9244368621	533.756	20026.6268320111	533.756	20009.7703802099
533.856	1833.1661	533.856	1818.37319405531	533.856	1553.36985859549	533.856	1330.92944351305	533.856	4473.31495	533.856	4492.54929990739	533.856	4443.71101214385	533.856	4314.05252727167	533.856	9683.1878	533.856	9675.85052835704	533.856	8628.25216058651	533.856	8606.59249788797	533.856	14146.08105	533.856	14239.7063708257	533.856	12528.9595246382	533.856	12476.4685020981	533.856	18867.3775	533.856	18830.039872332	533.856	16470.8315834606	533.856	16368.6852864983	533.856	22529.02125	533.856	22460.2128696074	533.856	20026.110895646	533.856	19638.4197779126
533.956	1826.9587	533.956	1809.67340947697	533.956	1597.55868310967	533.956	1277.95193645848	533.956	4497.41325	533.956	4502.97495746551	533.956	4465.74034002256	533.956	4302.46884354834	533.956	9579.6384	533.956	9538.52180354382	533.956	8680.55594545358	533.956	8417.04686661146	533.956	13999.83595	533.956	13978.4884986086	533.956	12566.7872644557	533.956	12177.7309487135	533.956	18460.0486	533.956	18449.4027874742	533.956	16474.2812264311	533.956	15985.4498823339	533.956	22032.73995	533.956	22045.8421240252	533.956	19993.4663818921	533.956	19257.5385746767
534.056	1842.1285	534.056	1804.20755307161	534.056	1639.16217633627	534.056	1230.7936888645	534.056	4510.12415	534.056	4515.51380164828	534.056	4487.91778334996	534.056	4292.85023100096	534.056	9451.7926	534.056	9405.06952103309	534.056	8722.01045487405	534.056	8242.22695308404	534.056	13719.88485	534.056	13716.8973774264	534.056	12584.4633720254	534.056	11898.7717786116	534.056	18073.9776	534.056	18057.0743822761	534.056	16449.6356236676	534.056	15618.6184035633	534.056	21626.79855	534.056	21612.073392231	534.056	19929.8330694547	534.056	18888.2481839122
534.156	1825.2922	534.156	1801.82911794946	534.156	1676.99049570679	534.156	1190.49803640979	534.156	4503.59015	534.156	4529.60895094846	534.156	4509.72699927967	534.156	4285.15615096868	534.156	9311.6349	534.156	9279.8950817857	534.156	8751.25562428178	534.156	8087.89422283271	534.156	13522.55095	534.156	13464.4677918403	534.156	12581.3958798785	534.156	11649.7177438224	534.156	17736.2431	534.156	17669.4734491876	534.156	16397.7633999504	534.156	15283.741017856	534.156	21241.15415	534.156	21177.7729524794	534.156	19837.3795984879	534.156	18547.2462437197
534.256	1789.7846	534.256	1801.69416071372	534.256	1709.90156900323	534.256	1157.36310791557	534.256	4497.92575	534.256	4544.53589842578	534.256	4530.61123634609	534.256	4279.21884797682	534.256	9181.7735	534.256	9165.02947122341	534.256	8767.31265643226	534.256	7957.05845852372	534.256	13300.09025	534.256	13227.1102987173	534.256	12557.700135233	534.256	11436.364053995	534.256	17300.2701	534.256	17298.4774455553	534.256	16320.4414656248	534.256	14990.9182722131	534.256	20829.40195	534.256	20757.4027631358	534.256	19719.1823719675	534.256	18245.9183094889
534.356	1793.5749	534.356	1802.46923161536	534.356	1736.85782348315	534.356	1131.09302637526	534.356	4538.29245	534.356	4559.47623492309	534.356	4549.995906626	534.356	4274.79450079148	534.356	9038.908	534.356	9060.51021882873	534.356	8769.63857118529	534.356	7850.30016977979	534.356	13028.37995	534.356	13007.4814404562	534.356	12514.1922556476	534.356	11260.5511339693	534.356	16984.2511	534.356	16951.4529601612	534.356	16220.2555878644	534.356	14744.9309882434	534.356	20390.77375	534.356	20360.7928219311	534.356	19579.0571961827	534.356	17990.2785726613
534.456	1773.97	534.456	1802.56963329205	534.456	1756.98020495785	534.456	1110.98214861521	534.456	4593.72685	534.456	4573.58871402867	534.456	4567.3142714291	534.456	4271.6086016912	534.456	8965.0265	534.456	8964.95274168758	534.456	8758.15685753286	534.456	7766.31128469485	534.456	12854.26415	534.456	12805.7083964964	534.456	12452.3430582169	534.456	11120.9353460902	534.456	16651.162	534.456	16631.8656738949	534.456	16100.4584259421	534.456	14545.9921875634	534.456	20009.38705	534.456	19993.5505266887	534.456	19421.3565053283	534.456	17781.5819968657
534.556	1795.691	534.556	1800.38928471587	534.556	1769.59557611862	534.556	1096.09753091624	534.556	4631.25845	534.556	4586.07151331009	534.556	4582.03468772512	534.556	4269.39097127386	534.556	8860.718	534.556	8876.1826189626	534.556	8733.2618145349	534.556	7702.52308337161	534.556	12643.25105	534.556	12620.2664820686	534.556	12374.1960895977	534.556	11013.9484589317	534.556	16319.6387	534.556	16340.2297123897	534.556	15964.7958974934	534.556	14390.8700781708	534.556	19662.40315	534.556	19657.8834398685	534.556	19250.747174585	534.556	17617.3692693811
534.656	1770.612	534.656	1794.49354908919	534.656	1774.27393295277	534.656	1085.43454049337	534.656	4654.70745	534.656	4596.2123593756	534.656	4593.68761227467	534.656	4267.89887938706	534.656	8741.4006	534.656	8791.81632011526	534.656	8695.7962376668	534.656	7655.70923979615	534.656	12379.01745	534.656	12448.8303668923	534.656	12282.2561277993	534.656	10934.7603642037	534.656	16027.0318	534.656	16075.1560131991	534.656	15817.3147852612	534.656	14274.1288148763	534.656	19345.61405	534.656	19353.5954764931	534.656	19071.9846659144	534.656	17492.6888432687
534.756	1823.6188	534.756	1783.75872506424	534.756	1770.85257000854	534.756	1078.03218145062	534.756	4563.99875	534.756	4603.42546212653	534.756	4601.89046049972	534.756	4266.9291205102	534.756	8722.2816	534.756	8709.71492761609	534.756	8647.0042117362	534.756	7622.48675163136	534.756	12216.91885	534.756	12288.9714815101	534.756	12179.3566361118	534.756	10878.1090291591	534.756	15814.272	534.756	15834.3063384982	534.756	15662.1653087795	534.756	14189.279940321	534.756	19076.74155	534.756	19079.0514508288	534.756	18889.6985694254	534.756	17401.2759426856
534.856	1720.216	534.856	1767.45348204582	534.856	1759.44530046539	534.856	1073.04531001331	534.856	4613.68205	534.856	4607.27570842565	534.856	4606.3684879169	534.856	4266.32132598939	534.856	8562.8185	534.856	8628.27657820906	534.856	8588.46269813767	534.856	7599.67679422664	534.856	12108.91515	534.856	12138.6362670359	534.856	12068.5159332695	534.856	10838.9225761772	534.856	15596.7088	534.856	15615.1315835977	534.856	15503.4119523277	534.856	14129.7098655363	534.856	18759.40975	534.856	18831.970426778	534.856	18708.2026541785	534.856	17336.5358624741
534.956	1740.3381	534.956	1745.26641244553	534.956	1740.43600231149	534.956	1069.77864060488	534.956	4617.50355	534.956	4607.49133600553	534.956	4606.97010536225	534.956	4265.95532272118	534.956	8525.4237	534.956	8546.56915075028	534.956	8521.99716183613	534.956	7584.52178147319	534.956	12000.19655	534.956	11996.396740789	534.956	11952.7922082514	534.956	10812.7148335983	534.956	15369.7674	534.956	15415.3478070807	534.956	15344.8642761683	534.956	14089.3250888427	534.956	18533.36845	534.956	18609.9819224406	534.956	18531.3396066835	534.956	17292.2554342241
535.056	1733.2559	535.056	1717.28935263297	535.056	1714.4570010417	535.056	1067.69168410009	535.056	4624.19855	535.056	4603.96654937635	535.056	4603.67543739364	535.056	4265.74519065785	535.056	8494.8344	535.056	8464.3296202116	535.056	8449.58752611518	535.056	7574.77876505924	535.056	11770.55145	535.056	11861.5061724751	535.056	11835.1469644966	535.056	10795.7775676892	535.056	15190.9919	535.056	15233.1643506153	535.056	15189.9369747706	535.056	14062.9202574389	535.056	18312.27215	535.056	18410.9426677954	535.056	18362.3670790175	535.056	17263.0337358372
535.156	1691.2271	535.156	1683.96843216711	535.156	1682.35398669696	535.156	1066.38488001694	535.156	4615.95145	535.156	4596.7555031601	535.156	4596.59744996282	535.156	4265.63211846967	535.156	8372.4816	535.156	8381.86906098616	535.156	8373.27118634941	535.156	7568.72142400334	535.156	11692.25585	535.156	11733.814948409	535.156	11718.3251366522	535.156	10785.2162301176	535.156	15028.9532	535.156	15067.3171003441	535.156	15041.5453952274	535.156	14046.3159103748	535.156	18187.72535	535.156	18233.0549695095	535.156	18203.8878920839	535.156	17244.4702530773
535.256	1646.6031	535.256	1646.03474623448	535.256	1645.1401796741	535.256	1065.57610314514	535.256	4569.07835	535.256	4586.05897608066	535.256	4585.97555812341	535.256	4265.57746982689	535.256	8297.3028	535.256	8299.92421050215	535.256	8295.04964287999	535.256	7565.08499539254	535.256	11631.89695	535.256	11613.6067400947	535.256	11604.7581722622	535.256	10778.8830448433	535.256	14867.8808	535.256	14916.9756524112	535.256	14902.0394394841	535.256	14036.3317418492	535.256	18076.47635	535.256	18074.8483809589	535.256	18057.8236280642	535.256	17233.1729571387
535.356	1587.1119	535.356	1604.42506085343	535.356	1603.94320737288	535.356	1065.07449210327	535.356	4571.91255	535.356	4572.20501679244	535.356	4572.16221826005	535.356	4265.55683699929	535.356	8162.4279	535.356	8219.49112567077	535.356	8216.80458047015	535.356	7562.98385137479	535.356	11463.03905	535.356	11501.4077991607	535.356	11496.4940510428	535.356	10775.2562837787	535.356	14789.3908	535.356	14781.590523135	535.356	14773.1755855261	535.356	14030.6617901949	535.356	17905.12905	535.356	17935.0878292117	535.356	17925.4277256782	535.356	17226.6533363698
535.456	1568.6592	535.456	1560.20087432803	535.456	1559.94856668753	535.456	1064.75604830119	535.456	4537.18665	535.456	4555.62489778844	535.456	4555.60355204601	535.456	4265.55537080657	535.456	8152.1317	535.456	8141.6673845636	535.456	8140.22803836317	535.456	7561.82353077837	535.456	11405.68795	535.456	11397.8083477779	535.456	11395.1557838593	535.456	10773.3031582295	535.456	14658.3332	535.456	14660.7326253302	535.456	14656.1239685534	535.456	14027.7068330268	535.456	17815.13525	535.456	17812.6601858378	535.456	17807.3317982688	535.456	17223.1666489976
535.556	1503.6152	535.556	1514.47202698297	535.556	1514.34359923546	535.556	1064.54327044616	535.556	4526.87285	535.556	4536.8258364958	535.556	4536.81548729738	535.556	4265.56436085981	535.556	8108.8696	535.556	8067.51946599568	535.556	8066.76983171099	535.556	7561.22069726641	535.556	11295.58615	535.556	11303.3196133055	535.556	11301.9276368592	535.556	10772.3506294072	535.556	14569.9812	535.556	14553.9589211596	535.556	14551.5052808785	535.556	14026.4031401951	535.556	17723.68805	535.556	17706.4744406275	535.556	17703.6173573898	535.556	17221.5403732586
535.656	1506.0339	535.656	1468.32915930877	535.656	1468.26561152777	535.656	1064.38949251762	535.656	4514.58565	535.656	4516.36207079022	535.656	4516.35719308866	535.656	4265.5788759602	535.656	8043.1724	535.656	7997.98330298846	535.656	7997.60377249293	535.656	7560.93747188104	535.656	11273.06965	535.656	11218.276453251	535.656	11217.5663672075	535.656	10771.9767976544	535.656	14521.3384	535.656	14460.7206780848	535.656	14459.4508045239	535.656	14026.0706971387	535.656	17642.75155	535.656	17615.3937000516	535.656	17613.9044657136	535.656	17221.0175529513
535.756	1424.512	535.756	1422.78774954118	535.756	1422.7571823892	535.756	1064.26761392657	535.756	4507.24255	535.756	4494.80594412651	535.756	4494.80370933612	535.756	4265.59621964629	535.756	7931.3268	535.756	7933.79945540618	535.756	7933.61266396388	535.756	7560.83161123158	535.756	11204.94475	535.756	11142.7854094927	535.756	11142.4332794102	535.756	10771.9269003433	535.756	14419.1583	535.756	14380.3171004204	535.756	14379.6782147744	535.756	14026.2910328879	535.756	17629.13685	535.756	17538.203589475	535.756	17537.4489904305	535.756	17221.1279462502
535.856	1394.9833	535.856	1378.74518755292	535.856	1378.73089457826	535.856	1064.16244178721	535.856	4465.35575	535.856	4472.72061591259	535.856	4472.71962057266	535.856	4265.61496679308	535.856	7875.2074	535.856	7875.48002094802	535.856	7875.39065329864	535.856	7560.82106584244	535.856	11130.28485	535.856	11076.7117396101	535.856	11076.5419901736	535.856	10772.0525783475	535.856	14380.6523	535.856	14311.8882964707	535.856	14311.5758332953	535.856	14026.8159340812	535.856	17478.60275	535.856	17473.6126291449	535.856	17473.240937737	535.856	17221.5900672059
535.956	1342.2756	535.956	1336.95130010962	535.956	1336.94480325224	535.956	1064.06574770789	535.956	4417.16675	535.956	4450.63584595392	535.956	4450.63541501162	535.956	4265.63438899269	535.956	7857.3753	535.956	7823.3019960634	535.956	7823.26043211896	535.956	7560.8601405413	535.956	11075.84385	535.956	11019.6959790333	535.956	11019.6164315185	535.956	10772.2704350757	535.956	14321.7237	535.956	14254.4372022486	535.956	14254.288647132	535.956	14027.5033496863	535.956	17437.00815	535.956	17420.2756085221	535.956	17420.097632353	535.956	17222.2413805594
536.056	1284.0168	536.056	1297.99188190466	536.056	1297.98901114323	536.056	1063.97322364991	536.056	4435.07995	536.056	4429.02801599343	536.056	4429.02783461741	536.056	4265.65412602367	536.056	7782.044	536.056	7777.32083068465	536.056	7777.30203897741	536.056	7560.92424670787	536.056	11033.54235	536.056	10971.1900110172	536.056	10971.1537735403	536.056	10772.5351836879	536.056	14262.3712	536.056	14206.8691421935	536.056	14206.8004844622	536.056	14028.2747759649	536.056	17445.44415	536.056	17376.8299025176	536.056	17376.747059817	536.056	17222.9912756833
536.156	1262.609	536.156	1262.28408443888	536.156	1262.28285132288	536.156	1063.88268804245	536.156	4402.37975	536.156	4408.30517671613	536.156	4408.30510250763	536.156	4265.6740054534	536.156	7783.5253	536.156	7737.39791925394	536.156	7737.38966022893	536.156	7561.00059242943	536.156	10984.96815	536.156	10930.5035599041	536.156	10930.4875125902	536.156	10772.8230521749	536.156	14213.6056	536.156	14168.0389186706	536.156	14168.0080722807	536.156	14029.0882882875	536.156	17431.23105	536.156	17341.9358055237	536.156	17341.8983203348	536.156	17223.7909467639
536.256	1226.7916	536.256	1230.08197229776	536.256	1230.08145739665	536.256	1063.79307186553	536.256	4379.96965	536.256	4388.79748823942	536.256	4388.79745872457	536.256	4265.69394735699	536.256	7733.6667	536.256	7703.23635127291	536.256	7703.23282265701	536.256	7561.08274042409	536.256	10908.04125	536.256	10896.853732644	536.256	10896.846824525	536.256	10773.1219716299	536.256	14180.4992	536.256	14136.7975963016	536.256	14136.7841242946	536.256	14029.9222375686	536.256	17404.89545	536.256	17314.3141760835	536.256	17314.2976876946	536.256	17224.6149785561
536.356	1211.3689	536.356	1201.4901864654	536.356	1201.48997746035	536.356	1063.70386800743	536.356	4399.57215	536.356	4370.7530030071	536.356	4370.75299159566	536.356	4265.71391585084	536.356	7717.7719	536.356	7674.42013185808	536.356	7674.41866633368	536.356	7561.16755573637	536.356	10910.87935	536.356	10869.4121859285	536.356	10869.4092950468	536.356	10773.4260130427	536.356	14149.6788	536.356	14112.0336920118	536.356	14112.0279723109	536.356	14030.7658089264	536.356	17398.69425	536.356	17292.7771539865	536.356	17292.7701036508	536.356	17225.4505690954
536.456	1165.9096	536.456	1176.48346700413	536.456	1176.48338453284	536.456	1063.61484351164	536.456	4395.01425	536.456	4354.33836496991	536.456	4354.33836068094	536.456	4265.73389532562	536.456	7667.7173	536.456	7650.45309338147	536.456	7650.45250169072	536.456	7561.25356030651	536.456	10896.46205	536.456	10847.3463633981	536.456	10847.3451873803	536.456	10773.7323568288	536.456	14145.7458	536.456	14092.7058105561	536.456	14092.703449929	536.456	14031.6137735166	536.456	17346.85655	536.456	17276.2499228248	536.456	17276.246992239	536.456	17226.2914779378
536.556	1118.5694	536.556	1154.92978038864	536.556	1154.92974875407	536.556	1063.52589471288	536.556	4296.40515	536.556	4339.64370105774	536.556	4339.6436994907	536.556	4265.75387920093	536.556	7645.2631	536.556	7630.79473611139	536.556	7630.79450388607	536.556	7561.34007924486	536.556	10852.63715	536.556	10829.8528543554	536.556	10829.8523892937	536.556	10774.0397045227	536.556	14106.5976	536.556	14077.8656396271	536.556	14077.8646925299	536.556	14032.4636836505	536.556	17285.96945	536.556	17263.7832035938	536.556	17263.7820194291	536.556	17227.1347601091
536.656	1103.618	536.656	1136.61495166022	536.656	1136.61493986424	536.656	1063.43697691226	536.656	4317.97425	536.656	4326.69078047021	536.656	4326.69077991364	536.656	4265.77386478772	536.656	7636.2541	536.656	7614.89118439965	536.656	7614.8910957989	536.656	7561.42681402407	536.656	10872.36045	536.656	10816.1822008317	536.656	10816.1820220512	536.656	10774.3474768916	536.656	14095.406	536.656	14066.6715703662	536.656	14066.6712009851	536.656	14033.3144295985	536.656	17272.55505	536.656	17254.5573241271	536.656	17254.5568589879	536.656	17227.9790696758
536.756	1139.6619	536.756	1121.26698554735	536.756	1121.26698127154	536.756	1063.34807143007	536.756	4331.04925	536.756	4315.44342090316	536.756	4315.443420711	536.756	4265.79385102056	536.756	7629.6657	536.756	7602.20027806389	536.756	7602.20024520308	536.756	7561.51363668791	536.756	10827.67085	536.756	10805.6554154342	536.756	10805.6553486239	536.756	10774.6554235713	536.756	14067.6393	536.756	14058.3940709092	536.756	14058.3939308641	536.756	14034.1655239264	536.756	17257.37705	536.756	17247.8793688489	536.756	17247.8791912392	536.756	17228.8238107387
536.856	1125.5696	536.856	1108.57863144999	536.856	1108.57862994332	536.856	1063.25917069888	536.856	4296.46785	536.856	4305.81912283369	536.856	4305.8191227692	536.856	4265.81383749014	536.856	7589.9176	536.856	7592.21050769388	536.856	7592.21049584623	536.856	7561.60049407853	536.856	10824.97985	536.856	10797.6730953719	536.856	10797.6730711014	536.856	10774.9634396816	536.856	14057.0266	536.856	14052.4143943275	536.856	14052.4143427127	536.856	14035.01675916	536.856	17230.92305	536.856	17243.1751768344	536.856	17243.1751109074	536.856	17229.6687276484
536.956	1155.1816	536.956	1098.22715915864	536.956	1098.22715864254	536.956	1063.17027174627	536.956	4285.77235	536.956	4297.70099806075	536.956	4297.7009980397	536.956	4265.83382404394	536.956	7563.7431	536.956	7584.45403424412	536.956	7584.45403009171	536.956	7561.68736478706	536.956	10800.49925	536.956	10791.7183737493	536.956	10791.7183651784	536.956	10775.271482632	536.956	14053.9198	536.956	14048.2183457042	536.956	14048.2183272118	536.956	14035.8680497016	536.956	17272.51515	536.956	17239.9779379242	536.956	17239.9779141354	536.956	17230.5137141026
537.056	1081.914	537.056	1089.8907226487	537.056	1089.89072247685	537.056	1063.08137344	537.056	4263.47165	537.056	4290.94920523153	537.056	4290.94920522486	537.056	4265.85381062682	537.056	7557.4573	537.056	7578.51440718335	537.056	7578.5144057686	537.056	7561.77424045319	537.056	10774.41105	537.056	10787.3550905763	537.056	10787.355087634	537.056	10775.5795356534	537.056	14057.234	537.056	14045.3867607486	537.056	14045.386754308	537.056	14036.7193613137	537.056	17273.04055	537.056	17237.9149411399	537.056	17237.9149327954	537.056	17231.3587272505
537.156	1048.2598	537.156	1083.26106300106	537.156	1083.26106294543	537.156	1062.99247536174	537.156	4267.32685	537.156	4285.41128879112	537.156	4285.41128878906	537.156	4265.87379721946	537.156	7603.3413	537.156	7574.02982265763	537.156	7574.02982218906	537.156	7561.86111791079	537.156	10761.75225	537.156	10784.2225470681	537.156	10784.2225460862	537.156	10775.887592343	537.156	14056.0423	537.156	14043.58414248	537.156	14043.5841402994	537.156	14037.5706807176	537.156	17217.63915	537.156	17236.693741878	537.156	17236.6937390326	537.156	17232.2037503437
537.256	1096.6489	537.256	1078.05261344916	537.256	1078.05261343166	537.256	1062.90357736158	537.256	4297.87305	537.256	4280.93101497422	537.256	4280.9310149736	537.256	4265.89378381527	537.256	7574.7339	537.256	7570.69286334498	537.256	7570.69286319412	537.256	7561.94799599686	537.256	10733.19495	537.256	10782.0280785872	537.256	10782.0280782687	537.256	10776.1956503297	537.256	14009.325	537.256	14042.5466290963	537.256	14042.5466283786	537.256	14038.4220029187	537.256	17224.00175	537.256	17236.0886975499	537.256	17236.0886966068	537.256	17233.0487770339
537.356	1102.9842	537.356	1074.00830586542	537.356	1074.00830586007	537.356	1062.8146793874	537.356	4310.05365	537.356	4277.355488574	537.356	4277.35548857382	537.356	4265.91377041208	537.356	7561.2487	537.356	7568.24766031466	537.356	7568.24766026744	537.356	7562.034874297	537.356	10772.01685	537.356	10780.5384887978	537.356	10780.5384886973	537.356	10776.5037087616	537.356	13993.5425	537.356	14042.0701745254	537.356	14042.0701742958	537.356	14039.2733260946	537.356	17236.32765	537.356	17235.928518326	537.356	17235.9285180221	537.356	17233.893804987
537.456	1079.3985	537.456	1070.90253517497	537.456	1070.90253517337	537.456	1062.7257814216	537.456	4281.38465	537.456	4274.54050156023	537.456	4274.54050156018	537.456	4265.9337570092	537.456	7546.2363	537.456	7566.48534191796	537.456	7566.4853419036	537.456	7562.12175266793	537.456	10752.33785	537.456	10779.5711670804	537.456	10779.5711670496	537.456	10776.811767342	537.456	14044.7339	537.456	14041.9995472581	537.456	14041.9995471867	537.456	14040.1246496003	537.456	17229.61615	537.456	17236.0852161046	537.456	17236.0852160094	537.456	17234.7388333706
537.556	1068.708	537.556	1068.54182122397	537.556	1068.54182122351	537.556	1062.63688345844	537.556	4257.46505	537.556	4272.35419904548	537.556	4272.35419904547	537.556	4265.95374360642	537.556	7528.2664	537.556	7565.23851245526	537.556	7565.23851245102	537.556	7562.2086310616	537.556	10756.28585	537.556	10778.9854910032	537.556	10778.985490994	537.556	10777.1198259704	537.556	14008.0038	537.556	14042.2185135601	537.556	14042.2185135385	537.556	14040.9759732144	537.556	17233.43035	537.556	17236.4646230118	537.556	17236.4646229828	537.556	17235.5838618967
537.656	1056.9737	537.656	1066.76372753118	537.656	1066.76372753105	537.656	1062.54798549608	537.656	4300.23945	537.656	4270.67924497354	537.656	4270.67924497354	537.656	4265.97373020366	537.656	7568.3149	537.656	7564.37535791162	537.656	7564.37535791039	537.656	7562.29550946235	537.656	10773.63205	537.656	10778.6749149614	537.656	10778.6749149587	537.656	10777.4278846139	537.656	14028.1793	537.656	14042.641378071	537.656	14042.6413780647	537.656	14041.8272968631	537.656	17173.78115	537.656	17236.9984931555	537.656	17236.9984931469	537.656	17236.4288904686
537.756	1059.2854	537.756	1065.43456749073	537.756	1065.43456749069	537.756	1062.45908753395	537.756	4321.66895	537.756	4269.41372936219	537.756	4269.41372936218	537.756	4265.9937168009	537.756	7551.8244	537.756	7563.79382666197	537.756	7563.79382666163	537.756	7562.38238786525	537.756	10705.94405	537.756	10778.5599763883	537.756	10778.5599763876	537.756	10777.735943262	537.756	14005.681	537.756	14043.2059101857	537.756	14043.2059101839	537.756	14042.6786205225	537.756	17233.41615	537.756	17237.6380941341	537.756	17237.6380941317	537.756	17237.2739190549
537.856	1050.6587	537.856	1064.44636634302	537.856	1064.44636634301	537.856	1062.37018957189	537.856	4261.45125	537.856	4268.47108475419	537.856	4268.47108475419	537.856	4266.01370339815	537.856	7528.4106	537.856	7563.41619372389	537.856	7563.4161937238	537.856	7562.46926626878	537.856	10764.03535	537.856	10778.582317079	537.856	10778.5823170788	537.856	10778.0440019114	537.856	13982.2965	537.856	14043.8675851116	537.856	14043.8675851111	537.856	14043.5299441852	537.856	17196.42655	537.856	17238.3491303641	537.856	17238.3491303634	537.856	17238.1189476454
537.956	1089.7001	537.956	1063.71346606725	537.956	1063.71346606725	537.956	1062.28129160985	537.956	4258.17945	537.956	4267.77927786155	537.956	4267.77927786155	537.956	4266.0336899954	537.956	7481.7381	537.956	7563.18419676074	537.956	7563.18419676072	537.956	7562.5561446725	537.956	10743.34755	537.956	10778.6997190678	537.956	10778.6997190677	537.956	10778.3520605613	537.956	13995.3586	537.956	14044.5950075541	537.956	14044.5950075539	537.956	14044.3812678487	537.956	17145.20995	537.956	17239.1078095571	537.956	17239.1078095569	537.956	17238.9639762373
538.056	1066.3249	538.056	1063.16907257536	538.056	1063.16907257536	538.056	1062.19239364781	538.056	4244.00565	538.056	4267.27952048457	538.056	4267.27952048457	538.056	4266.05367659265	538.056	7515.0964	538.056	7563.05483499974	538.056	7563.05483499973	538.056	7562.64302307626	538.056	10742.90185	538.056	10778.882088761	538.056	10778.882088761	538.056	10778.6601192113	538.056	14011.8521	538.056	14045.3663556296	538.056	14045.3663556296	538.056	14045.2325915126	538.056	17154.62885	538.056	17239.8978575217	538.056	17239.8978575217	538.056	17239.8090048295
538.156	1006.1096	538.156	1062.761959645	538.156	1062.761959645	538.156	1062.10349568578	538.156	4254.35415	538.156	4266.92470896099	538.156	4266.92470896099	538.156	4266.0736631899	538.156	7571.3981	538.156	7562.99684935464	538.156	7562.99684935464	538.156	7562.72990148004	538.156	10711.66015	538.156	10779.108284347	538.156	10779.108284347	538.156	10778.9681778613	538.156	13992.7892	538.156	14046.1666747693	538.156	14046.1666747693	538.156	14046.0839151765	538.156	17162.68695	538.156	17240.7082966936	538.156	17240.7082966936	538.156	17240.6540334218
