O1s_f(T)_Wave0	O1s_f(T)_ fitresult	O1s_f(T)_ peak 2	O1s_f(T)_ peak 3	O1s_f(T)_Wave4	O1s_f(T)_ fitresult	O1s_f(T)_ peak 2	O1s_f(T)_ peak 3	O1s_f(T)_Wave8	O1s_f(T)_ fitresult	O1s_f(T)_ peak 2	O1s_f(T)_ peak 3	O1s_f(T)_Wave12	O1s_f(T)_ fitresult	O1s_f(T)_ peak 2	O1s_f(T)_ peak 3	O1s_f(T)_Wave16	O1s_f(T)_ fitresult	O1s_f(T)_ peak 2	O1s_f(T)_ peak 3	O1s_f(T)_Wave20	O1s_f(T)_ fitresult	O1s_f(T)_ peak 2	O1s_f(T)_ peak 3
1093.5498	1069.22384508959	1069.22153986781	1069.21763787024	4243.91455	4264.47807456927	4264.47550332506	4264.47730665408	7478.4803	7555.841741945	7555.83783987689	7555.78353124565	10687.43745	10754.5853738385	10754.580555945	10754.3283037535	13926.0862	13978.7340608373	13978.7301665383	13977.98191636	17124.55335	17174.4494529299	17174.4463651163	17173.0548338483
1044.6831	1069.14203625838	1069.13678033624	1069.13169060856	4263.06275	4264.50162400956	4264.49603999526	4264.50030602142	7522.7958	7555.96889542213	7555.95979237552	7555.87561062793	10755.78275	10755.0440101524	10755.0326853411	10754.6428693213	13930.3694	13979.9890634297	13979.9797764697	13978.8386326849	17175.81695	17176.0097695995	17176.0023533231	17173.9041909034
1056.3491	1069.06623277607	1069.05458351998	1069.04918598049	4261.83075	4264.52873353968	4264.51694492485	4264.5264972192	7507.0645	7556.12181925461	7556.10117535451	7555.97402988521	10721.11335	10755.5843034619	10755.5584262305	10754.9654803914	13957.0861	13981.4417770551	13981.4202477055	13979.7021987384	17167.52705	17177.9018818051	17177.8845663545	17174.7591186701
1017.7758	1069.00150647469	1068.97640723739	1068.97373799966	4250.40265	4264.56263962573	4264.53844649367	4264.55888833368	7507.1519	7556.31724742781	7556.27173711794	7556.08577469876	10736.23275	10756.2488994449	10756.1914193197	10755.3051419353	13949.6724	13983.1809805251	13983.1324627021	13980.5805108757	17196.99035	17180.2635486951	17180.2242484957	17175.6261320112
1067.3287	1068.95702888394	1068.9044591332	1068.91231055107	4266.57605	4264.6091679221	4264.56090268154	4264.60294703943	7508.0158	7556.58308392708	7556.48555332669	7556.22467339305	10735.38515	10757.102751253	10756.978634426	10755.6798372871	13949.3073	13985.3327243621	13985.2264362331	13981.4896048458	17162.90615	17183.2835249416	17183.1968150245	17176.5185703212
1072.0293	1068.94907149662	1068.84203685174	1068.87787748317	4291.15405	4264.67847018952	4264.58486715776	4264.66827142788	7527.47	7556.96584125995	7556.76265933794	7556.41720311845	10733.52185	10758.24521321	10757.9846838428	10756.1243084774	14017.7232	13988.075868339	13987.8495179314	13982.4609907882	17143.66835	17187.219002951	17187.0330274021	17177.4628645453
1063.5039	1069.00584717445	1068.7939984329	1068.89379361781	4291.86425	4264.78764971081	4264.61118477706	4264.77111992711	7532.8055	7557.54263619542	7557.13116229612	7556.71237349953	10737.71755	10759.8287241023	10759.2971108898	10756.7034509727	14027.162	13991.6645541815	13991.1959665075	13983.5545517186	17199.58145	17192.4192929233	17192.0315391893	17178.5096713227
1062.371	1069.17500689752	1068.76740099355	1069.0006528182	4259.45815	4264.96452724884	4264.64112727485	4264.93804156461	7571.2388	7558.43996599241	7557.62991458391	7557.1978294125	10735.09175	10762.0872050766	10761.0327018593	10757.5343996275	13969.9915	13996.4607561524	13995.5177522249	13984.8802916361	17180.84325	17199.3583068814	17198.5724034417	17179.7528496208
1062.9891	1069.53472553594	1068.77235148671	1069.26652300142	4281.77335	4265.25273150688	4264.67658278169	4265.21077691306	7543.1896	7559.86204776794	7558.3118184992	7558.02488567652	10764.52135	10765.378148383	10763.3447938257	10758.8213096174	13975.9853	14002.9810587825	14001.1362591474	13986.6334110075	17176.83585	17208.6793013125	17207.1308574968	17181.3604185891
1058.4493	1070.20926285374	1068.82311739981	1069.80139644409	4262.06875	4265.71811303369	4264.72031580972	4265.65241200908	7570.3563	7562.1317869296	7559.24780626506	7559.44551547611	10758.97335	10770.2429013963	10766.431441284	10760.9074738225	14035.5744	14011.9626350803	14008.4543250274	13989.1482450893	17185.79855	17221.2561318207	17218.2903802057	17183.6227549808
1096.4774	1071.38952634052	1068.93954618536	1070.77633318328	4258.97475	4266.45613845873	4264.77631733282	4266.35442250828	7562.6368	7565.74706617238	7560.53149570047	7561.86398368726	10777.41455	10777.4893259801	10770.5441587684	10764.3492395719	14080.6433	14024.4535252168	14017.9677813568	13992.9770025603	17254.14685	17238.2755515557	17232.7536690604	17187.0239144534
1097.2622	1073.35832724023	1069.14883813714	1072.44694416919	4303.23375	4267.59940700892	4264.85026706746	4267.44372792109	7572.249	7571.45350679546	7562.2844565457	7565.90434186889	10795.08815	10788.2990978516	10775.996775717	10770.0144531448	14070.8602	14041.9309558103	14030.2753546006	13998.998183574	17298.63355	17261.3441465402	17251.3498413476	17192.341365743
1087.3547	1076.51857947455	1069.48770613807	1075.17943044054	4253.65185	4269.32377835519	4264.95013145646	4269.0882214756	7611.5739	7580.33160682011	7564.661933257	7572.49184358603	10858.45635	10804.3575634909	10783.1737304606	10779.2040226906	14078.975	14066.447590512	14046.0854876067	14008.5560089336	17367.96395	17292.6204115725	17275.0358673947	17200.7766333205
1109.4813	1081.42062625375	1070.00493485695	1079.47535053882	4249.18015	4271.85092115316	4265.08692036538	4271.4985619619	7639.659	7593.89082116955	7567.85875695398	7582.94111264227	10859.48275	10827.9966055156	10792.5369055979	10793.7879482279	14119.4464	14100.7982661812	14066.2183737936	14023.6251220799	17387.00485	17334.9662292465	17304.8900486154	17214.1132983663
1064.6065	1088.78238755382	1070.76431932575	1085.98882940807	4272.83015	4275.44458456783	4265.27562214366	4274.92351019555	7648.5824	7614.15578273526	7572.11504523434	7599.0366643314	10906.42555	10862.330262165	10804.6298880896	10816.3366810356	14174.4777	14148.6883755758	14091.6013114996	14046.9836174323	17415.76945	17392.1019170555	17342.0953184673	17234.8887449157
1074.4756	1099.4935978804	1071.84791667075	1095.52754442761	4319.77465	4280.39783112585	4265.53632937433	4279.63603612014	7722.8829	7643.72131903554	7577.72114107044	7623.08298319935	10943.86355	10911.3498684206	10820.0783526902	10850.2158813406	14228.5632	14214.870065563	14123.2554337467	14082.3625088365	17504.75895	17468.7351996763	17387.9103310669	17266.5520435292
1131.1473	1114.59386032556	1073.35948442025	1109.02734116123	4274.97385	4287.00913203437	4265.89555520822	4285.90809779202	7743.8758	7685.74508953619	7585.02109320534	7657.89367996888	10991.94005	10979.9327415749	10839.5851519356	10899.6000138995	14354.8776	14305.1959606036	14162.2720027233	14134.5231585642	17583.68835	17570.6185862472	17443.6267623221	17313.5640274372
1184.8362	1135.21460996559	1075.42790521078	1127.4907720487	4258.22665	4295.54681325103	4266.38772165572	4293.97359915843	7785.8324	7743.8424905438	7594.41384776781	7706.68520481781	11113.16105	11073.7101052221	10863.9186887296	10969.3518994027	14439.8076	14426.5264179361	14209.776825584	14209.2001167001	17707.54085	17704.4753209923	17510.5120159241	17381.3805371727
1177.8589	1162.47834962697	1078.21031402988	1151.88320492895	4299.78635	4306.20384291845	4267.05677595252	4303.9815611263	7823.4331	7821.85149531684	7606.35122630856	7772.84370945388	11224.43815	11198.7414160372	10893.8932872349	11064.7166703626	14491.3012	14586.4215210788	14266.881980942	14312.8413881487	17846.09665	17877.7269723674	17589.7376061554	17476.2516269088
1178.6128	1197.35525576169	1081.89455625998	1182.98697087153	4316.29725	4319.04805040086	4267.95785910323	4315.94467205526	7962.3299	7923.44851132719	7621.3317344638	7859.54709571277	11369.83755	11360.9588286585	10930.3405968482	11190.7948320206	14712.86	14792.5601055402	14334.6249518189	14452.0883253971	18030.28765	18097.9626540187	17682.2948474045	17604.7750959034
1240.9418	1240.48714446721	1086.70052162619	1221.2239962488	4328.85465	4333.97590746954	4269.15891283225	4329.69146199216	8078.2344	8051.62159653554	7639.88930411212	7969.24948967658	11492.32065	11565.3803989605	10974.071582433	11351.7934753877	15077.7168	15051.8607843671	14413.8964161827	14632.9688635242	18307.85185	18372.1169825002	17788.9010375948	17773.1682627869
1296.6758	1292.00034299243	1092.87983252678	1266.46898591141	4386.21455	4350.68007592966	4270.74206951342	4344.83246036836	8201.2819	8208.04273846034	7662.57624365236	8103.07057046493	11831.92365	11815.1425561848	11025.8293721009	11550.1059015943	15351.7483	15369.3357748778	14505.3592871942	14859.8323066874	18640.04735	18705.3739652081	17909.9009540848	17986.2703575971
1344.816	1351.33954432128	1100.71332930088	1317.88579250412	4365.84155	4368.64109518006	4272.80462767907	4360.75090805036	8373.928	8392.42049885655	7689.9399723828	8260.17148053448	12065.78635	12110.4639582145	11086.2341265563	11785.3306078186	15766.3122	15746.7820365567	14609.3630177768	15134.1261614477	19035.65945	19099.883680893	18045.1700193775	18246.3560365817
1421.5058	1417.16080862119	1110.5058050859	1373.82568305699	4381.57035	4387.1511920042	4275.45937835546	4376.62624079536	8625.7677	8601.94842737507	7722.49355085586	8437.23270898373	12432.37355	12447.7103042092	11155.722106962	12053.3970320575	16158.8769	16181.4922730666	14725.8585471219	15453.1921922764	19543.06445	19553.4564478252	18194.0267452418	18551.917106242
1499.0872	1487.32027070865	1122.57751372029	1431.82453854801	4409.06835	4405.37318183873	4278.83402097964	4391.49357460297	8831.7104	8830.9814883264	7760.68057866933	8628.16562052535	12830.18965	12818.7650611211	11234.4821672608	12345.9997873207	16638.3383	16665.2300992282	14854.3204025481	15809.3194866757	20055.93065	20058.4661699864	18355.1628243797	18896.6357778575
1520.0034	1558.98392671844	1137.25211737737	1488.72469293869	4420.42375	4422.43051617567	4283.06939918417	4404.33551733263	9107.8657	9071.06186618437	7804.83568469159	8824.17777076485	13234.32015	13210.9068823233	11322.3938719812	12650.5379624525	17182.4264	17183.7357749072	14993.6832011799	16189.3136873868	20645.82195	20601.2276601714	18526.5993229962	19268.8057980184
1632.6376	1628.86362256443	1154.84096238325	1540.92664581677	4426.24825	4437.51717122688	4288.31630366319	4414.19525450207	9283.1097	9311.37176555399	7855.14253246367	9014.26770076617	13591.57145	13607.3398877526	11418.9722148466	12950.7006836665	17802.1814	17716.9923398532	15142.2999567905	16574.8048203862	21288.39685	21162.0913141317	18705.6766964238	19651.4371071434
1702.0991	1693.55845091794	1175.62386984927	1584.74966874222	4409.92365	4450.01014389211	4294.73063825535	4420.29387917238	9518.2839	9539.61765998875	7911.59193736074	9186.15106870764	14005.81475	13988.4193610643	11523.3243566335	13227.7360738413	18251.5814	18240.3799100975	15297.9290595413	16943.4146115437	21745.15555	21716.4121386419	18889.0847382405	20023.1949184293
1766.7769	1749.9550222093	1199.82698980576	1616.85422211506	4482.19265	4459.56459082727	4302.46683091697	4422.13212004318	9702.2152	9743.26103787657	7973.94326037857	9327.53000198141	14328.65755	14333.4793570172	11634.1237958429	13462.3046892347	18702.6895	18726.6894602665	15457.7554935698	17270.7490513481	22218.76035	22236.4051805564	19072.9361120238	20360.1816151528
1789.8519	1795.62138486689	1227.59866931955	1634.66000729682	4469.24155	4466.17320267199	4311.66949475885	4419.55805464327	9899.5105	9910.92579865821	8041.69261895474	9427.53228259067	14686.89085	14623.0300066744	11749.6068481361	13636.6803452488	19253.7745	19148.7866037794	15618.4498043179	17533.0032077768	22696.83405	22693.7212954222	19252.8839426173	20638.3949280173
1831.4978	1829.12361722363	1258.98469109312	1636.68731991796	4491.89645	4470.17723845433	4322.46350265688	4412.78806912483	10027.2638	10033.755171855	8114.05155601267	9478.08959713331	14903.39745	14840.9870283617	11867.5952050377	13736.9570686845	19489.3984	19482.553884356	15776.2656323118	17709.8059840235	23175.67035	23062.4064832098	19424.2803047928	20836.5287822218
1868.0993	1850.20420026068	1293.90460438439	1622.75909170171	4490.88345	4472.22555739879	4334.94282365357	4402.37705366985	10130.8276	10106.4798259241	8189.93956976601	9475.01311585285	14884.09265	14976.5559692629	11985.5466971209	13754.8825761525	19664.095	19709.6418876947	15927.173494164	17786.837449174	23307.60435	23321.7902698659	19582.3686739411	20938.669228322
1865.8222	1859.78590029386	1332.13114440147	1594.02535375578	4484.16815	4473.18788764326	4349.15866633519	4389.14352782995	10154.9383	10128.0011140166	8267.99329352064	9418.56755859446	15004.05535	15025.4360721978	12100.6342993911	13688.9831354673	19795.2878	19819.5578822388	16067.0251959591	17757.7530655868	23394.39335	23458.820771523	19722.4998840348	20936.4135484778
1827.8757	1859.79860293304	1373.27486945716	1552.80543337723	4459.42055	4474.03708068672	4365.10766431365	4374.0637094922	10097.2371	10101.3821316872	8346.59413106459	9313.4346171249	14921.43985	14990.1287536674	12209.8510517185	13544.7671232594	19727.9914	19810.7246290219	16191.7401431555	17625.0561888375	23363.80845	23469.4418085247	19840.3582723006	20830.021225806
1812.7767	1852.86121199948	1416.77609401088	1502.27791992792	4473.91365	4475.72023843456	4382.72099878405	4358.15351936689	9998.7423	10033.2540983434	8423.91484908399	9168.07274416553	14909.42645	14879.306944517	12310.1361444957	13333.9682799819	19600.0489	19690.3315949025	16297.5022145646	17399.7524069729	23241.62655	23358.7782097126	19932.1828384406	20628.3780894463
1832.527	1841.87790338454	1461.90593147606	1446.07587588577	4470.85175	4479.03935136348	4401.85545825908	4342.35815941803	9950.6804	9932.7584747038	8497.9840992067	8993.59474880698	14783.99375	14706.3825224707	12398.5151915519	13072.9728695293	19524.5755	19473.0316889766	16380.954117724	17099.8519215516	23162.62345	23140.1204411741	19994.9676806071	20347.7805073335
1847.6835	1829.62140748306	1507.77777537186	1387.85863812645	4498.72485	4484.55863268313	4422.28746289417	4327.46542269983	9765.6467	9810.22869363947	8566.76622442211	8802.36972093102	14453.20935	14487.5554856152	12472.2459347652	12780.7231481106	19189.1072	19178.7524713316	16439.3754889154	16748.0026563792	22841.68575	22832.9244368621	20026.6268320111	20009.7703802099
1833.1661	1818.37319405531	1553.36985859549	1330.92944351305	4473.31495	4492.54929990739	4443.71101214385	4314.05252727167	9683.1878	9675.85052835704	8628.25216058651	8606.59249788797	14146.08105	14239.7063708257	12528.9595246382	12476.4685020981	18867.3775	18830.039872332	16470.8315834606	16368.6852864983	22529.02125	22460.2128696074	20026.110895646	19638.4197779126
1826.9587	1809.67340947697	1597.55868310967	1277.95193645848	4497.41325	4502.97495746551	4465.74034002256	4302.46884354834	9579.6384	9538.52180354382	8680.55594545358	8417.04686661146	13999.83595	13978.4884986086	12566.7872644557	12177.7309487135	18460.0486	18449.4027874742	16474.2812264311	15985.4498823339	22032.73995	22045.8421240252	19993.4663818921	19257.5385746767
1842.1285	1804.20755307161	1639.16217633627	1230.7936888645	4510.12415	4515.51380164828	4487.91778334996	4292.85023100096	9451.7926	9405.06952103309	8722.01045487405	8242.22695308404	13719.88485	13716.8973774264	12584.4633720254	11898.7717786116	18073.9776	18057.0743822761	16449.6356236676	15618.6184035633	21626.79855	21612.073392231	19929.8330694547	18888.2481839122
1825.2922	1801.82911794946	1676.99049570679	1190.49803640979	4503.59015	4529.60895094846	4509.72699927967	4285.15615096868	9311.6349	9279.8950817857	8751.25562428178	8087.89422283271	13522.55095	13464.4677918403	12581.3958798785	11649.7177438224	17736.2431	17669.4734491876	16397.7633999504	15283.741017856	21241.15415	21177.7729524794	19837.3795984879	18547.2462437197
1789.7846	1801.69416071372	1709.90156900323	1157.36310791557	4497.92575	4544.53589842578	4530.61123634609	4279.21884797682	9181.7735	9165.02947122341	8767.31265643226	7957.05845852372	13300.09025	13227.1102987173	12557.700135233	11436.364053995	17300.2701	17298.4774455553	16320.4414656248	14990.9182722131	20829.40195	20757.4027631358	19719.1823719675	18245.9183094889
1793.5749	1802.46923161536	1736.85782348315	1131.09302637526	4538.29245	4559.47623492309	4549.995906626	4274.79450079148	9038.908	9060.51021882873	8769.63857118529	7850.30016977979	13028.37995	13007.4814404562	12514.1922556476	11260.5511339693	16984.2511	16951.4529601612	16220.2555878644	14744.9309882434	20390.77375	20360.7928219311	19579.0571961827	17990.2785726613
1773.97	1802.56963329205	1756.98020495785	1110.98214861521	4593.72685	4573.58871402867	4567.3142714291	4271.6086016912	8965.0265	8964.95274168758	8758.15685753286	7766.31128469485	12854.26415	12805.7083964964	12452.3430582169	11120.9353460902	16651.162	16631.8656738949	16100.4584259421	14545.9921875634	20009.38705	19993.5505266887	19421.3565053283	17781.5819968657
1795.691	1800.38928471587	1769.59557611862	1096.09753091624	4631.25845	4586.07151331009	4582.03468772512	4269.39097127386	8860.718	8876.1826189626	8733.2618145349	7702.52308337161	12643.25105	12620.2664820686	12374.1960895977	11013.9484589317	16319.6387	16340.2297123897	15964.7958974934	14390.8700781708	19662.40315	19657.8834398685	19250.747174585	17617.3692693811
1770.612	1794.49354908919	1774.27393295277	1085.43454049337	4654.70745	4596.2123593756	4593.68761227467	4267.89887938706	8741.4006	8791.81632011526	8695.7962376668	7655.70923979615	12379.01745	12448.8303668923	12282.2561277993	10934.7603642037	16027.0318	16075.1560131991	15817.3147852612	14274.1288148763	19345.61405	19353.5954764931	19071.9846659144	17492.6888432687
1823.6188	1783.75872506424	1770.85257000854	1078.03218145062	4563.99875	4603.42546212653	4601.89046049972	4266.9291205102	8722.2816	8709.71492761609	8647.0042117362	7622.48675163136	12216.91885	12288.9714815101	12179.3566361118	10878.1090291591	15814.272	15834.3063384982	15662.1653087795	14189.279940321	19076.74155	19079.0514508288	18889.6985694254	17401.2759426856
1720.216	1767.45348204582	1759.44530046539	1073.04531001331	4613.68205	4607.27570842565	4606.3684879169	4266.32132598939	8562.8185	8628.27657820906	8588.46269813767	7599.67679422664	12108.91515	12138.6362670359	12068.5159332695	10838.9225761772	15596.7088	15615.1315835977	15503.4119523277	14129.7098655363	18759.40975	18831.970426778	18708.2026541785	17336.5358624741
1740.3381	1745.26641244553	1740.43600231149	1069.77864060488	4617.50355	4607.49133600553	4606.97010536225	4265.95532272118	8525.4237	8546.56915075028	8521.99716183613	7584.52178147319	12000.19655	11996.396740789	11952.7922082514	10812.7148335983	15369.7674	15415.3478070807	15344.8642761683	14089.3250888427	18533.36845	18609.9819224406	18531.3396066835	17292.2554342241
1733.2559	1717.28935263297	1714.4570010417	1067.69168410009	4624.19855	4603.96654937635	4603.67543739364	4265.74519065785	8494.8344	8464.3296202116	8449.58752611518	7574.77876505924	11770.55145	11861.5061724751	11835.1469644966	10795.7775676892	15190.9919	15233.1643506153	15189.9369747706	14062.9202574389	18312.27215	18410.9426677954	18362.3670790175	17263.0337358372
1691.2271	1683.96843216711	1682.35398669696	1066.38488001694	4615.95145	4596.7555031601	4596.59744996282	4265.63211846967	8372.4816	8381.86906098616	8373.27118634941	7568.72142400334	11692.25585	11733.814948409	11718.3251366522	10785.2162301176	15028.9532	15067.3171003441	15041.5453952274	14046.3159103748	18187.72535	18233.0549695095	18203.8878920839	17244.4702530773
1646.6031	1646.03474623448	1645.1401796741	1065.57610314514	4569.07835	4586.05897608066	4585.97555812341	4265.57746982689	8297.3028	8299.92421050215	8295.04964287999	7565.08499539254	11631.89695	11613.6067400947	11604.7581722622	10778.8830448433	14867.8808	14916.9756524112	14902.0394394841	14036.3317418492	18076.47635	18074.8483809589	18057.8236280642	17233.1729571387
1587.1119	1604.42506085343	1603.94320737288	1065.07449210327	4571.91255	4572.20501679244	4572.16221826005	4265.55683699929	8162.4279	8219.49112567077	8216.80458047015	7562.98385137479	11463.03905	11501.4077991607	11496.4940510428	10775.2562837787	14789.3908	14781.590523135	14773.1755855261	14030.6617901949	17905.12905	17935.0878292117	17925.4277256782	17226.6533363698
1568.6592	1560.20087432803	1559.94856668753	1064.75604830119	4537.18665	4555.62489778844	4555.60355204601	4265.55537080657	8152.1317	8141.6673845636	8140.22803836317	7561.82353077837	11405.68795	11397.8083477779	11395.1557838593	10773.3031582295	14658.3332	14660.7326253302	14656.1239685534	14027.7068330268	17815.13525	17812.6601858378	17807.3317982688	17223.1666489976
1503.6152	1514.47202698297	1514.34359923546	1064.54327044616	4526.87285	4536.8258364958	4536.81548729738	4265.56436085981	8108.8696	8067.51946599568	8066.76983171099	7561.22069726641	11295.58615	11303.3196133055	11301.9276368592	10772.3506294072	14569.9812	14553.9589211596	14551.5052808785	14026.4031401951	17723.68805	17706.4744406275	17703.6173573898	17221.5403732586
1506.0339	1468.32915930877	1468.26561152777	1064.38949251762	4514.58565	4516.36207079022	4516.35719308866	4265.5788759602	8043.1724	7997.98330298846	7997.60377249293	7560.93747188104	11273.06965	11218.276453251	11217.5663672075	10771.9767976544	14521.3384	14460.7206780848	14459.4508045239	14026.0706971387	17642.75155	17615.3937000516	17613.9044657136	17221.0175529513
1424.512	1422.78774954118	1422.7571823892	1064.26761392657	4507.24255	4494.80594412651	4494.80370933612	4265.59621964629	7931.3268	7933.79945540618	7933.61266396388	7560.83161123158	11204.94475	11142.7854094927	11142.4332794102	10771.9269003433	14419.1583	14380.3171004204	14379.6782147744	14026.2910328879	17629.13685	17538.203589475	17537.4489904305	17221.1279462502
1394.9833	1378.74518755292	1378.73089457826	1064.16244178721	4465.35575	4472.72061591259	4472.71962057266	4265.61496679308	7875.2074	7875.48002094802	7875.39065329864	7560.82106584244	11130.28485	11076.7117396101	11076.5419901736	10772.0525783475	14380.6523	14311.8882964707	14311.5758332953	14026.8159340812	17478.60275	17473.6126291449	17473.240937737	17221.5900672059
1342.2756	1336.95130010962	1336.94480325224	1064.06574770789	4417.16675	4450.63584595392	4450.63541501162	4265.63438899269	7857.3753	7823.3019960634	7823.26043211896	7560.8601405413	11075.84385	11019.6959790333	11019.6164315185	10772.2704350757	14321.7237	14254.4372022486	14254.288647132	14027.5033496863	17437.00815	17420.2756085221	17420.097632353	17222.2413805594
1284.0168	1297.99188190466	1297.98901114323	1063.97322364991	4435.07995	4429.02801599343	4429.02783461741	4265.65412602367	7782.044	7777.32083068465	7777.30203897741	7560.92424670787	11033.54235	10971.1900110172	10971.1537735403	10772.5351836879	14262.3712	14206.8691421935	14206.8004844622	14028.2747759649	17445.44415	17376.8299025176	17376.747059817	17222.9912756833
1262.609	1262.28408443888	1262.28285132288	1063.88268804245	4402.37975	4408.30517671613	4408.30510250763	4265.6740054534	7783.5253	7737.39791925394	7737.38966022893	7561.00059242943	10984.96815	10930.5035599041	10930.4875125902	10772.8230521749	14213.6056	14168.0389186706	14168.0080722807	14029.0882882875	17431.23105	17341.9358055237	17341.8983203348	17223.7909467639
1226.7916	1230.08197229776	1230.08145739665	1063.79307186553	4379.96965	4388.79748823942	4388.79745872457	4265.69394735699	7733.6667	7703.23635127291	7703.23282265701	7561.08274042409	10908.04125	10896.853732644	10896.846824525	10773.1219716299	14180.4992	14136.7975963016	14136.7841242946	14029.9222375686	17404.89545	17314.3141760835	17314.2976876946	17224.6149785561
1211.3689	1201.4901864654	1201.48997746035	1063.70386800743	4399.57215	4370.7530030071	4370.75299159566	4265.71391585084	7717.7719	7674.42013185808	7674.41866633368	7561.16755573637	10910.87935	10869.4121859285	10869.4092950468	10773.4260130427	14149.6788	14112.0336920118	14112.0279723109	14030.7658089264	17398.69425	17292.7771539865	17292.7701036508	17225.4505690954
1165.9096	1176.48346700413	1176.48338453284	1063.61484351164	4395.01425	4354.33836496991	4354.33836068094	4265.73389532562	7667.7173	7650.45309338147	7650.45250169072	7561.25356030651	10896.46205	10847.3463633981	10847.3451873803	10773.7323568288	14145.7458	14092.7058105561	14092.703449929	14031.6137735166	17346.85655	17276.2499228248	17276.246992239	17226.2914779378
1118.5694	1154.92978038864	1154.92974875407	1063.52589471288	4296.40515	4339.64370105774	4339.6436994907	4265.75387920093	7645.2631	7630.79473611139	7630.79450388607	7561.34007924486	10852.63715	10829.8528543554	10829.8523892937	10774.0397045227	14106.5976	14077.8656396271	14077.8646925299	14032.4636836505	17285.96945	17263.7832035938	17263.7820194291	17227.1347601091
1103.618	1136.61495166022	1136.61493986424	1063.43697691226	4317.97425	4326.69078047021	4326.69077991364	4265.77386478772	7636.2541	7614.89118439965	7614.8910957989	7561.42681402407	10872.36045	10816.1822008317	10816.1820220512	10774.3474768916	14095.406	14066.6715703662	14066.6712009851	14033.3144295985	17272.55505	17254.5573241271	17254.5568589879	17227.9790696758
1139.6619	1121.26698554735	1121.26698127154	1063.34807143007	4331.04925	4315.44342090316	4315.443420711	4265.79385102056	7629.6657	7602.20027806389	7602.20024520308	7561.51363668791	10827.67085	10805.6554154342	10805.6553486239	10774.6554235713	14067.6393	14058.3940709092	14058.3939308641	14034.1655239264	17257.37705	17247.8793688489	17247.8791912392	17228.8238107387
1125.5696	1108.57863144999	1108.57862994332	1063.25917069888	4296.46785	4305.81912283369	4305.8191227692	4265.81383749014	7589.9176	7592.21050769388	7592.21049584623	7561.60049407853	10824.97985	10797.6730953719	10797.6730711014	10774.9634396816	14057.0266	14052.4143943275	14052.4143427127	14035.01675916	17230.92305	17243.1751768344	17243.1751109074	17229.6687276484
1155.1816	1098.22715915864	1098.22715864254	1063.17027174627	4285.77235	4297.70099806075	4297.7009980397	4265.83382404394	7563.7431	7584.45403424412	7584.45403009171	7561.68736478706	10800.49925	10791.7183737493	10791.7183651784	10775.271482632	14053.9198	14048.2183457042	14048.2183272118	14035.8680497016	17272.51515	17239.9779379242	17239.9779141354	17230.5137141026
1081.914	1089.8907226487	1089.89072247685	1063.08137344	4263.47165	4290.94920523153	4290.94920522486	4265.85381062682	7557.4573	7578.51440718335	7578.5144057686	7561.77424045319	10774.41105	10787.3550905763	10787.355087634	10775.5795356534	14057.234	14045.3867607486	14045.386754308	14036.7193613137	17273.04055	17237.9149411399	17237.9149327954	17231.3587272505
1048.2598	1083.26106300106	1083.26106294543	1062.99247536174	4267.32685	4285.41128879112	4285.41128878906	4265.87379721946	7603.3413	7574.02982265763	7574.02982218906	7561.86111791079	10761.75225	10784.2225470681	10784.2225460862	10775.887592343	14056.0423	14043.58414248	14043.5841402994	14037.5706807176	17217.63915	17236.693741878	17236.6937390326	17232.2037503437
1096.6489	1078.05261344916	1078.05261343166	1062.90357736158	4297.87305	4280.93101497422	4280.9310149736	4265.89378381527	7574.7339	7570.69286334498	7570.69286319412	7561.94799599686	10733.19495	10782.0280785872	10782.0280782687	10776.1956503297	14009.325	14042.5466290963	14042.5466283786	14038.4220029187	17224.00175	17236.0886975499	17236.0886966068	17233.0487770339
1102.9842	1074.00830586542	1074.00830586007	1062.8146793874	4310.05365	4277.355488574	4277.35548857382	4265.91377041208	7561.2487	7568.24766031466	7568.24766026744	7562.034874297	10772.01685	10780.5384887978	10780.5384886973	10776.5037087616	13993.5425	14042.0701745254	14042.0701742958	14039.2733260946	17236.32765	17235.928518326	17235.9285180221	17233.893804987
1079.3985	1070.90253517497	1070.90253517337	1062.7257814216	4281.38465	4274.54050156023	4274.54050156018	4265.9337570092	7546.2363	7566.48534191796	7566.4853419036	7562.12175266793	10752.33785	10779.5711670804	10779.5711670496	10776.811767342	14044.7339	14041.9995472581	14041.9995471867	14040.1246496003	17229.61615	17236.0852161046	17236.0852160094	17234.7388333706
1068.708	1068.54182122397	1068.54182122351	1062.63688345844	4257.46505	4272.35419904548	4272.35419904547	4265.95374360642	7528.2664	7565.23851245526	7565.23851245102	7562.2086310616	10756.28585	10778.9854910032	10778.985490994	10777.1198259704	14008.0038	14042.2185135601	14042.2185135385	14040.9759732144	17233.43035	17236.4646230118	17236.4646229828	17235.5838618967
1056.9737	1066.76372753118	1066.76372753105	1062.54798549608	4300.23945	4270.67924497354	4270.67924497354	4265.97373020366	7568.3149	7564.37535791162	7564.37535791039	7562.29550946235	10773.63205	10778.6749149614	10778.6749149587	10777.4278846139	14028.1793	14042.641378071	14042.6413780647	14041.8272968631	17173.78115	17236.9984931555	17236.9984931469	17236.4288904686
1059.2854	1065.43456749073	1065.43456749069	1062.45908753395	4321.66895	4269.41372936219	4269.41372936218	4265.9937168009	7551.8244	7563.79382666197	7563.79382666163	7562.38238786525	10705.94405	10778.5599763883	10778.5599763876	10777.735943262	14005.681	14043.2059101857	14043.2059101839	14042.6786205225	17233.41615	17237.6380941341	17237.6380941317	17237.2739190549
1050.6587	1064.44636634302	1064.44636634301	1062.37018957189	4261.45125	4268.47108475419	4268.47108475419	4266.01370339815	7528.4106	7563.41619372389	7563.4161937238	7562.46926626878	10764.03535	10778.582317079	10778.5823170788	10778.0440019114	13982.2965	14043.8675851116	14043.8675851111	14043.5299441852	17196.42655	17238.3491303641	17238.3491303634	17238.1189476454
1089.7001	1063.71346606725	1063.71346606725	1062.28129160985	4258.17945	4267.77927786155	4267.77927786155	4266.0336899954	7481.7381	7563.18419676074	7563.18419676072	7562.5561446725	10743.34755	10778.6997190678	10778.6997190677	10778.3520605613	13995.3586	14044.5950075541	14044.5950075539	14044.3812678487	17145.20995	17239.1078095571	17239.1078095569	17238.9639762373
1066.3249	1063.16907257536	1063.16907257536	1062.19239364781	4244.00565	4267.27952048457	4267.27952048457	4266.05367659265	7515.0964	7563.05483499974	7563.05483499973	7562.64302307626	10742.90185	10778.882088761	10778.882088761	10778.6601192113	14011.8521	14045.3663556296	14045.3663556296	14045.2325915126	17154.62885	17239.8978575217	17239.8978575217	17239.8090048295
1006.1096	1062.761959645	1062.761959645	1062.10349568578	4254.35415	4266.92470896099	4266.92470896099	4266.0736631899	7571.3981	7562.99684935464	7562.99684935464	7562.72990148004	10711.66015	10779.108284347	10779.108284347	10778.9681778613	13992.7892	14046.1666747693	14046.1666747693	14046.0839151765	17162.68695	17240.7082966936	17240.7082966936	17240.6540334218
