1.100000000000000000e+02 2.319558037127389394e-01
1.105000000000000000e+02 2.614517234551187452e-01
1.110000000000000000e+02 1.668189982819299200e-01
1.115000000000000000e+02 9.447166246022252467e-02
1.120000000000000000e+02 1.762142708450556428e-02
1.125000000000000000e+02 1.394735997468884436e-01
1.130000000000000000e+02 2.629863639005221576e-01
1.135000000000000000e+02 9.057042597479948720e-02
1.140000000000000000e+02 -4.272323459516950972e-02
1.145000000000000000e+02 -8.049618439788401364e-04
1.150000000000000000e+02 7.196412994709211822e-03
1.155000000000000000e+02 1.348501352286400438e-02
1.160000000000000000e+02 1.434278361543881754e-02
1.165000000000000000e+02 1.459374714234488654e-02
1.170000000000000000e+02 1.454672190157082351e-02
1.175000000000000000e+02 1.598588637155118689e-02
1.180000000000000000e+02 1.557963611617467319e-02
1.185000000000000000e+02 1.705755594335827893e-02
1.190000000000000000e+02 1.692855585682043543e-02
1.195000000000000000e+02 1.721326695921522251e-02
1.200000000000000000e+02 1.755866563914887726e-02
1.205000000000000000e+02 1.734068702945356158e-02
1.210000000000000000e+02 1.713097000278597168e-02
1.215000000000000000e+02 1.664034238837217711e-02
1.220000000000000000e+02 1.555249294623186826e-02
1.225000000000000000e+02 1.641470934398099255e-02
1.230000000000000000e+02 1.576815807388096818e-02
1.235000000000000000e+02 1.465001820646696755e-02
1.240000000000000000e+02 1.420463303370021052e-02
1.245000000000000000e+02 1.459677157776648540e-02
1.250000000000000000e+02 1.416460981778469054e-02
1.255000000000000000e+02 1.342199883337935953e-02
1.260000000000000000e+02 1.275074959068832683e-02
1.265000000000000000e+02 1.247343518323665822e-02
1.270000000000000000e+02 1.212416351573357420e-02
1.275000000000000000e+02 1.194360154441023551e-02
1.280000000000000000e+02 1.158974992245402104e-02
1.285000000000000000e+02 1.164128126647147148e-02
1.290000000000000000e+02 1.123906644567020802e-02
1.295000000000000000e+02 1.139927361518565212e-02
1.300000000000000000e+02 1.063914160001332154e-02
1.305000000000000000e+02 1.041257835350765243e-02
1.310000000000000000e+02 1.042005150560515112e-02
1.315000000000000000e+02 1.014390752477293406e-02
1.320000000000000000e+02 1.001614380022048355e-02
1.325000000000000000e+02 9.888480700081114447e-03
1.330000000000000000e+02 9.467194399526517729e-03
1.335000000000000000e+02 9.387030273379292494e-03
1.340000000000000000e+02 9.136219001569504186e-03
1.345000000000000000e+02 9.000321366557758468e-03
1.350000000000000000e+02 8.845466378215652986e-03
1.355000000000000000e+02 8.350892100178418029e-03
1.360000000000000000e+02 8.151888292833392446e-03
1.365000000000000000e+02 7.954621499955466177e-03
1.370000000000000000e+02 7.740457942176325740e-03
1.375000000000000000e+02 7.572760308886845350e-03
1.380000000000000000e+02 7.163562178174598394e-03
1.385000000000000000e+02 7.180558284461398093e-03
1.390000000000000000e+02 6.730742021798846210e-03
1.395000000000000000e+02 6.742840782861751064e-03
1.400000000000000000e+02 6.497727997901431643e-03
1.405000000000000000e+02 6.263341667012881954e-03
1.410000000000000000e+02 5.956351985547923139e-03
1.415000000000000000e+02 5.917036708724543112e-03
1.420000000000000000e+02 5.422250712393880852e-03
1.425000000000000000e+02 5.568046271754964992e-03
1.430000000000000000e+02 5.718143547249150693e-03
1.435000000000000000e+02 6.033593373588807748e-03
1.440000000000000000e+02 5.765387496854876108e-03
1.445000000000000000e+02 5.549850400816415917e-03
1.450000000000000000e+02 5.555992229390330564e-03
1.455000000000000000e+02 4.980582935479807224e-03
1.460000000000000000e+02 4.977993130724568324e-03
1.465000000000000000e+02 4.852432978403833051e-03
1.470000000000000000e+02 4.948144096297023981e-03
1.475000000000000000e+02 4.710168274146491786e-03
1.480000000000000000e+02 4.939073902623320259e-03
1.485000000000000000e+02 4.439012506987922990e-03
1.490000000000000000e+02 4.357430449145046486e-03
1.495000000000000000e+02 4.462962996247414431e-03
1.500000000000000000e+02 4.680482820977302331e-03
1.505000000000000000e+02 4.297253309868706225e-03
1.510000000000000000e+02 4.477509884574565682e-03
1.515000000000000000e+02 4.301044932057636327e-03
1.520000000000000000e+02 4.038038946745674783e-03
1.525000000000000000e+02 4.105680621840842280e-03
1.530000000000000000e+02 3.979132076408378564e-03
1.535000000000000000e+02 4.289138012584059294e-03
1.540000000000000000e+02 4.166442892914228903e-03
1.545000000000000000e+02 4.129563397252455047e-03
1.550000000000000000e+02 3.887333963463709182e-03
1.555000000000000000e+02 4.001754170324577087e-03
1.560000000000000000e+02 4.019116516005729126e-03
1.565000000000000000e+02 3.800055217083692267e-03
1.570000000000000000e+02 4.059497337563820231e-03
1.575000000000000000e+02 3.955041385439047284e-03
1.580000000000000000e+02 3.726102604932787256e-03
1.585000000000000000e+02 3.851123264987465697e-03
1.590000000000000000e+02 2.635548986176094056e-03
1.595000000000000000e+02 2.710821190541101971e-03
1.600000000000000000e+02 2.436796223503410845e-03
1.605000000000000000e+02 2.526461003349440328e-03
1.610000000000000000e+02 2.319892052017913896e-03
1.615000000000000000e+02 2.201081883410360186e-03
1.620000000000000000e+02 2.928039843926895716e-03
1.625000000000000000e+02 2.514963333980197498e-03
1.630000000000000000e+02 2.319473865744442996e-03
1.635000000000000000e+02 2.546238722559429971e-03
1.640000000000000000e+02 2.323586250865729112e-03
1.645000000000000000e+02 2.462837471161186294e-03
1.650000000000000000e+02 2.835144886737008853e-03
1.655000000000000000e+02 2.288065262560163432e-03
1.660000000000000000e+02 2.136524235372974905e-03
1.665000000000000000e+02 2.540619700734290075e-03
1.670000000000000000e+02 2.061159133894418030e-03
1.675000000000000000e+02 2.120882215440927834e-03
1.680000000000000000e+02 1.641906400432427936e-03
1.685000000000000000e+02 1.736324603118184979e-03
1.690000000000000000e+02 1.594514863873974959e-03
1.695000000000000000e+02 1.900454665922052299e-03
1.700000000000000000e+02 1.707674955545621315e-03
1.705000000000000000e+02 1.596107920705185307e-03
1.710000000000000000e+02 1.582596180167225022e-03
1.715000000000000000e+02 1.891101932510900595e-03
1.720000000000000000e+02 1.709080872661009835e-03
1.725000000000000000e+02 1.620570940410572978e-03
1.730000000000000000e+02 1.371676114028847837e-03
1.735000000000000000e+02 1.399078215686227339e-03
1.740000000000000000e+02 1.483761494244960387e-03
1.745000000000000000e+02 1.461857392333044091e-03
1.750000000000000000e+02 1.533117556318933268e-03
1.755000000000000000e+02 1.540527923339806392e-03
1.760000000000000000e+02 1.426035065889394828e-03
1.765000000000000000e+02 1.560788010110187012e-03
1.770000000000000000e+02 1.296280137689178333e-03
1.775000000000000000e+02 1.576884085212021001e-03
1.780000000000000000e+02 2.341242957400552389e-03
1.785000000000000000e+02 1.808979174011264221e-03
1.790000000000000000e+02 2.042559680256341055e-03
1.795000000000000000e+02 2.152700889972668924e-03
1.800000000000000000e+02 1.932969907764907607e-03
1.805000000000000000e+02 2.733661731226930645e-03
1.810000000000000000e+02 2.243808305485401212e-03
1.815000000000000000e+02 2.563830773607535685e-03
1.820000000000000000e+02 2.493462320135576577e-03
1.825000000000000000e+02 2.603138960654770209e-03
1.830000000000000000e+02 2.711835294324978565e-03
1.835000000000000000e+02 2.638782061019759664e-03
1.840000000000000000e+02 3.134929516843871795e-03
1.845000000000000000e+02 2.996229451627905205e-03
1.850000000000000000e+02 2.993648060589072617e-03
1.855000000000000000e+02 3.308739173036410498e-03
1.860000000000000000e+02 3.085391134123404919e-03
1.865000000000000000e+02 3.295827587320987288e-03
1.870000000000000000e+02 3.522937200580169084e-03
1.875000000000000000e+02 3.792784490761814432e-03
1.880000000000000000e+02 3.429370888672407091e-03
1.885000000000000000e+02 4.192950129118308035e-03
1.890000000000000000e+02 4.120211226566003297e-03
1.895000000000000000e+02 4.403157314862272964e-03
1.900000000000000000e+02 4.083143817488867414e-03
1.905000000000000000e+02 4.445515810681507744e-03
1.910000000000000000e+02 4.756498155270882586e-03
1.915000000000000000e+02 4.770300339912528567e-03
1.920000000000000000e+02 5.032469566048150544e-03
1.925000000000000000e+02 4.029579089367493587e-03
1.930000000000000000e+02 4.385630699414996142e-03
1.935000000000000000e+02 4.415289582445992671e-03
1.940000000000000000e+02 4.943660164915391134e-03
1.945000000000000000e+02 4.423806242519112177e-03
1.950000000000000000e+02 4.372481992151448782e-03
1.955000000000000000e+02 4.719650450086813886e-03
1.960000000000000000e+02 4.509793833954061845e-03
1.965000000000000000e+02 4.543003775144117615e-03
1.970000000000000000e+02 4.859213538964097558e-03
1.975000000000000000e+02 5.093860308179932496e-03
1.980000000000000000e+02 4.975967584268780469e-03
1.985000000000000000e+02 4.270363745635526523e-03
1.990000000000000000e+02 3.795286726023613336e-03
1.995000000000000000e+02 3.502488931920311101e-03
2.000000000000000000e+02 2.883895283180433998e-03
2.005000000000000000e+02 2.480548241447628772e-03
2.010000000000000000e+02 2.351743888046196797e-03
2.015000000000000000e+02 2.599749875112890296e-03
2.020000000000000000e+02 2.012382750488334732e-03
2.025000000000000000e+02 1.848799263024000945e-03
2.030000000000000000e+02 1.957661318742297176e-03
2.035000000000000000e+02 1.751266667461675577e-03
2.040000000000000000e+02 1.663661318474931412e-03
2.045000000000000000e+02 1.543638474119378911e-03
2.050000000000000000e+02 1.529307560987088529e-03
2.055000000000000000e+02 1.659668646551656175e-03
2.060000000000000000e+02 1.377906190136785796e-03
2.065000000000000000e+02 1.359024821508580038e-03
2.070000000000000000e+02 1.773880922273954070e-03
2.075000000000000000e+02 1.306056083234994952e-03
2.080000000000000000e+02 2.304356889084444547e-03
2.085000000000000000e+02 2.539965351068853173e-03
2.090000000000000000e+02 2.397569791050008486e-03
2.095000000000000000e+02 2.231326830664348126e-03
2.100000000000000000e+02 2.350985407426892018e-03
2.105000000000000000e+02 2.219682086048083321e-03
2.110000000000000000e+02 2.386393000506613089e-03
2.115000000000000000e+02 2.496539639389434070e-03
2.120000000000000000e+02 2.312611318542895193e-03
2.125000000000000000e+02 2.140872207213504862e-03
2.130000000000000000e+02 2.132901429915989508e-03
2.135000000000000000e+02 2.221056519806518907e-03
2.140000000000000000e+02 2.485193357485843135e-03
2.145000000000000000e+02 1.865539520675235825e-03
2.150000000000000000e+02 2.224485455590245655e-03
2.155000000000000000e+02 2.220792654356826615e-03
2.160000000000000000e+02 2.288220749378108709e-03
2.165000000000000000e+02 2.347670830280370984e-03
2.170000000000000000e+02 2.490503811537833709e-03
2.175000000000000000e+02 2.354483842372361198e-03
2.180000000000000000e+02 2.536812778188159579e-03
2.185000000000000000e+02 2.774669691698494929e-03
2.190000000000000000e+02 2.659240898829948619e-03
2.195000000000000000e+02 2.630707704971330801e-03
2.200000000000000000e+02 2.740339199493364592e-03
