1.100000000000000000e+02 -2.329164695653908324e-01
1.105000000000000000e+02 -1.576097919750691079e-01
1.110000000000000000e+02 -2.428960880292424240e-01
1.115000000000000000e+02 -2.021896859028620430e-01
1.120000000000000000e+02 -1.847574000521254034e-01
1.125000000000000000e+02 -2.519628488084687534e-01
1.130000000000000000e+02 -1.852579164932470213e-01
1.135000000000000000e+02 -3.018981688791337326e-01
1.140000000000000000e+02 1.041976707501664212e-01
1.145000000000000000e+02 2.278688615667675069e-02
1.150000000000000000e+02 1.484027552828279771e-02
1.155000000000000000e+02 1.059459179763034935e-02
1.160000000000000000e+02 9.759158706497560523e-03
1.165000000000000000e+02 9.873433143044471269e-03
1.170000000000000000e+02 1.013730884957711117e-02
1.175000000000000000e+02 9.720010636126883222e-03
1.180000000000000000e+02 9.479758377817877266e-03
1.185000000000000000e+02 9.520292868665850700e-03
1.190000000000000000e+02 9.552465483844850905e-03
1.195000000000000000e+02 8.112657233430096981e-03
1.200000000000000000e+02 9.513937631941079415e-03
1.205000000000000000e+02 8.935353071090714958e-03
1.210000000000000000e+02 8.808087568003570428e-03
1.215000000000000000e+02 7.746159011908618913e-03
1.220000000000000000e+02 7.206087057833255455e-03
1.225000000000000000e+02 8.221782848664038745e-03
1.230000000000000000e+02 7.205464388706487970e-03
1.235000000000000000e+02 6.339373693087086564e-03
1.240000000000000000e+02 6.631487318411136145e-03
1.245000000000000000e+02 6.926987862355475124e-03
1.250000000000000000e+02 6.148212904122454109e-03
1.255000000000000000e+02 5.847699297482866071e-03
1.260000000000000000e+02 5.114254795180614432e-03
1.265000000000000000e+02 5.115798803918398391e-03
1.270000000000000000e+02 5.559084266761070425e-03
1.275000000000000000e+02 5.526428706427710495e-03
1.280000000000000000e+02 5.006043642216395466e-03
1.285000000000000000e+02 4.908338589631234400e-03
1.290000000000000000e+02 4.760542546088841233e-03
1.295000000000000000e+02 4.444010511483801468e-03
1.300000000000000000e+02 4.877905401784353272e-03
1.305000000000000000e+02 4.374751539342486978e-03
1.310000000000000000e+02 4.311669541677273093e-03
1.315000000000000000e+02 4.633235523723851050e-03
1.320000000000000000e+02 4.058346281333854652e-03
1.325000000000000000e+02 4.313815459667755606e-03
1.330000000000000000e+02 4.127234954664170223e-03
1.335000000000000000e+02 4.093240503329445557e-03
1.340000000000000000e+02 3.806623273764193904e-03
1.345000000000000000e+02 3.703606303905301877e-03
1.350000000000000000e+02 3.614834827661399849e-03
1.355000000000000000e+02 3.478854022464870650e-03
1.360000000000000000e+02 3.429957102842383886e-03
1.365000000000000000e+02 3.766021846098349841e-03
1.370000000000000000e+02 3.722247771010291778e-03
1.375000000000000000e+02 3.705511699589639999e-03
1.380000000000000000e+02 3.403586575671565216e-03
1.385000000000000000e+02 3.275673187691138452e-03
1.390000000000000000e+02 3.065560970046549757e-03
1.395000000000000000e+02 3.594742872102966395e-03
1.400000000000000000e+02 3.414289487663225379e-03
1.405000000000000000e+02 3.000513180442922548e-03
1.410000000000000000e+02 2.922154125271938813e-03
1.415000000000000000e+02 2.709811087512533582e-03
1.420000000000000000e+02 2.651338126504818385e-03
1.425000000000000000e+02 2.575950548095342577e-03
1.430000000000000000e+02 2.786395948794668804e-03
1.435000000000000000e+02 2.459870643586326878e-03
1.440000000000000000e+02 2.555673743721511518e-03
1.445000000000000000e+02 2.445195421296177465e-03
1.450000000000000000e+02 2.531029656101283290e-03
1.455000000000000000e+02 2.311639513726928066e-03
1.460000000000000000e+02 2.353626221183115381e-03
1.465000000000000000e+02 2.087797404162455850e-03
1.470000000000000000e+02 2.141242834027936789e-03
1.475000000000000000e+02 2.026491263472162980e-03
1.480000000000000000e+02 2.087137098853727914e-03
1.485000000000000000e+02 1.974575775122702249e-03
1.490000000000000000e+02 1.854399154790787891e-03
1.495000000000000000e+02 1.544575179780282529e-03
1.500000000000000000e+02 1.995752132344714557e-03
1.505000000000000000e+02 2.193940121385540634e-03
1.510000000000000000e+02 2.154254283652002906e-03
1.515000000000000000e+02 2.070547366649033889e-03
1.520000000000000000e+02 2.178189645190727313e-03
1.525000000000000000e+02 1.940769592860147217e-03
1.530000000000000000e+02 1.497381798550439201e-03
1.535000000000000000e+02 1.743580588603911487e-03
1.540000000000000000e+02 1.619489783646340308e-03
1.545000000000000000e+02 1.926287092892505588e-03
1.550000000000000000e+02 2.161408795496684663e-03
1.555000000000000000e+02 2.098885413402283746e-03
1.560000000000000000e+02 8.749864742636114705e-04
1.565000000000000000e+02 9.706678561148818218e-04
1.570000000000000000e+02 1.248358986087127510e-03
1.575000000000000000e+02 8.556713671864386037e-04
1.580000000000000000e+02 9.949427716324182967e-04
1.585000000000000000e+02 1.052702228826305321e-03
1.590000000000000000e+02 7.496528355555477771e-04
1.595000000000000000e+02 8.862449230321396611e-04
1.600000000000000000e+02 8.887172842710862938e-04
1.605000000000000000e+02 1.268485009339753765e-03
1.610000000000000000e+02 1.143810273502452336e-03
1.615000000000000000e+02 8.841441873971109689e-04
1.620000000000000000e+02 9.390925927127089781e-04
1.625000000000000000e+02 9.061816261821057771e-04
1.630000000000000000e+02 8.096663476256783613e-04
1.635000000000000000e+02 7.986215839474575641e-04
1.640000000000000000e+02 5.575521481325397674e-04
1.645000000000000000e+02 7.596919894258963041e-04
1.650000000000000000e+02 7.237580780377085837e-04
1.655000000000000000e+02 7.208852237990734510e-04
1.660000000000000000e+02 7.518008653464655503e-04
1.665000000000000000e+02 1.074132963531969701e-03
1.670000000000000000e+02 1.153896210425819305e-03
1.675000000000000000e+02 1.065899387589847079e-03
1.680000000000000000e+02 8.923548772459750141e-04
1.685000000000000000e+02 8.057150903900872673e-04
1.690000000000000000e+02 1.060194715642527857e-03
1.695000000000000000e+02 1.157831058439182754e-03
1.700000000000000000e+02 8.140966239147734082e-04
1.705000000000000000e+02 8.566962304267574258e-04
1.710000000000000000e+02 1.187727457882672066e-03
1.715000000000000000e+02 4.780930835628167323e-04
1.720000000000000000e+02 6.643885386771043559e-04
1.725000000000000000e+02 4.477116230824893005e-04
1.730000000000000000e+02 3.322792484148278736e-04
1.735000000000000000e+02 7.252736939616599666e-04
1.740000000000000000e+02 2.428384239322379688e-04
1.745000000000000000e+02 4.841521948056850470e-04
1.750000000000000000e+02 4.569085930973557975e-04
1.755000000000000000e+02 6.096253218645405862e-04
1.760000000000000000e+02 3.748714542512259179e-04
1.765000000000000000e+02 2.960158721407178304e-04
1.770000000000000000e+02 1.085410750264343468e-03
1.775000000000000000e+02 8.350803347336516929e-04
1.780000000000000000e+02 2.096720898388901191e-04
1.785000000000000000e+02 1.644504451988766715e-05
1.790000000000000000e+02 4.298394782475849283e-04
1.795000000000000000e+02 7.773500847178712843e-04
1.800000000000000000e+02 7.596896115936616978e-04
1.805000000000000000e+02 6.483008995053755495e-04
1.810000000000000000e+02 9.576114715157434728e-04
1.815000000000000000e+02 1.031087856107303514e-03
1.820000000000000000e+02 1.165319817659440753e-03
1.825000000000000000e+02 9.290200497879831090e-04
1.830000000000000000e+02 1.270633108598188347e-03
1.835000000000000000e+02 1.332503698679334729e-03
1.840000000000000000e+02 1.222700039664872691e-03
1.845000000000000000e+02 1.155255380487561594e-03
1.850000000000000000e+02 1.274625611547171560e-03
1.855000000000000000e+02 1.346047369346406062e-03
1.860000000000000000e+02 1.411574378730345121e-03
1.865000000000000000e+02 2.074924081576199047e-03
1.870000000000000000e+02 1.962255050514818012e-03
1.875000000000000000e+02 2.105128251064367594e-03
1.880000000000000000e+02 2.062596989806808005e-03
1.885000000000000000e+02 2.158818388617592815e-03
1.890000000000000000e+02 1.462607777972588577e-03
1.895000000000000000e+02 1.611289371085151880e-03
1.900000000000000000e+02 1.703270973141669462e-03
1.905000000000000000e+02 1.844690280293786403e-03
1.910000000000000000e+02 1.505996444256923897e-03
1.915000000000000000e+02 1.983708342907850378e-03
1.920000000000000000e+02 1.568832687520231323e-03
1.925000000000000000e+02 1.966388177859832668e-03
1.930000000000000000e+02 1.974096539990771986e-03
1.935000000000000000e+02 2.113527991737829907e-03
1.940000000000000000e+02 1.500926057561652359e-03
1.945000000000000000e+02 1.687761111795333486e-03
1.950000000000000000e+02 1.907049506672220526e-03
1.955000000000000000e+02 2.020497233510683017e-03
1.960000000000000000e+02 1.860028883149170663e-03
1.965000000000000000e+02 1.871540006708365079e-03
1.970000000000000000e+02 2.032725040860796067e-03
1.975000000000000000e+02 1.713652742036555219e-03
1.980000000000000000e+02 1.673704052422495632e-03
1.985000000000000000e+02 1.247904254578081906e-03
1.990000000000000000e+02 1.152372600147614145e-03
1.995000000000000000e+02 1.328975139915779952e-03
2.000000000000000000e+02 8.841212576762965064e-04
2.005000000000000000e+02 6.284709512690202660e-04
2.010000000000000000e+02 8.546557664960524560e-04
2.015000000000000000e+02 8.953526715422961387e-04
2.020000000000000000e+02 5.716315851077937750e-04
2.025000000000000000e+02 8.667471552480115636e-04
2.030000000000000000e+02 6.206415267851482813e-04
2.035000000000000000e+02 2.101408073158610439e-04
2.040000000000000000e+02 3.890263381233148273e-04
2.045000000000000000e+02 2.476271332199562179e-04
2.050000000000000000e+02 3.978153046831738038e-04
2.055000000000000000e+02 1.269901599646612025e-04
2.060000000000000000e+02 1.623524324429608825e-04
2.065000000000000000e+02 2.288716585387426459e-04
2.070000000000000000e+02 4.638390359345304862e-04
2.075000000000000000e+02 -1.270126671691733920e-04
2.080000000000000000e+02 -5.761604741273076318e-05
2.085000000000000000e+02 2.000640066916321532e-04
2.090000000000000000e+02 5.027727173678200575e-04
2.095000000000000000e+02 2.489407529694514501e-04
2.100000000000000000e+02 6.548511085954320399e-04
2.105000000000000000e+02 4.760297232365541336e-04
2.110000000000000000e+02 7.443589494610411243e-04
2.115000000000000000e+02 4.467140361570590829e-04
2.120000000000000000e+02 6.434917887567140728e-04
2.125000000000000000e+02 8.929202140663542245e-04
2.130000000000000000e+02 4.691105922378107263e-04
2.135000000000000000e+02 8.172053913868445848e-04
2.140000000000000000e+02 1.750036148506421523e-04
2.145000000000000000e+02 2.946733500710965303e-04
2.150000000000000000e+02 5.570865784272003825e-04
2.155000000000000000e+02 8.148631993641422544e-04
2.160000000000000000e+02 7.929835980233400838e-04
2.165000000000000000e+02 8.090561174294775464e-04
2.170000000000000000e+02 6.584426139854860109e-04
2.175000000000000000e+02 3.264723748037163436e-04
2.180000000000000000e+02 2.883846485300411207e-04
2.185000000000000000e+02 6.808678115145132877e-04
2.190000000000000000e+02 2.115906712110284069e-04
2.195000000000000000e+02 3.917169785139279405e-04
2.200000000000000000e+02 5.179122369987990962e-04
