1.100000000000000000e+02 -3.313737123642435112e-02
1.105000000000000000e+02 7.795156055657687100e-02
1.110000000000000000e+02 -1.085267724608383610e-01
1.115000000000000000e+02 -1.673218511157642530e-02
1.120000000000000000e+02 -5.705905454706726443e-02
1.125000000000000000e+02 -1.791849652736024756e-01
1.130000000000000000e+02 -1.063784047007088895e-01
1.135000000000000000e+02 -1.740949530201985895e-01
1.140000000000000000e+02 6.248449823537999964e-02
1.145000000000000000e+02 1.852924029187660512e-02
1.150000000000000000e+02 1.878734308977592082e-02
1.155000000000000000e+02 1.803338519246887317e-02
1.160000000000000000e+02 1.933686824513114119e-02
1.165000000000000000e+02 1.843556392071760142e-02
1.170000000000000000e+02 1.827498404426379161e-02
1.175000000000000000e+02 1.764624546565229241e-02
1.180000000000000000e+02 1.812017617277697501e-02
1.185000000000000000e+02 1.811132608771898883e-02
1.190000000000000000e+02 1.821167041732296363e-02
1.195000000000000000e+02 1.705814242124882932e-02
1.200000000000000000e+02 1.731732076659432684e-02
1.205000000000000000e+02 1.780769680416037851e-02
1.210000000000000000e+02 1.705508456958885338e-02
1.215000000000000000e+02 1.663519670155009025e-02
1.220000000000000000e+02 1.662338672514969418e-02
1.225000000000000000e+02 1.681579294908633337e-02
1.230000000000000000e+02 1.588971818537364758e-02
1.235000000000000000e+02 1.479469561315096930e-02
1.240000000000000000e+02 1.498896813029843011e-02
1.245000000000000000e+02 1.473919591861512328e-02
1.250000000000000000e+02 1.382902803514193465e-02
1.255000000000000000e+02 1.352807247561797419e-02
1.260000000000000000e+02 1.308854394890752310e-02
1.265000000000000000e+02 1.299579850539132019e-02
1.270000000000000000e+02 1.293087907360411168e-02
1.275000000000000000e+02 1.218064684109427219e-02
1.280000000000000000e+02 1.234106886527830058e-02
1.285000000000000000e+02 1.217642961853479533e-02
1.290000000000000000e+02 1.166179303160082975e-02
1.295000000000000000e+02 1.110805505517404972e-02
1.300000000000000000e+02 1.154462065135139492e-02
1.305000000000000000e+02 1.130063518442752171e-02
1.310000000000000000e+02 1.113445557511256144e-02
1.315000000000000000e+02 1.141381383606251965e-02
1.320000000000000000e+02 1.101898725877544470e-02
1.325000000000000000e+02 1.160394792738234787e-02
1.330000000000000000e+02 1.161101875040132167e-02
1.335000000000000000e+02 1.168640188972900132e-02
1.340000000000000000e+02 1.171576234352045276e-02
1.345000000000000000e+02 1.169314618534550605e-02
1.350000000000000000e+02 1.210483238378230395e-02
1.355000000000000000e+02 1.200116223476093216e-02
1.360000000000000000e+02 1.239900100692002335e-02
1.365000000000000000e+02 1.282444665931983634e-02
1.370000000000000000e+02 1.314480498316186220e-02
1.375000000000000000e+02 1.329439072014815780e-02
1.380000000000000000e+02 1.406374981754207436e-02
1.385000000000000000e+02 1.428415557114630884e-02
1.390000000000000000e+02 1.494015226362527954e-02
1.395000000000000000e+02 1.436314978731169714e-02
1.400000000000000000e+02 1.446046715238272391e-02
1.405000000000000000e+02 1.487046238431950426e-02
1.410000000000000000e+02 1.470864609517933720e-02
1.415000000000000000e+02 1.480859868929666583e-02
1.420000000000000000e+02 1.466905616307433852e-02
1.425000000000000000e+02 1.440423228550197048e-02
1.430000000000000000e+02 1.442355086730586627e-02
1.435000000000000000e+02 1.445297615143224974e-02
1.440000000000000000e+02 1.394543647696913982e-02
1.445000000000000000e+02 1.367084591369172042e-02
1.450000000000000000e+02 1.369559042847647533e-02
1.455000000000000000e+02 1.326048290611513657e-02
1.460000000000000000e+02 1.301842031889587255e-02
1.465000000000000000e+02 1.217422592422884656e-02
1.470000000000000000e+02 1.180763032533945628e-02
1.475000000000000000e+02 1.086366719678436357e-02
1.480000000000000000e+02 1.081670587245726380e-02
1.485000000000000000e+02 1.049836572618643819e-02
1.490000000000000000e+02 9.593823601970896328e-03
1.495000000000000000e+02 9.141320387984630189e-03
1.500000000000000000e+02 8.888475871134194142e-03
1.505000000000000000e+02 8.594615536919331805e-03
1.510000000000000000e+02 8.234393392496958120e-03
1.515000000000000000e+02 7.790210830993449069e-03
1.520000000000000000e+02 7.474903797062331691e-03
1.525000000000000000e+02 7.202601426770434412e-03
1.530000000000000000e+02 7.000173140157067535e-03
1.535000000000000000e+02 6.686541783977813930e-03
1.540000000000000000e+02 6.301670566909674254e-03
1.545000000000000000e+02 6.366577397820601981e-03
1.550000000000000000e+02 6.210952647962209548e-03
1.555000000000000000e+02 5.484474872645019213e-03
1.560000000000000000e+02 5.010628183142316894e-03
1.565000000000000000e+02 4.623474528190847643e-03
1.570000000000000000e+02 4.594096782440445538e-03
1.575000000000000000e+02 4.145140378346956478e-03
1.580000000000000000e+02 3.657977183829626191e-03
1.585000000000000000e+02 3.188535101396735346e-03
1.590000000000000000e+02 2.710357231928563204e-03
1.595000000000000000e+02 2.600162913496724924e-03
1.600000000000000000e+02 2.414626821680043896e-03
1.605000000000000000e+02 1.724588557764653897e-03
1.610000000000000000e+02 2.020058914240130572e-03
1.615000000000000000e+02 1.298858414983570684e-03
1.620000000000000000e+02 1.133176005853292522e-03
1.625000000000000000e+02 1.244263001404446014e-03
1.630000000000000000e+02 9.058910387996474455e-04
1.635000000000000000e+02 8.405623618453751623e-04
1.640000000000000000e+02 4.365414620746924535e-04
1.645000000000000000e+02 5.139967233433794056e-04
1.650000000000000000e+02 9.440293925080472069e-04
1.655000000000000000e+02 5.407949648591234108e-05
1.660000000000000000e+02 4.340553155833484929e-04
1.665000000000000000e+02 5.484429515313758328e-04
1.670000000000000000e+02 5.510537422906117058e-04
1.675000000000000000e+02 1.173297545429688649e-04
1.680000000000000000e+02 2.851857320674743772e-04
1.685000000000000000e+02 2.658089334449832827e-04
1.690000000000000000e+02 4.660054276671961662e-04
1.695000000000000000e+02 6.871745484021008887e-04
1.700000000000000000e+02 3.443903151683867510e-04
1.705000000000000000e+02 1.346168659686348263e-04
1.710000000000000000e+02 5.884151599175995720e-04
1.715000000000000000e+02 1.360443224210071263e-05
1.720000000000000000e+02 -2.549935995349161951e-04
1.725000000000000000e+02 -3.857130814652783284e-05
1.730000000000000000e+02 -8.096190267088905533e-04
1.735000000000000000e+02 -9.805705321577781828e-04
1.740000000000000000e+02 -1.544733622137238385e-03
1.745000000000000000e+02 -9.758794266782646861e-04
1.750000000000000000e+02 -7.448363125703199097e-04
1.755000000000000000e+02 -6.724865361428944291e-04
1.760000000000000000e+02 -7.912519705927009142e-04
1.765000000000000000e+02 -1.148941981008790589e-03
1.770000000000000000e+02 -7.806060789035722475e-04
1.775000000000000000e+02 -7.905248649264828885e-04
1.780000000000000000e+02 -1.095208448778849878e-03
1.785000000000000000e+02 -9.720602703300601629e-04
1.790000000000000000e+02 -1.113579954164336475e-03
1.795000000000000000e+02 -3.222480716356057812e-04
1.800000000000000000e+02 -7.548721529495737610e-04
1.805000000000000000e+02 -3.127874748354095161e-04
1.810000000000000000e+02 -1.667206068627218344e-04
1.815000000000000000e+02 1.522186856487713459e-04
1.820000000000000000e+02 -4.401307699930570019e-04
1.825000000000000000e+02 -2.555923199238759806e-04
1.830000000000000000e+02 -1.719844044711572493e-04
1.835000000000000000e+02 1.577720787286277090e-05
1.840000000000000000e+02 -2.279114536864162622e-05
1.845000000000000000e+02 -1.463799822233956109e-04
1.850000000000000000e+02 2.443871615988005199e-04
1.855000000000000000e+02 4.181406080726300135e-04
1.860000000000000000e+02 2.258166405400403279e-04
1.865000000000000000e+02 1.902129805432311790e-04
1.870000000000000000e+02 5.772200872738203654e-04
1.875000000000000000e+02 3.125238486683406701e-04
1.880000000000000000e+02 3.242592396603016683e-04
1.885000000000000000e+02 6.231799554367823887e-04
1.890000000000000000e+02 1.029178571498371580e-03
1.895000000000000000e+02 1.425085132447454894e-03
1.900000000000000000e+02 1.138096604899602312e-03
1.905000000000000000e+02 1.554471233581494836e-03
1.910000000000000000e+02 1.247630719331190539e-03
1.915000000000000000e+02 1.306270866860747247e-03
1.920000000000000000e+02 1.312251016927890252e-03
1.925000000000000000e+02 1.491105207404103822e-03
1.930000000000000000e+02 1.670567550297710150e-03
1.935000000000000000e+02 1.624246582716712319e-03
1.940000000000000000e+02 1.550487889894059832e-03
1.945000000000000000e+02 1.758272223495516975e-03
1.950000000000000000e+02 1.698944924505486898e-03
1.955000000000000000e+02 1.706657485236848844e-03
1.960000000000000000e+02 1.392333365087988642e-03
1.965000000000000000e+02 1.437195186874652740e-03
1.970000000000000000e+02 1.810649077173642589e-03
1.975000000000000000e+02 1.271237918328403053e-03
1.980000000000000000e+02 1.110584805254429073e-03
1.985000000000000000e+02 9.327347233386725465e-04
1.990000000000000000e+02 5.533358813568884727e-04
1.995000000000000000e+02 2.849486699319146135e-04
2.000000000000000000e+02 5.648664729326509631e-04
2.005000000000000000e+02 2.179884105242424898e-04
2.010000000000000000e+02 1.581983028018153791e-04
2.015000000000000000e+02 1.883533658005437361e-04
2.020000000000000000e+02 -4.116478392973828385e-05
2.025000000000000000e+02 -2.900196602772663773e-04
2.030000000000000000e+02 -7.869250588120596654e-04
2.035000000000000000e+02 -1.094843851345840254e-03
2.040000000000000000e+02 -1.135260397488193750e-03
2.045000000000000000e+02 -8.167904837649075456e-04
2.050000000000000000e+02 -1.082006823994221103e-03
2.055000000000000000e+02 -7.474267146920502607e-04
2.060000000000000000e+02 -1.081777964539160477e-03
2.065000000000000000e+02 -1.031485562131581038e-03
2.070000000000000000e+02 -8.189023609337002865e-04
2.075000000000000000e+02 -1.074311196428020436e-03
2.080000000000000000e+02 -1.034862102821850535e-03
2.085000000000000000e+02 -1.282263968518529765e-03
2.090000000000000000e+02 -8.482513029339955497e-04
2.095000000000000000e+02 -1.077326295548011173e-03
2.100000000000000000e+02 -6.039460680772802030e-04
2.105000000000000000e+02 -5.598400382069269139e-04
2.110000000000000000e+02 -5.625442360006667085e-04
2.115000000000000000e+02 -5.722319204888681558e-04
2.120000000000000000e+02 -2.094448955821447220e-04
2.125000000000000000e+02 -1.145172531935680690e-04
2.130000000000000000e+02 -4.719625574444479476e-04
2.135000000000000000e+02 -1.767493373698567397e-04
2.140000000000000000e+02 -3.562947090768385332e-04
2.145000000000000000e+02 -4.836824571991072221e-04
2.150000000000000000e+02 -1.003896107795950902e-04
2.155000000000000000e+02 -1.786130102423327988e-04
2.160000000000000000e+02 -2.554776189435150864e-04
2.165000000000000000e+02 -3.387200301878264506e-04
2.170000000000000000e+02 -2.638616845713249201e-04
2.175000000000000000e+02 -2.715825539809916980e-04
2.180000000000000000e+02 -2.609400356888340821e-04
2.185000000000000000e+02 5.497383097377916529e-06
2.190000000000000000e+02 3.257769539483097829e-04
2.195000000000000000e+02 1.478437369797565325e-04
2.200000000000000000e+02 1.348155025331037964e-04
