1.100000000000000000e+02 nan
1.105000000000000000e+02 9.317494454325805919e-02
1.110000000000000000e+02 -1.606097358066313832e-02
1.115000000000000000e+02 6.049327458203064556e-02
1.120000000000000000e+02 1.741395217551961611e-02
1.125000000000000000e+02 -4.257415603353383732e-02
1.130000000000000000e+02 3.772624065507814567e-02
1.135000000000000000e+02 -5.703066054303855548e-02
1.140000000000000000e+02 2.639515849586488577e-02
1.145000000000000000e+02 6.936307160346089767e-04
1.150000000000000000e+02 5.779492457961006580e-03
1.155000000000000000e+02 6.438817439121492965e-03
1.160000000000000000e+02 4.988576662601146468e-03
1.165000000000000000e+02 7.593373634669750398e-03
1.170000000000000000e+02 7.241030948950425046e-03
1.175000000000000000e+02 7.645899537277656664e-03
1.180000000000000000e+02 7.622873650740532268e-03
1.185000000000000000e+02 7.480223565486141674e-03
1.190000000000000000e+02 6.124162951517104526e-03
1.195000000000000000e+02 8.735874701881278168e-03
1.200000000000000000e+02 7.417168412191867469e-03
1.205000000000000000e+02 7.060738158277883418e-03
1.210000000000000000e+02 6.594647417846789643e-03
1.215000000000000000e+02 7.823171071843345800e-03
1.220000000000000000e+02 7.077943634974281223e-03
1.225000000000000000e+02 5.754912385522364081e-03
1.230000000000000000e+02 6.016222453306417466e-03
1.235000000000000000e+02 5.807454490792392059e-03
1.240000000000000000e+02 6.549092250774956638e-03
1.245000000000000000e+02 5.405819499327143077e-03
1.250000000000000000e+02 5.586139859315283375e-03
1.255000000000000000e+02 5.628408427641280569e-03
1.260000000000000000e+02 4.949265801520298484e-03
1.265000000000000000e+02 4.876809092587852494e-03
1.270000000000000000e+02 5.181347681799748812e-03
1.275000000000000000e+02 4.595172303067214352e-03
1.280000000000000000e+02 4.518871056514276591e-03
1.285000000000000000e+02 4.273830365697724870e-03
1.290000000000000000e+02 4.223065155177300502e-03
1.295000000000000000e+02 4.430615415352296554e-03
1.300000000000000000e+02 4.207763204558577323e-03
1.305000000000000000e+02 3.907777474051177952e-03
1.310000000000000000e+02 4.037627732081748751e-03
1.315000000000000000e+02 3.768939641396167745e-03
1.320000000000000000e+02 3.751512247742666908e-03
1.325000000000000000e+02 3.530307128132605977e-03
1.330000000000000000e+02 3.443598548435589882e-03
1.335000000000000000e+02 3.218320264800650799e-03
1.340000000000000000e+02 3.594217945002424214e-03
1.345000000000000000e+02 3.281694819298671371e-03
1.350000000000000000e+02 3.043843252845092589e-03
1.355000000000000000e+02 2.943305085338401936e-03
1.360000000000000000e+02 3.039881833083330539e-03
1.365000000000000000e+02 2.886131094166272549e-03
1.370000000000000000e+02 2.738386522076468200e-03
1.375000000000000000e+02 2.652338591179241589e-03
1.380000000000000000e+02 2.587743759059510547e-03
1.385000000000000000e+02 2.582080976842507109e-03
1.390000000000000000e+02 2.609994654640903581e-03
1.395000000000000000e+02 2.411386436791948702e-03
1.400000000000000000e+02 2.410253108679905575e-03
1.405000000000000000e+02 2.406731134993068868e-03
1.410000000000000000e+02 2.034921498400594098e-03
1.415000000000000000e+02 2.209700792637808026e-03
1.420000000000000000e+02 2.190348424668538563e-03
1.425000000000000000e+02 2.287160216081796441e-03
1.430000000000000000e+02 2.142708045216012470e-03
1.435000000000000000e+02 2.455147986218566853e-03
1.440000000000000000e+02 1.977928623432477408e-03
1.445000000000000000e+02 1.763684389865342005e-03
1.450000000000000000e+02 2.112980575080188311e-03
1.455000000000000000e+02 1.707399237557018614e-03
1.460000000000000000e+02 1.763125651597968876e-03
1.465000000000000000e+02 1.719519051786988625e-03
1.470000000000000000e+02 1.555959462606490646e-03
1.475000000000000000e+02 1.395249622021978294e-03
1.480000000000000000e+02 1.479206792980363935e-03
1.485000000000000000e+02 1.646091657471178112e-03
1.490000000000000000e+02 1.358520984164971737e-03
1.495000000000000000e+02 1.431957383916596192e-03
1.500000000000000000e+02 1.293010696387626203e-03
1.505000000000000000e+02 1.342002385022887179e-03
1.510000000000000000e+02 1.577913665658409919e-03
1.515000000000000000e+02 1.422757095176383022e-03
1.520000000000000000e+02 1.349810986164406978e-03
1.525000000000000000e+02 1.278264488561869656e-03
1.530000000000000000e+02 1.133651735024262652e-03
1.535000000000000000e+02 1.276977553785545953e-03
1.540000000000000000e+02 1.429391878190362352e-03
1.545000000000000000e+02 1.373970904842877457e-03
1.550000000000000000e+02 1.204512365470036860e-03
1.555000000000000000e+02 1.349707232839781213e-03
1.560000000000000000e+02 1.455001732979758306e-03
1.565000000000000000e+02 1.396267808609469394e-03
1.570000000000000000e+02 1.294518296291571934e-03
1.575000000000000000e+02 1.457529945661253457e-03
1.580000000000000000e+02 1.230481049185042390e-03
1.585000000000000000e+02 1.166513288667499725e-03
1.590000000000000000e+02 1.143249650269467007e-03
1.595000000000000000e+02 1.352139289317540009e-03
1.600000000000000000e+02 1.353282454043951448e-03
1.605000000000000000e+02 1.307281030262223047e-03
1.610000000000000000e+02 1.217883837031603217e-03
1.615000000000000000e+02 1.299194596903314580e-03
1.620000000000000000e+02 1.259991296487651289e-03
1.625000000000000000e+02 1.136331527773722268e-03
1.630000000000000000e+02 8.103342373425348509e-04
1.635000000000000000e+02 1.053132409609512134e-03
1.640000000000000000e+02 6.530531405048975490e-04
1.645000000000000000e+02 9.506361008365679741e-04
1.650000000000000000e+02 7.571481496132569187e-04
1.655000000000000000e+02 8.308798736816297263e-04
1.660000000000000000e+02 9.414079010472391077e-04
1.665000000000000000e+02 8.577090452157600745e-04
1.670000000000000000e+02 9.605225816519511080e-04
1.675000000000000000e+02 9.177749817585438173e-04
1.680000000000000000e+02 1.135550672017792253e-03
1.685000000000000000e+02 1.040800115177143359e-03
1.690000000000000000e+02 9.413774725805093080e-04
1.695000000000000000e+02 8.938264571915808350e-04
1.700000000000000000e+02 6.760079385206196802e-04
1.705000000000000000e+02 8.975232082424532349e-04
1.710000000000000000e+02 6.182141657751437890e-04
1.715000000000000000e+02 7.585505432163720373e-04
1.720000000000000000e+02 6.056538247517161914e-04
1.725000000000000000e+02 7.898442690528231476e-04
1.730000000000000000e+02 6.091420011978084708e-04
1.735000000000000000e+02 7.964927851918820979e-04
1.740000000000000000e+02 6.894220029257776489e-04
1.745000000000000000e+02 6.808994971330625812e-04
1.750000000000000000e+02 5.843113922435483071e-04
1.755000000000000000e+02 3.752581240247576991e-04
1.760000000000000000e+02 3.411725616052557817e-04
1.765000000000000000e+02 2.136274350043532101e-04
1.770000000000000000e+02 7.068076365380842295e-04
1.775000000000000000e+02 7.051944950695612172e-04
1.780000000000000000e+02 7.418317632421595571e-04
1.785000000000000000e+02 7.698631593326092518e-04
1.790000000000000000e+02 1.034374817640744838e-03
1.795000000000000000e+02 7.320090190442034338e-04
1.800000000000000000e+02 7.636280646026596215e-04
1.805000000000000000e+02 8.580928914586835338e-04
1.810000000000000000e+02 9.893654484021460055e-04
1.815000000000000000e+02 9.891853464027403238e-04
1.820000000000000000e+02 1.048147141332000931e-03
1.825000000000000000e+02 1.021559178673143780e-03
1.830000000000000000e+02 1.058060347696879741e-03
1.835000000000000000e+02 1.097120477207401239e-03
1.840000000000000000e+02 9.677259819873294594e-04
1.845000000000000000e+02 1.126251316243396475e-03
1.850000000000000000e+02 1.164864079942012692e-03
1.855000000000000000e+02 1.308844922701371451e-03
1.860000000000000000e+02 1.045942986746066809e-03
1.865000000000000000e+02 1.208845339725277265e-03
1.870000000000000000e+02 1.181957222668468055e-03
1.875000000000000000e+02 1.670397043735349224e-03
1.880000000000000000e+02 1.717001599133854191e-03
1.885000000000000000e+02 1.640276880825233255e-03
1.890000000000000000e+02 1.495477116232366878e-03
1.895000000000000000e+02 1.566673713230634039e-03
1.900000000000000000e+02 1.500325900226966592e-03
1.905000000000000000e+02 1.694765923862545046e-03
1.910000000000000000e+02 1.910471136013621330e-03
1.915000000000000000e+02 1.880419167134172098e-03
1.920000000000000000e+02 1.959928337511478071e-03
1.925000000000000000e+02 1.954222445979436791e-03
1.930000000000000000e+02 2.057703823486452775e-03
1.935000000000000000e+02 1.843638439992246504e-03
1.940000000000000000e+02 1.934539822386419691e-03
1.945000000000000000e+02 1.872685291667082648e-03
1.950000000000000000e+02 1.746373880931178981e-03
1.955000000000000000e+02 1.944371907171175496e-03
1.960000000000000000e+02 1.863322089766012921e-03
1.965000000000000000e+02 2.085489676779868958e-03
1.970000000000000000e+02 1.968377090584591798e-03
1.975000000000000000e+02 1.744696217168945377e-03
1.980000000000000000e+02 1.633372724213219898e-03
1.985000000000000000e+02 1.469829210567281247e-03
1.990000000000000000e+02 1.307427616602057936e-03
1.995000000000000000e+02 1.019759361822653943e-03
2.000000000000000000e+02 8.487803094336101792e-04
2.005000000000000000e+02 8.966685855645640559e-04
2.010000000000000000e+02 7.550522320727198538e-04
2.015000000000000000e+02 5.957156916328474813e-04
2.020000000000000000e+02 6.005492941786820917e-04
2.025000000000000000e+02 8.764720089570429999e-04
2.030000000000000000e+02 8.838198170111196631e-04
2.035000000000000000e+02 6.842952161653129920e-04
2.040000000000000000e+02 7.488586831470903614e-04
2.045000000000000000e+02 5.739241811665870109e-04
2.050000000000000000e+02 6.342212156249662581e-04
2.055000000000000000e+02 7.993238842394099954e-04
2.060000000000000000e+02 6.724575663162907398e-04
2.065000000000000000e+02 7.868629857850094377e-04
2.070000000000000000e+02 6.859100020761730795e-04
2.075000000000000000e+02 8.654931486339303070e-04
2.080000000000000000e+02 7.765319122109535935e-04
2.085000000000000000e+02 6.890463549129408494e-04
2.090000000000000000e+02 5.866429254503366560e-04
2.095000000000000000e+02 6.278049300410078930e-04
2.100000000000000000e+02 6.927880887721661130e-04
2.105000000000000000e+02 6.601257878420730600e-04
2.110000000000000000e+02 9.624007058157681106e-04
2.115000000000000000e+02 6.761097982662983737e-04
2.120000000000000000e+02 7.214241273940617946e-04
2.125000000000000000e+02 5.944034202090385391e-04
2.130000000000000000e+02 5.376561645064111689e-04
2.135000000000000000e+02 7.651537558599338582e-04
2.140000000000000000e+02 6.828893553804182360e-04
2.145000000000000000e+02 7.250191590827602351e-04
2.150000000000000000e+02 8.495305643163903082e-04
2.155000000000000000e+02 6.526134975224604255e-04
2.160000000000000000e+02 7.378053092242180776e-04
2.165000000000000000e+02 7.756277027546184741e-04
2.170000000000000000e+02 6.995175739781801750e-04
2.175000000000000000e+02 7.290285523513041809e-04
2.180000000000000000e+02 9.282234959105433629e-04
2.185000000000000000e+02 7.192502612306478447e-04
2.190000000000000000e+02 9.810115903515377860e-04
2.195000000000000000e+02 8.833227978148622131e-04
2.200000000000000000e+02 9.818888482395504193e-04
